Hokin_Third_Time_Right_Hand
Dev2/ai0 Dev2/ai1
[-6.79008779331164e-05, 0.00034308639472324653, 0.7774829430458872, 0.01999680406900569, 0.01999680406900569, 0, 1693076225.6728342]
[-0.04655878150343076, 0.0002773284310995494, 0.8151180549073427, 0.03763511186145549, 0.017638307792449796, 0, 1693076225.719512]
[-0.16891791597784228, 0.00021157046747671964, 0.8662464155119389, 0.0511283606045963, 0.013493248743140816, 0, 1693076225.7694993]
[-0.23050025195192916, 0.00011293352204291008, 0.9219167292259111, 0.05567031371397214, 0.004541953109375835, 0, 1693076225.8215017]
[-0.243898437784298, 0.00014581250385302115, 0.9778712038785677, 0.05595447465265669, 0.00028416093868455504, 0, 1693076225.8715239]
[-0.26115990423164315, 0.00012937301294753124, 1.0334805556385422, 0.055609351759974425, -0.00034512289268226487, 0, 1693076225.9235327]
[-0.27168117903771005, 4.71755584166067e-05, 1.0877503061029832, 0.05426975046444086, -0.0013396012955335641, 0, 1693076225.9735336]
[-0.30169969129011764, 1.4296576603020638e-05, 1.1401582151524994, 0.052407909049516095, -0.0018618414149247622, 0, 1693076226.0225494]
[-0.3387378667144918, -2.1429143042067667e-06, 1.1885490085190928, 0.04839079336659336, -0.004017115682922731, 0, 1693076226.0690172]
[-0.3808887242623161, -1.8582405214039033e-05, 1.2302200402288734, 0.04167103170978051, -0.006719761656812855, 0, 1693076226.119037]
[-0.4530416548916804, -0.0001500983324718555, 1.2621431747310412, 0.03192313450216775, -0.009747897207612759, 0, 1693076226.1729982]
[-0.499894207232736, -0.0001829773142889124, 1.2789310527801057, 0.016787878049064557, -0.015135256453103192, 0, 1693076226.2230098]
[-0.5079002398527732, -0.00021585629610423318, 1.277900454047755, -0.0010305987323507085, -0.017818476781415266, 0, 1693076226.269523]
[-0.5044479465262584, -0.00019941680519873912, 1.2601577150752319, -0.01774273897252317, -0.016712140240172462, 0, 1693076226.3194954]
[-0.4992695065353817, -0.0001665378233790829, 1.2278874059415898, -0.03227030913364209, -0.014527570161118917, 0, 1693076226.3735173]
[-0.4969515381580969, -0.00024873527791955676, 1.1833494268542117, -0.044537979087378075, -0.012267669953735986, 0, 1693076226.4245288]
[-0.48624942883877786, -0.00031449324155453375, 1.128419054619337, -0.054930372234874916, -0.010392393147496841, 0, 1693076226.469493]
[-0.4565432667000713, -0.0003473722233715892, 1.0654798158781806, -0.0629392387411562, -0.008008866506281277, 0, 1693076226.5195346]
[-0.434744500229377, -0.00028161425973747823, 0.9980684805002975, -0.06741133537788307, -0.0044720966367268735, 0, 1693076226.574547]
[-0.4288427225798748, -0.00023229578701232796, 0.9285408485085869, -0.06952763199171066, -0.0021162966138275944, 0, 1693076226.622553]
[-0.41722000169427675, -0.00033093273246696114, 0.8576510636796351, -0.07088978482895184, -0.0013621528372411696, 0, 1693076226.6685658]
[-0.3940567573903522, -0.0003966906960993388, 0.7863277381958553, -0.07132332548377973, -0.00043354065482789113, 0, 1693076226.7195446]
[-0.37002222002551827, -0.0004624486597395158, 0.715992650138018, -0.07033508805783723, 0.0009882374259425092, 0, 1693076226.7698867]
[-0.34278198174750124, -0.0004295696779172603, 0.6477514746505686, -0.06824117548744944, 0.0020939125703877833, 0, 1693076226.8239064]
[-0.2949923785768324, -0.000429569677919861, 0.5825809522480462, -0.06517052240252243, 0.003070653084927019, 0, 1693076226.873923]
[-0.26791653539456356, -0.00036381171428315066, 0.5223463986981628, -0.06023455354988343, 0.004935968852639002, 0, 1693076226.9189358]
[-0.2613407386422224, -0.0003966906960993388, 0.4673349192616039, -0.05501147943655886, 0.005223074113324566, 0, 1693076226.9689586]
[-0.2689029049078937, -0.00036381171428141734, 0.41661757723653803, -0.050717342025065865, 0.004294137411492997, 0, 1693076227.0235183]
[-0.26813024878920044, -0.00031449324155626707, 0.3686363951989174, -0.04798118203762065, 0.002736159987445216, 0, 1693076227.0735295]
[-0.21567183036439114, 0.08411873083797018, 0.32243902614995357, -0.046197369048963835, 0.0017838129886568106, 0, 1693076227.119547]
[-0.12372575370965186, 0.22229264383676112, 0.281342528119057, -0.04109649803089653, 0.0051008710180673045, 0, 1693076227.1704907]
[-0.04581900439913568, 0.30490107654089305, 0.2515110209902077, -0.029831507128849293, 0.011264990902047238, 0, 1693076227.223502]
[-0.007087563503487636, 0.3093232990057905, 0.2368252019571554, -0.01468581903305232, 0.015145688095796972, 0, 1693076227.2735183]
[-6.790087793485112e-05, 0.3076300316692676, 0.2373743722728698, 0.0005491703157144024, 0.015234989348766723, 0, 1693076227.319503]
[-5.146138702762509e-05, 0.30312561175676306, 0.2519075982466975, 0.014533225973827698, 0.013984055658113295, 0, 1693076227.3695729]
[-8.434036884121115e-05, 0.2863244541759663, 0.2791335697641313, 0.027225971517433757, 0.012692745543606058, 0, 1693076227.4225912]
[-0.03233862174168981, 0.16888074199759784, 0.3178025855867488, 0.03866901582261753, 0.011443044305183774, 0, 1693076227.487609]
[-0.2005146189811061, 0.06682438686156869, 0.36338140861323626, 0.04557882302648747, 0.006909807203869936, 0, 1693076227.535622]
[-0.29758981830389053, 0.014990672756117845, 0.405871006530361, 0.042489597917124776, -0.003089225109362691, 0, 1693076227.5858898]
[-0.3324251017870624, -0.0006761620415759451, 0.44042624283362364, 0.03455523630326265, -0.007934361613862127, 0, 1693076227.6409104]
[-0.3307482736037762, -0.0016296525145278323, 0.4662496071190153, 0.025823364285391656, -0.008731872017870993, 0, 1693076227.690648]
[-0.34324228752358066, -0.001761168441855801, 0.48461726586455833, 0.018367658745543053, -0.007455705539848605, 0, 1693076227.73849]
[-0.34927558109139845, -0.0018433658964386965, 0.4958157424661565, 0.011198476601598149, -0.007169182143944904, 0, 1693076227.78549]
[-0.3418613701950392, -0.0019091238601074297, 0.5003563497894683, 0.00454060732331177, -0.006657869278286379, 0, 1693076227.8365104]
[-0.3305838786838637, -0.0019913213146946426, 0.4993548365802008, -0.0010015132092675173, -0.005542120532579287, 0, 1693076227.8905227]
[-0.32019411974937373, -0.0020077608056105296, 0.49396728979144156, -0.005387546788759228, -0.004386033579491711, 0, 1693076227.953496]
[-0.3202763172092572, -0.0020735187692818556, 0.48513376271740055, -0.00883352707404101, -0.003445980285281783, 0, 1693076228.0025172]
[-0.31830357817207716, -0.0020899582602003338, 0.4730928663975957, -0.012040896319804869, -0.0032073692457638583, 0, 1693076228.0535553]
[-0.31026466659911384, -0.002188595205710345, 0.45812912003046813, -0.014963746367127568, -0.0029228500473227, 0, 1693076228.1065729]
[-0.3027189397906821, -0.0021721557147918666, 0.4407792732708859, -0.01734984675958225, -0.0023861003924546824, 0, 1693076228.169489]
[-0.3058260037699741, -0.002188595205710345, 0.4214557287085498, -0.01932354456233608, -0.0019736978027538304, 0, 1693076228.2196107]
[-0.309081023177819, -0.002172155714790139, 0.3999456530080326, -0.021510075700517207, -0.0021865311381811295, 0, 1693076228.274465]
[-0.30756858991747926, -0.0021392767329531798, 0.3760214360217862, -0.023924216986246354, -0.002414141285729145, 0, 1693076228.3384116]
[-0.306598659891936, -0.0021885952057094813, 0.34968111723475725, -0.026340318787028992, -0.0024161018007826398, 0, 1693076228.38549]
[-0.30692744973109365, -0.0021721557147910036, 0.32085630812123206, -0.028824809113525175, -0.002484490326496182, 0, 1693076228.435918]
[-0.30825904857977815, -0.0021721557147927296, 0.28937961124108275, -0.03147669688014931, -0.002651887766624141, 0, 1693076228.4889627]
[-0.30390258321126085, -0.002221474187547304, 0.25501057057878795, -0.03436904066229477, -0.002892343782145458, 0, 1693076228.5399745]
[-0.2941539644877371, -0.002287232151222085, 0.217739593399642, -0.037270977179145966, -0.0029019365168511946, 0, 1693076228.5864987]
[-0.28652604023206074, -0.0023036716421405644, 0.177724934295876, -0.04001465910376599, -0.0027436819246200233, 0, 1693076228.63551]
[-0.28532595732172855, -0.0021557162238725223, 0.1349391358415514, -0.0427857984543246, -0.002771139350558607, 0, 1693076228.6871052]
[-0.27442657418465993, -0.0022379136784657833, 0.08902176485638225, -0.04591737098516915, -0.0031315725308445463, 0, 1693076228.7411215]
[-0.2517729543779795, -0.0022543531693859893, 0.03995685099047495, -0.0490649138659073, -0.0031475428807381522, 0, 1693076228.7905717]
[-0.21424159457985467, -0.0023201111330607704, -0.011954221702543101, -0.05191107269301805, -0.00284615882711075, 0, 1693076228.8354962]
[-0.16464364815491583, -0.002320111133062497, -0.06608736825941464, -0.05413314655687154, -0.002222073863853492, 0, 1693076228.8860006]
[-0.08507650944755393, 0.08250766077761712, -0.12170994393494834, -0.055622575675533706, -0.0014894291186621663, 0, 1693076228.941013]
[-0.011065920314708187, 0.21634154866352556, -0.17442711801581068, -0.05271717408086235, 0.002905401594671358, 0, 1693076229.0040112]
[-6.790087793398376e-05, 0.26084324620908284, -0.21815977676673826, -0.043732658750927564, 0.008984515329934785, 0, 1693076229.053029]
[-6.790087793485112e-05, 0.28372701492812186, -0.2524240594698819, -0.03426428270314362, 0.00946837604778394, 0, 1693076229.1040332]
[-8.434036884121115e-05, 0.2958757972029036, -0.2777253709754205, -0.025301311505538625, 0.008962971197604993, 0, 1693076229.171059]
[-6.790087793571986e-05, 0.30039665662200443, -0.2948028998142842, -0.017077528838863695, 0.008223782666674928, 0, 1693076229.235498]
[-0.00010077985974843856, 0.29618814749048833, -0.3045243095471125, -0.00972140973282829, 0.007356119106035406, 0, 1693076229.2854884]
[-5.146138702675773e-05, 0.29368934518914497, -0.30796196352581207, -0.003437653978699556, 0.006283755754128734, 0, 1693076229.340502]
[-0.00010077985975017328, 0.2906480397520089, -0.305909535409493, 0.0020524281163190414, 0.0054900820950185975, 0, 1693076229.4045153]
[-6.790087793485112e-05, 0.2874916578877979, -0.2990277738031364, 0.006881761606356631, 0.004829333490037589, 0, 1693076229.4525318]
[-0.00010077985975017468, 0.28372701492820207, -0.28784173660843865, 0.011186037194697764, 0.004304275588341134, 0, 1693076229.5030038]
[-0.000676162041567277, 0.2810473782318563, -0.27278530265221285, 0.015056433956225782, 0.003870396761528018, 0, 1693076229.5579095]
[-0.0019748818237787557, 0.27917327649103596, -0.2541479138794196, 0.01863738877279323, 0.0035809548165674472, 0, 1693076229.6219242]
[-0.0007090410233903998, 0.27534287555892706, -0.2321109186273645, 0.022036995252055113, 0.0033996064792618827, 0, 1693076229.685488]
[-2.1429143042067667e-06, 0.2717097484874616, -0.2068024800318462, 0.025308438595518297, 0.0032714433434631826, 0, 1693076229.7355075]
[-1.858240521230292e-05, 0.2723508885593791, -0.17827801873519084, 0.02852446129665538, 0.003216022701137081, 0, 1693076229.7905183]
[-0.0001500983324718555, 0.26761631571539823, -0.14636456420780847, 0.031913454527382375, 0.003388993230726995, 0, 1693076229.8545384]
[-5.1461387025888985e-05, 0.2552045014339263, -0.1110651636931385, 0.03529940051466997, 0.0033859459872875963, 0, 1693076229.9195683]
[-0.00011721935065826943, 0.2202212681806805, -0.07259666045432062, 0.03846850323881788, 0.003169102724147912, 0, 1693076229.974585]
[-0.011789257916934222, 0.14321869820973554, -0.031894096647094416, 0.0407025638072262, 0.0022340605684083156, 0, 1693076230.0386035]
[-0.04208723991268794, 0.07331798561869289, 0.008501668038299319, 0.040395764685393735, -0.00030679912183246357, 0, 1693076230.0855012]
[-0.11116598224539698, 0.037167545798095836, 0.046114658784333275, 0.037612990746033956, -0.00278277393935978, 0, 1693076230.13598]
[-0.1718112665025203, 0.009203971979820074, 0.07847043020938041, 0.03235577142504714, -0.005257219320986817, 0, 1693076230.1899996]
[-0.22928372955862747, 6.361504932209661e-05, 0.10369562685665987, 0.02522519664727945, -0.007130574777767691, 0, 1693076230.2544937]
[-0.25077014537466497, -0.0004953276415557053, 0.12055899113294985, 0.016863364276289976, -0.008361832370989473, 0, 1693076230.3024745]
[-0.25271000541329625, -0.000676162041567277, 0.12938737769096126, 0.008828386558011422, -0.008034977718278553, 0, 1693076230.352499]
[-0.24942210704298992, -0.000676162041567277, 0.13106852614042602, 0.0016811484494647626, -0.00714723810854666, 0, 1693076230.4075139]
[-0.24807406871160254, -0.0008569964415927167, 0.126475489805367, -0.004593036335059029, -0.006274184784523792, 0, 1693076230.47149]
[-0.250211202651727, -0.0009556333870603493, 0.11621270545457534, -0.01026278435079166, -0.005669748015732632, 0, 1693076230.5196157]
[-0.2450820811965529, -0.0009720728779727767, 0.10058615447655044, -0.015626550978024904, -0.005363766627233244, 0, 1693076230.5696366]
[-0.22377649980797884, -0.0010378308416216203, 0.08005224351336981, -0.02053391096318062, -0.004907359985155719, 0, 1693076230.6246545]
[-0.19413609619019326, -0.0010213913507100588, 0.05552825291554962, -0.024523990597820188, -0.003990079634639568, 0, 1693076230.6886795]
[-0.17117012632803474, -0.0010378308416216203, 0.028023575272438154, -0.02750467764311147, -0.0029806870452912817, 0, 1693076230.7530577]
[-0.14713558961827186, -0.0010871493143614977, -0.001909580744372523, -0.029933156016810677, -0.0024284783736992083, 0, 1693076230.8024895]
[-0.10388328755201852, 0.06680794736333753, -0.033842170349142046, -0.03193258960476952, -0.001999433587958848, 0, 1693076230.857503]
[-0.0381417620465158, 0.2144838863509011, -0.06455071330313178, -0.030708542953989733, 0.0012240466507797891, 0, 1693076230.9217334]
[-0.004046257680075273, 0.277332053725775, -0.08735352553769729, -0.02280281223456552, 0.007905730719424214, 0, 1693076230.986489]
[-0.0003802512051955781, 0.28339822514967455, -0.10005508104066725, -0.012701555502969964, 0.010101256731595554, 0, 1693076231.0354996]
[-0.00011721935065740069, 0.27042746834257464, -0.10353453264032145, -0.003479451599654194, 0.00922210390331577, 0, 1693076231.0895145]
[-6.790087793398376e-05, 0.2501411387639016, -0.09925735125477629, 0.004277181385545151, 0.007756632985199345, 0, 1693076231.154535]
[-0.0001007798597475712, 0.2286711657427481, -0.08869523290470556, 0.010562118350070735, 0.006284936964525584, 0, 1693076231.219552]
[-3.502189612039769e-05, 0.22827661799755194, -0.07309599350625601, 0.015599239398449552, 0.005037121048378817, 0, 1693076231.2695708]
[-3.502189611953033e-05, 0.22681350344153187, -0.05268567951540162, 0.020410313990854384, 0.00481107459240483, 0, 1693076231.3245878]
[-0.00011721935065653333, 0.21195220496979666, -0.02761733784474721, 0.025068341670654415, 0.004658027679800029, 0, 1693076231.3885858]
[-0.0034873149911375024, 0.13927322059642516, 0.001590071889883131, 0.02920740973463034, 0.004139068063975924, 0, 1693076231.4355965]
[-0.09533475204047631, 0.04084999171171986, 0.03251494082106174, 0.030924868931178608, 0.0017174591965482674, 0, 1693076231.485492]
[-0.17580606297187681, 0.004452959117833238, 0.05923051614792925, 0.026715575326867507, -0.0042092936043111005, 0, 1693076231.540488]
[-0.24001871771268926, -0.0017611684418566641, 0.07868912713052312, 0.01945861098259386, -0.007256964344273644, 0, 1693076231.6035094]
[-0.27375255501677165, -0.0019420028419409332, 0.08955245585432217, 0.01086332872379906, -0.0085952822587948, 0, 1693076231.6697664]
[-0.27450877164420595, -0.0021721557147918653, 0.09161534991145494, 0.002062894057132761, -0.0088004346666663, 0, 1693076231.736589]
