Hokin_Third_Time_Right_Hand
Dev2/ai0 Dev2/ai1
[-0.3829929792434661, -0.0040626971709877505, -1.0485750152307711, -0.019708945880324135, -0.019708945880324135, 0, 1693076254.8376727]
[-0.39188674443992466, -0.004079136661914849, -1.0869166999221223, -0.038341684691351116, -0.018632738811026985, 0, 1693076254.8870654]
[-0.39570070659525824, -0.004095576152845384, -1.1418486834279493, -0.05493198350582712, -0.016590298814476, 0, 1693076254.9370728]
[-0.3934156172004142, -0.004095576152842807, -1.211455758633022, -0.0696070752050726, -0.014675091699245482, 0, 1693076254.9871838]
[-0.3911634067898251, -0.004144894625630118, -1.2939218504070242, -0.08246609177400237, -0.012859016568929769, 0, 1693076255.0372317]
[-0.39558563015090753, 0.005603723479124118, -1.3873875102762963, -0.09346565986927208, -0.010999568095269715, 0, 1693076255.0922303]
[-0.4057452362391114, 0.010634207684166924, -1.4896151420485735, -0.10222763177227731, -0.008761971903005228, 0, 1693076255.142136]
[-0.42563702162829653, 0.006162666169709797, -1.597691079956842, -0.10807593790826843, -0.005848306135991125, 0, 1693076255.1870134]
