Hokin_Third_Time_Right_Hand
Dev2/ai0 Dev2/ai1
[-0.0006432830597458888, 0.4056915790865969, -0.5721963594295416, -0.018554275998240347, -0.018554275998240347, 0, 1693076278.4719663]
[-0.0003966906961028055, 0.4047874072589056, -0.5808684307449913, -0.008672071315449684, 0.009882204682790663, 0, 1693076278.5214293]
[-0.00011721935065566597, 0.40531347086779534, -0.5807562277305768, 0.00011220301441453549, 0.00878427432986422, 0, 1693076278.571868]
[-0.0001500983324718555, 0.4087986422721527, -0.5727042688936032, 0.008051958836973665, 0.00793975582255913, 0, 1693076278.6215246]
[-0.00013365884156723017, 0.4122673741816194, -0.5572513515320998, 0.015452917361503293, 0.007400958524529626, 0, 1693076278.6715057]
[-8.434036884121115e-05, 0.4176759656270824, -0.5348327969361324, 0.022418554595967387, 0.006965637234464095, 0, 1693076278.726905]
[-6.79008779331164e-05, 0.4198130990199602, -0.5056832151038058, 0.02914958183232668, 0.0067310272363592955, 0, 1693076278.775927]
[-3.502189611866158e-05, 0.42065151288869435, -0.4701462666292636, 0.03553694847454211, 0.006387366642215432, 0, 1693076278.8212833]
[-8.434036884121115e-05, 0.4201090097971921, -0.4285438349734558, 0.04160243165580783, 0.006065483181265713, 0, 1693076278.8712995]
[-5.146138702675635e-05, 0.41598269839835905, -0.38117389828083503, 0.04736993669262075, 0.00576750503681292, 0, 1693076278.927312]
[-0.007514990268493997, 0.40649711398689253, -0.32840711440221704, 0.05276678387861801, 0.0053968471859972625, 0, 1693076278.9764905]
[-0.09742256745532654, 0.2997226375156756, -0.2708924300629096, 0.05751468433930747, 0.004747900460689457, 0, 1693076279.0215108]
[-0.27477180351834607, 0.07755937414999572, -0.2153878614208877, 0.05550456864202189, -0.0020101156972855733, 0, 1693076279.0718906]
[-0.3496043709317379, -0.00018297731485740905, -0.17501629061315138, 0.04037157080773632, -0.01513299783428557, 0, 1693076279.1228735]
[-0.3697591881529527, -0.0020406397874466256, -0.15291190348767794, 0.022104387125473444, -0.018267183682262874, 0, 1693076279.1758838]
[-0.36522188835241154, -0.002089958260198606, -0.14743520930991597, 0.005476694177761966, -0.016627692947711478, 0, 1693076279.225895]
[-0.35290870882684605, -0.002155716223872524, -0.15672608477335045, -0.009290875463434479, -0.014767569641196444, 0, 1693076279.2718995]
[-0.3515935494655038, -0.0020735187692835833, -0.17908455027859008, -0.022358465505239615, -0.013067590041805136, 0, 1693076279.3218932]
[-0.33495678355445563, -0.001991321314692052, -0.2134665211775958, -0.03438197089900571, -0.012023505393766091, 0, 1693076279.3769045]
[-0.3113167940849204, -0.0018762448782722, -0.25870318220727223, -0.04523666102967644, -0.01085469013067073, 0, 1693076279.4259098]
[-0.2918853146007464, -0.001678970987274632, -0.31377295321578824, -0.05506977100851603, -0.00983310997883959, 0, 1693076279.471919]
[-0.2665191785843933, -0.0015145760781200765, -0.37806848767412166, -0.06429553445833341, -0.009225763449817377, 0, 1693076279.52193]
[-0.2272781115593264, -0.00149813658720592, -0.4511310985668266, -0.07306261089270495, -0.00876707643437154, 0, 1693076279.5769432]
[-0.20610404616343833, -0.0014488181144617183, -0.5325502570601929, -0.08141915849336633, -0.008356547600661372, 0, 1693076279.6269543]
[-0.1493713604724995, 0.0024802202014104825, -0.6224852327306308, -0.08993497567043791, -0.008515817177071594, 0, 1693076279.670964]
[-0.0414132207796495, 0.21514146588460803, -0.7208865410271265, -0.09840130829649564, -0.008466332626057721, 0, 1693076279.7209756]
[-8.43403688446806e-05, 0.3700836481827974, -0.8145167906811563, -0.09363024965402986, 0.004771058642465786, 0, 1693076279.7759883]
[-6.79008779348525e-05, 0.4040311908207207, -0.8943439667168696, -0.07982717603571318, 0.013803073618316682, 0, 1693076279.8260007]
[-3.502189611953033e-05, 0.4025680764070286, -0.9596279509994645, -0.06528398428259496, 0.01454319175311821, 0, 1693076279.8760126]
[-8.434036884294587e-05, 0.39679781617792476, -1.0119538372159573, -0.05232588621649277, 0.012958098066102193, 0, 1693076279.9210253]
[-0.0001007798597475712, 0.3915371800538686, -1.0530022175395555, -0.04104838032359815, 0.011277505892894621, 0, 1693076279.9730418]
[-3.502189612126644e-05, 0.38497782436307826, -1.0842308811003645, -0.031228663560809007, 0.009819716762789144, 0, 1693076280.0270538]
[-6.79008779331164e-05, 0.37983226461751335, -1.1070574781288487, -0.022826597028484295, 0.008402066532324712, 0, 1693076280.0765884]
[-3.502189611953033e-05, 0.37741565987530173, -1.1226628800706624, -0.015605401941813693, 0.007221195086670603, 0, 1693076280.121498]
[-6.79008779331164e-05, 0.3758210295332668, -1.1319131027424127, -0.009250222671750245, 0.006355179270063448, 0, 1693076280.1748881]
[-6.790087793398376e-05, 0.3769060357455278, -1.1355398578336913, -0.0036267550912785582, 0.005623467580471686, 0, 1693076280.225904]
[-5.146138702762509e-05, 0.37723482550664833, -1.1340061240585628, 0.0015337337751285185, 0.005160488866407077, 0, 1693076280.289751]
[-6.79008779331164e-05, 0.379733627689298, -1.1278072211622585, 0.006198902896304252, 0.004665169121175734, 0, 1693076280.3386145]
[-0.00010077985974843856, 0.38073643645892374, -1.1172313501518827, 0.010575871010375913, 0.00437696811407166, 0, 1693076280.3895087]
[-0.00013365884156376072, 0.3840572130357271, -1.1026713090642564, 0.014560041087626405, 0.003984170077250492, 0, 1693076280.4435217]
[-6.790087793571986e-05, 0.3862436649370083, -1.0843078977127578, 0.01836341135149851, 0.0038033702638721047, 0, 1693076280.492532]
[-3.502189611952894e-05, 0.3867532890639104, -1.0624023508924305, 0.021905546820327207, 0.0035421354688286947, 0, 1693076280.5378885]
[-8.434036884121115e-05, 0.39050149231495146, -1.037321446798597, 0.025080904093833675, 0.0031753572735064677, 0, 1693076280.5879045]
[-5.1461387025888985e-05, 0.3991815419155847, -1.0091422096468408, 0.028179237151756093, 0.0030983330579224186, 0, 1693076280.6436281]
[-6.790087793398376e-05, 0.4043764200643559, -0.9775611156625998, 0.031581093984240964, 0.0034018568324848683, 0, 1693076280.6936398]
[-0.00013365884156549686, 0.4052477129166854, -0.9425657679457251, 0.03499534771687479, 0.003414253732633824, 0, 1693076280.7551556]
[-8.434036884121115e-05, 0.40292974513864016, -0.9044482047358089, 0.038117563209916244, 0.003122215493041454, 0, 1693076280.8044941]
[-6.79008779331164e-05, 0.40177898099230325, -0.8636696420665682, 0.04077856266924073, 0.002660999459324487, 0, 1693076280.8604977]
[-8.434036884207851e-05, 0.39812941469416147, -0.8205202825641313, 0.04314935950243685, 0.0023707968331961207, 0, 1693076280.924484]
[-3.502189611952894e-05, 0.39265506523161325, -0.7753836058176328, 0.045136676746498565, 0.0019873172440617146, 0, 1693076280.97162]
[-8.434036884121115e-05, 0.384353123819632, -0.7286653159257478, 0.046718289891884986, 0.001581613145386423, 0, 1693076281.0220325]
[1.429657660128314e-05, 0.37649504854400173, -0.6808423137457229, 0.04782300218002487, 0.0011047122881398855, 0, 1693076281.0760458]
[-5.1461387025888985e-05, 0.3611076876459204, -0.6322365577586337, 0.048605755987089216, 0.0007827538070643413, 0, 1693076281.1410654]
[-2.1429143050755163e-06, 0.33817460143593453, -0.5835104706643103, 0.04872608709432346, 0.00012033110723424217, 0, 1693076281.188379]
[-5.146138702675635e-05, 0.32472709984853537, -0.5355933435154322, 0.04791712714887806, -0.0008089599454454039, 0, 1693076281.2386541]
[-3.502189612039769e-05, 0.31341673168640216, -0.4886759128946439, 0.04691743062078827, -0.0009996965280897917, 0, 1693076281.2929053]
[-3.502189611952894e-05, 0.313268776288566, -0.4427410166336766, 0.04593489626096732, -0.00098253435982095, 0, 1693076281.35753]
[-6.79008779331164e-05, 0.31418938765336124, -0.397134675045753, 0.045606341587923614, -0.00032855467304370453, 0, 1693076281.4219084]
[-8.434036884034379e-05, 0.3134002921978835, -0.35119384416845845, 0.045940830877294565, 0.0003344892893709516, 0, 1693076281.471998]
[-8.434036884121115e-05, 0.31649091606310364, -0.30438035458289103, 0.046813489585567435, 0.0008726587082728702, 0, 1693076281.5410223]
[-0.0001500983324718555, 0.3193185081055593, -0.2559945254182971, 0.048385829164593955, 0.0015723395790265217, 0, 1693076281.6060486]
[-5.146138702849245e-05, 0.3220967816777217, -0.20539109108687958, 0.05060343433141751, 0.002217605166823553, 0, 1693076281.6544955]
[-6.79008779331164e-05, 0.32500657115404513, -0.1519502972406017, 0.053440793846277895, 0.0028373595148603863, 0, 1693076281.7046764]
[-0.00013365884156549545, 0.32434899161176917, -0.0950676726956177, 0.056882624544983995, 0.0034418306987060985, 0, 1693076281.7593317]
[-6.79008779331164e-05, 0.3220803421891153, -0.03428602116276396, 0.06078165153285373, 0.0038990269878697347, 0, 1693076281.82434]
[-6.790087793398376e-05, 0.31502780157432125, 0.03082261619432932, 0.06510863735709328, 0.004326985824239546, 0, 1693076281.8720179]
[-3.502189611952894e-05, 0.2629803797913087, 0.10056482581420931, 0.06974220961987998, 0.0046335722627867, 0, 1693076281.9219387]
[-0.00748211128737403, 0.16805876749438928, 0.1739813515749321, 0.07341652576072279, 0.003674316140842805, 0, 1693076281.9764993]
[-0.04644370506081039, 0.07402488371053675, 0.24910410081783924, 0.07512274924290713, 0.0017062234821843384, 0, 1693076282.0405846]
[-0.04890962873250497, 0.08064999836707357, 0.3233318190746986, 0.07422771825685938, -0.0008950309860477523, 0, 1693076282.0884905]
[-0.03516621415786721, 0.08308304295126484, 0.39840504943863686, 0.07507323036393826, 0.0008455121070788862, 0, 1693076282.1378999]
[-6.790087793398376e-05, 0.11824711272934825, 0.47654143869705196, 0.07813638925841511, 0.003063158894476847, 0, 1693076282.192908]
[-3.502189611952894e-05, 0.17110007313251885, 0.5614206020648165, 0.08487916336776452, 0.006742774109349406, 0, 1693076282.2583697]
[-0.22265861437306733, 0.13393038632812143, 0.6546092751893267, 0.09318867312451012, 0.008309509756745602, 0, 1693076282.321415]
[-0.30040097142600464, 0.043151520405736714, 0.74302381186728, 0.08841453667795332, -0.004774136446556797, 0, 1693076282.3718967]
[-0.35083733283306107, 0.00019513097657296584, 0.8224353032220811, 0.07941149135480116, -0.009003045323152159, 0, 1693076282.4259083]
[-0.3973282163082443, -0.00036381171428141593, 0.8907942217640508, 0.06835891854196957, -0.011052572812831594, 0, 1693076282.490501]
[-0.41952153058239744, -0.0005446461142851883, 0.9462221791315065, 0.05542795736745579, -0.012930961174513783, 0, 1693076282.5384967]
[-0.44396705527502067, -0.0005939645870155386, 0.9884501638845702, 0.042227984753063684, -0.013199972614392106, 0, 1693076282.5887165]
[-0.4774214216091264, -0.0004953276415557053, 1.0169356698125096, 0.02848550592793933, -0.013742478825124353, 0, 1693076282.6427186]
[-0.4985297293937263, -0.00038025120518951074, 1.0304497238412196, 0.013514054028709909, -0.014971451899229422, 0, 1693076282.7067327]
[-0.4948637226691523, -0.0003144932415553997, 1.028824191921967, -0.0016255319192527064, -0.015139585947962615, 0, 1693076282.7719042]
[-0.4881070914398796, -0.00013365884156549406, 1.0138607946111537, -0.014963397310813262, -0.013337865391560556, 0, 1693076282.8394918]
[-0.47853930706853437, -0.00010077985975017468, 0.9874849499188657, -0.026375844692288042, -0.011412447381474781, 0, 1693076282.907511]
[-0.4622148914597256, -8.434036884034379e-05, 0.9516720125437687, -0.035812937375097074, -0.009437092682809034, 0, 1693076282.958398]
[-0.4273302893103962, -6.79008779348525e-05, 0.9086811953522607, -0.042990817191508025, -0.007177879816410951, 0, 1693076283.0214245]
[-0.39650624170572496, -6.790087793571708e-05, 0.8617913623320743, -0.046889833020186386, -0.0038990158286783642, 0, 1693076283.07621]
[-0.3822038836254066, -3.502189611866158e-05, 0.8135019361929676, -0.04828942613910668, -0.0013995931189202974, 0, 1693076283.1412373]
[-0.3825326734662511, -3.502189612039769e-05, 0.7647852020517634, -0.04871673414120425, -0.0004273080020975658, 0, 1693076283.1887424]
[-0.3763678639512045, 6.361504932122785e-05, 0.7154591708675453, -0.04932603118421811, -0.0006092970430138645, 0, 1693076283.238744]
[-0.3703510098661347, 6.361504932122785e-05, 0.6657212154681398, -0.04973795539940554, -0.000411924215187421, 0, 1693076283.29276]
[-0.36040511718853335, 9.649403113481391e-05, 0.6156675861925102, -0.050053629275629584, -0.0003156738762240502, 0, 1693076283.3569026]
[-0.3439163066959103, 8.0054540229324e-05, 0.5655471304253542, -0.05012045576715595, -6.682649152636941e-05, 0, 1693076283.4215047]
[-0.3343649618425293, 9.649403113481391e-05, 0.5158740915700495, -0.049673038855304746, 0.00044741691185120545, 0, 1693076283.4720888]
[-0.33433208285852806, 4.71755584166067e-05, 0.46663091637543513, -0.04924317519461433, 0.0004298636606904142, 0, 1693076283.527101]
[-0.3292687193245876, 0.00012937301294926873, 0.4172299534074895, -0.049400962967945675, -0.00015778777333134032, 0, 1693076283.5907614]
[-0.3139142338155814, 8.0054540229324e-05, 0.36736768323225194, -0.04986227017523752, -0.000461307207291843, 0, 1693076283.6550765]
[-0.3046752393330985, 0.00016225199476111729, 0.3172174148707408, -0.05015026836151117, -0.00028799818627365083, 0, 1693076283.7050788]
[-0.30248878690340675, 0.00016225199476111729, 0.26656002210015917, -0.050657392770581615, -0.000507124409070442, 0, 1693076283.7740674]
[-0.2824983647117107, 9.649403113655141e-05, 0.21481393650161035, -0.05174608559854881, -0.001088692827967195, 0, 1693076283.839771]
[-0.2701851852754105, 0.00014581250385475863, 0.16216878404626986, -0.052645152455340495, -0.0008990668567916829, 0, 1693076283.888762]
[-0.26308332478107066, 0.0001786914856683447, 0.10837182786536981, -0.05379695618090005, -0.001151803725559555, 0, 1693076283.9383402]
[-0.25790488484143836, 0.00022800995838568317, 0.05291047098340981, -0.055461356881959994, -0.0016644007010599455, 0, 1693076283.9924917]
[-0.14516285063982065, 0.059771845410028446, -0.004814334425823755, -0.05772480540923357, -0.0022634485272735754, 0, 1693076284.058507]
[-0.001120028296316139, 0.2155853321412422, -0.05975593661987007, -0.05494160219404631, 0.0027832032151872558, 0, 1693076284.1225321]
[-0.00011721935065826667, 0.30948769389146813, -0.1030787824015055, -0.043322845781635436, 0.011618756412410877, 0, 1693076284.190552]
[-1.8582405211434173e-05, 0.3599898024468106, -0.1331651220894416, -0.0300863396879361, 0.013236506093699333, 0, 1693076284.2565088]
[-0.00010077985974930592, 0.36822598602780265, -0.1498079023439535, -0.016642780254511914, 0.013443559433424188, 0, 1693076284.3075247]
[-3.502189611866158e-05, 0.3668943874875504, -0.1542419939231161, -0.004434091579162596, 0.012208688675349319, 0, 1693076284.3729053]
[-0.00010077985974930592, 0.36286671288429706, -0.14779623039474918, 0.006445763528366916, 0.010879855107529512, 0, 1693076284.4255438]
[-0.00011721935065826943, 0.3567841022408467, -0.1316389591501615, 0.01615727124458769, 0.009711507716220775, 0, 1693076284.4905572]
