Hokin_Third_Time_Right_Hand
Dev2/ai0 Dev2/ai1
[-8.434036884121115e-05, 0.2316302738294876, 0.5723144169570339, 0.017606284447310938, 0.017606284447310938, 0, 1693076307.6598082]
[-6.79008779331164e-05, 0.25298517039521506, 0.605778850670171, 0.03346443371313709, 0.01585814926582615, 0, 1693076307.7064896]
[-0.0001007798597475712, 0.2545469218673418, 0.6541778818379214, 0.0483990311677503, 0.014934597454613209, 0, 1693076307.7564683]
[-5.1461387025888985e-05, 0.23606893595147058, 0.7166241657980955, 0.062446283960174126, 0.014047252792423826, 0, 1693076307.8064818]
[-0.0001007798597475712, 0.16473799054350416, 0.7923349145935629, 0.0757107487954674, 0.013264464835293269, 0, 1693076307.85642]
[-0.12796714251922023, 0.04928345041725173, 0.8806785160076547, 0.08834360141409175, 0.012632852618624367, 0, 1693076307.9111772]
[-0.26630546519189363, -0.0003473722234452928, 0.9727634393943878, 0.0920849233867331, 0.003741321972641342, 0, 1693076307.9611928]
[-0.33799808957470645, -0.002517385024098061, 1.0592133314164227, 0.08644989202203482, -0.005635031364698282, 0, 1693076308.0062044]
[-0.3937444070414732, -0.0026489009514631553, 1.1353895156364604, 0.07617618422003762, -0.010273707801997196, 0, 1693076308.0564888]
[-0.440662717370987, -0.0026653404423850864, 1.1977706073617476, 0.06238109172528725, -0.013795092494750373, 0, 1693076308.1075027]
[-0.45887767457225015, -0.002763977387911494, 1.243540415033746, 0.04576980767199838, -0.01661128405328886, 0, 1693076308.1604905]
[-0.4463014631474985, -0.0027146589151474275, 1.272433742114269, 0.028893327080523088, -0.016876480591475295, 0, 1693076308.210502]
[-0.4281193849292529, -0.002665340442384223, 1.2869227484518586, 0.01448900633758964, -0.014404320742933447, 0, 1693076308.2558074]
[-0.40913177160240133, -0.002632461460541226, 1.2898687381579996, 0.002945989706140911, -0.01154301663144873, 0, 1693076308.3058255]
[-0.4032135544628336, -0.002599582478700814, 1.2840378992635049, -0.005830838894494733, -0.008776828600635644, 0, 1693076308.3608413]
[-0.3963582862772633, -0.002533824515018267, 1.270870199177647, -0.013167700085857773, -0.00733686119136304, 0, 1693076308.4108558]
[-0.3865932280010068, -0.002517385024097199, 1.2517980281775467, -0.019072171000100367, -0.005904470914242593, 0, 1693076308.455873]
[-0.37469103576338875, -0.002484506042257649, 1.2283872103874796, -0.02341081779006722, -0.004338646789966854, 0, 1693076308.5058122]
[-0.37942560947046144, -0.002517385024097199, 1.202228044373292, -0.026159166014187538, -0.002748348224120316, 0, 1693076308.5572264]
[-0.3856068584783431, -0.00253382451501913, 1.1733492669720966, -0.02887877740119539, -0.0027196113870078535, 0, 1693076308.611228]
[-0.38831937466575905, -0.0024516270604189637, 1.1416645551581244, -0.031684711813972324, -0.0028059344127769306, 0, 1693076308.6604903]
[-0.38337108756041166, -0.0024516270604172385, 1.1073815808996479, -0.03428297425847655, -0.0025982624445042325, 0, 1693076308.70649]
[-0.3813490300392335, -0.0024516270604172385, 1.0712814748230681, -0.03610010607657983, -0.0018171318181032803, 0, 1693076308.755816]
[-0.38787550838052276, -0.0024516270604181016, 1.0338011281114947, -0.03748034671157339, -0.001380240634993554, 0, 1693076308.8108342]
[-0.3847684443840923, -0.0024351875694970325, 0.9946481922644245, -0.03915293584707024, -0.001672589135496853, 0, 1693076308.8612437]
[-0.3751513415404349, -0.0024187480785794165, 0.9542636247975124, -0.04038456746691207, -0.0012316316198418282, 0, 1693076308.90649]
[-0.36288748048441155, -0.002336550623980113, 0.9134710517855973, -0.040792573011915106, -0.0004080055450030409, 0, 1693076308.9564922]
[-0.3597146585234764, -0.0023036716421405644, 0.8731302443747101, -0.04034080741088721, 0.0004517656010278961, 0, 1693076309.0074666]
[-0.3580542698291231, -0.002352990114900319, 0.8333076494828328, -0.039822594891877325, 0.0005182125190098895, 0, 1693076309.0604794]
[-0.35558834602592065, -0.002352990114900319, 0.7939172931894137, -0.03939035629341898, 0.00043223859845834797, 0, 1693076309.1104913]
[-0.34861800141086474, -0.0023201111330616335, 0.7548991379652366, -0.03901815522417719, 0.00037220106924179167, 0, 1693076309.1559484]
[-0.34868375937891555, -0.0022872321512246744, 0.7164533887380324, -0.03844574922720408, 0.000572405996973107, 0, 1693076309.2061007]
[-0.3539772758080241, -0.002303671642142291, 0.6782693041950815, -0.038184084542951004, 0.00026166468425307813, 0, 1693076309.2611167]
[-0.35784055643283474, -0.0023036716421440187, 0.63972097580882, -0.03854832838626145, -0.0003642438433104462, 0, 1693076309.3101306]
[-0.3526292374625563, -0.0023201111330607704, 0.6003187171409282, -0.039402258667891835, -0.0008539302816303848, 0, 1693076309.3571467]
[-0.34687541525758586, -0.002270792660304469, 0.5601313801375838, -0.04018733700334442, -0.0007850783354525835, 0, 1693076309.4063227]
[-0.3460370011650351, -0.0023365506239809764, 0.5192022961716818, -0.04092908396590203, -0.0007417469625576132, 0, 1693076309.4572647]
[-0.34523146605655725, -0.002254353169385126, 0.4772508319990998, -0.04195146417258197, -0.0010223802066799384, 0, 1693076309.5092764]
[-0.34413002009199756, -0.0022872321512229484, 0.433983713302877, -0.04326711869622279, -0.0013156545236408148, 0, 1693076309.5602908]
[-0.3345622357465089, -0.0022543531693833994, 0.3891135917229722, -0.04487012157990479, -0.0016030028836819998, 0, 1693076309.606307]
[-0.32630961076669573, -0.002352990114900319, 0.34275687335777855, -0.04635671836519368, -0.0014865967852888925, 0, 1693076309.656325]
[-0.32297239389394994, -0.002221474187547305, 0.2948821945915032, -0.04787467876627531, -0.0015179604010816343, 0, 1693076309.7113388]
[-0.318418654615901, -0.0023036716421440187, 0.24515886279482169, -0.04972333179668154, -0.001848653030406231, 0, 1693076309.760349]
[-0.3062205515769811, -0.0022543531693859893, 0.19328957047974854, -0.05186929231507316, -0.002145960518391618, 0, 1693076309.8064158]
[-0.28685483007060586, -0.002237913678468374, 0.13925631618144216, -0.05403325429830638, -0.0021639619832332243, 0, 1693076309.856136]
[-0.24684110682448193, -0.0023694296058179355, 0.08322732979305072, -0.05602898638839144, -0.0019957320900850597, 0, 1693076309.9071553]
[-0.12278870269856527, -0.002270792660304469, 0.025998035504395937, -0.05722929428865479, -0.0012003079002633468, 0, 1693076309.9611707]
[-0.025532672398786694, -0.00233655062397925, -0.028998075563915128, -0.054996111068311065, 0.002233183220343724, 0, 1693076310.009097]
[-1.8582405211434173e-05, -0.0022707926603036054, -0.08005984301168773, -0.051061767447772605, 0.00393434362053846, 0, 1693076310.0561852]
[-0.00010077985974930592, 0.051075354882271974, -0.1281709135340105, -0.04811107052232279, 0.00295069692544982, 0, 1693076310.1064978]
[-6.79008779348525e-05, 0.14959722033193995, -0.17305507433476525, -0.04488416080075473, 0.0032269097215680527, 0, 1693076310.1605127]
[-0.00011721935065653333, 0.22589289203402227, -0.2121498491953565, -0.03909477486059127, 0.005789385940163465, 0, 1693076310.225289]
[-0.00011721935065566597, 0.2492698458361251, -0.24362704336160218, -0.03147719416624568, 0.007617580694345591, 0, 1693076310.2899563]
[-0.0001336588415646267, 0.2502562151888049, -0.2677934534752059, -0.024166410113603702, 0.007310784052641974, 0, 1693076310.339977]
[-5.146138702675635e-05, 0.2518015271736781, -0.28574583873122905, -0.017952385256023135, 0.006214024857580567, 0, 1693076310.4079921]
[-8.434036884294727e-05, 0.2449462601676562, -0.2983341042422621, -0.012588265511033047, 0.005364119744990088, 0, 1693076310.460003]
[-8.434036884034379e-05, 0.2382389485417792, -0.306619532339836, -0.008285428097573946, 0.0043028374134591015, 0, 1693076310.506282]
[-5.146138702762509e-05, 0.23057814651039585, -0.3114823068295035, -0.004862774489667484, 0.003422653607906462, 0, 1693076310.5564892]
[1.429657660215189e-05, 0.22184877763697783, -0.3137033138340364, -0.0022210070045328508, 0.002641767485134633, 0, 1693076310.6105008]
[-0.00010077985974930592, 0.21607851683600893, -0.31399158721585785, -0.00028827338182148407, 0.0019327336227113667, 0, 1693076310.660513]
[-8.434036884294727e-05, 0.2054257276229213, -0.31281660603339073, 0.0011749811824671125, 0.0014632545642885965, 0, 1693076310.7094061]
[-8.434036884121115e-05, 0.18924926982710782, -0.31080004871447614, 0.0020165573189145714, 0.0008415761364474589, 0, 1693076310.7724216]
[-6.79008779348525e-05, 0.17353311762538173, -0.3087420586376384, 0.0020579900768377835, 4.1432757923212194e-05, 0, 1693076310.8444402]
[-0.00010077985974843856, 0.13108635454114123, -0.30733752734957265, 0.0014045312880656994, -0.0006534587887720841, 0, 1693076310.9094565]
[-5.146138702762509e-05, 0.047655940845319496, -0.30846379219705655, -0.001126264847483917, -0.0025307961355496163, 0, 1693076310.9564915]
[-6.79008779348525e-05, -0.0002158562961059679, -0.31576577044437754, -0.007301978247321006, -0.006175713399837089, 0, 1693076311.0065014]
[-0.027406774376302588, -0.00013365884156549406, -0.3310241358689771, -0.015258365424599584, -0.007956387177278578, 0, 1693076311.0605154]
[-0.15693352659748175, -8.434036884207851e-05, -0.3544106630644592, -0.02338652719548208, -0.008128161770882493, 0, 1693076311.1251733]
[-0.22170512384342853, -0.00010077985974843856, -0.38822883487490667, -0.03381817181044748, -0.010431644614965405, 0, 1693076311.1731946]
[-0.25236477608446317, -0.00011721935065740069, -0.4332737529032375, -0.04504491802833084, -0.01122674621788336, 0, 1693076311.223204]
[-0.27016874578347033, -5.146138702762509e-05, -0.4896706657822662, -0.05639691287902869, -0.011351994850697846, 0, 1693076311.2772453]
[-0.2699714718807696, -5.1461387025888985e-05, -0.5573713292507239, -0.06770066346845767, -0.01130375058942898, 0, 1693076311.3412635]
[-0.2610283882966422, -0.00011721935065653333, -0.6361404015215982, -0.07876907227087439, -0.011068408802416715, 0, 1693076311.3891873]
[-0.25060575045612915, -0.00010077985974930592, -0.7257540413352427, -0.08961363981364442, -0.010844567542770033, 0, 1693076311.4392028]
[-0.26168596797177923, -5.146138702675635e-05, -0.826080193485613, -0.1003261521503703, -0.010712512336725877, 0, 1693076311.5113516]
[-0.3298769805288332, 3.0736067508510546e-05, -0.9370353144421973, -0.11095512095658429, -0.010628968806213989, 0, 1693076311.5743494]
[-0.41485271483818076, 3.07360675093793e-05, -1.058063730020237, -0.12102841557803949, -0.010073294621455203, 0, 1693076311.6233704]
[-0.4689715226943735, 1.429657660128314e-05, -1.1875939351270175, -0.12953020510678065, -0.008501789528741156, 0, 1693076311.6729689]
[-0.49639259542869824, 1.429657660215189e-05, -1.3233810002716089, -0.13578706514459132, -0.006256860037810685, 0, 1693076311.7269838]
[-0.5015710354203173, -1.8582405213170282e-05, -1.4628403059813944, -0.13945930570978546, -0.0036722405651941382, 0, 1693076311.7920265]
[-0.3130758197342516, 0.2516535717213252, -1.6033451795745326, -0.1405048735931382, -0.0010455678833527465, 0, 1693076311.8560476]
