Hokin_Second_Time_Right_Hand
Dev2/ai0 Dev2/ai1
[-0.17488545143860165, 0.002989844429337735, -0.5508278182848818, 0.0022539973788968247, 0.0022539973788968247, 0, 1692984642.107858]
[-0.18576839491903768, 0.0030556023929022096, -0.5603640422849595, -0.009536224000077658, -0.011790221378974482, 0, 1692984642.1545138]
[-0.19134138260109979, 0.0028912074839901464, -0.5803247787241791, -0.01996073643921958, -0.010424512439141923, 0, 1692984642.2040284]
[-0.1956978479022185, 0.0029405259566639406, -0.6096636043253725, -0.02933882560119334, -0.00937808916197376, 0, 1692984642.2543437]
[-0.19957756794678905, 0.002973404938447054, -0.6474649276040186, -0.03780132327864616, -0.008462497677452817, 0, 1692984642.3035722]
[-0.20480532631607734, 0.002891207483988406, -0.6929089122801693, -0.04544398467615065, -0.00764266139750449, 0, 1692984642.356511]
[-0.20447653648138941, 0.0028912074839875304, -0.7451809827914805, -0.05227207051131125, -0.0068280858351606015, 0, 1692984642.4065857]
[-0.20344084850224742, 0.00287476799309772, -0.8036878331174921, -0.058506850326011654, -0.006234779814700409, 0, 1692984642.454504]
[-0.20327645358496635, 0.0028912074839892764, -0.8678780902970037, -0.06419025717951153, -0.005683406853499881, 0, 1692984642.5041568]
[-0.1738990819406905, 0.07302207478604245, -0.9371347025101722, -0.06925661221316849, -0.0050663550336569555, 0, 1692984642.5555704]
[-0.08824933127264663, 0.16725323250457313, -1.0035291200264416, -0.06639441751626939, 0.002862194696899102, 0, 1692984642.6065114]
[-0.027275258446808344, 0.22840813391166187, -1.0598321636208734, -0.056303043594431924, 0.01009137392183746, 0, 1692984642.655526]
[-0.00011721935065740069, 0.2605802143833117, -1.102297602925394, -0.042465439304520465, 0.01383760428991146, 0, 1692984642.7045147]
[-0.00011721935065740069, 0.28050487509628297, -1.1292309830369844, -0.0269333801115905, 0.015532059192929965, 0, 1692984642.7555368]
[-1.8582405214039033e-05, 0.29128917981757385, -1.1388630599966965, -0.00963207695971197, 0.01730130315187853, 0, 1692984642.8065534]
[-5.146138702849245e-05, 0.295547007426648, -1.1311648241196064, 0.007698235877090058, 0.017330312836802027, 0, 1692984642.856314]
[-5.1461387025888985e-05, 0.2951524596949263, -1.107363081627537, 0.023801742492069237, 0.01610350661497918, 0, 1692984642.9037201]
[-0.00013365884156549545, 0.29460995656369904, -1.0695299241659681, 0.037833157461568845, 0.014031414969499606, 0, 1692984642.9541924]
[-6.79008779331164e-05, 0.29572784180364675, -1.0197490645862086, 0.049780859579759584, 0.011947702118190738, 0, 1692984643.0052087]
[-3.502189612126505e-05, 0.2950209437843621, -0.9598082269323203, 0.05994083765388832, 0.01015997807412874, 0, 1692984643.0565307]
[-2.1429143050755163e-06, 0.29439624320895125, -0.8916346878098391, 0.06817353912248114, 0.008232701468592821, 0, 1692984643.1045213]
[1.429657660128314e-05, 0.29230842812641794, -0.8169475401342592, 0.07468714767557988, 0.006513608553098737, 0, 1692984643.1542358]
[-8.434036884121115e-05, 0.29120698237331644, -0.7374066310472055, 0.07954090908705373, 0.0048537614114738505, 0, 1692984643.2052107]
[-0.00010077985974843856, 0.29028637099705873, -0.6542782811274122, 0.08312834991979334, 0.0035874408327396046, 0, 1692984643.257223]
[-5.146138702675773e-05, 0.285929906442604, -0.5685621439809762, 0.08571613714643601, 0.0025877872266426723, 0, 1692984643.3062372]
[-0.00011721935065653333, 0.2820008685904827, -0.48134404647161205, 0.08721809750936411, 0.0015019603629280948, 0, 1692984643.3543618]
[-2.1429143042067667e-06, 0.27958426371505524, -0.3933717597061649, 0.08797228676544717, 0.0007541892560830651, 0, 1692984643.4043777]
[-5.146138702762648e-05, 0.27871297079999646, -0.3050339373418853, 0.0883378223642796, 0.000365535598832422, 0, 1692984643.456394]
[-0.00013365884156376072, 0.2740934743947965, -0.21644612642871836, 0.0885878109131669, 0.0002499885488872997, 0, 1692984643.506409]
[-1.8582405214039033e-05, 0.2680601819199494, -0.12783698183228906, 0.0886091445964293, 2.133368326238838e-05, 0, 1692984643.554553]
[-0.0349196217936381, 0.25582920202170706, -0.039342144616606234, 0.08849483721568283, -0.00011430738074647252, 0, 1692984643.604102]
[-0.12882199606773254, 0.14305430329383573, 0.047774965156312854, 0.08711710977291909, -0.001377727442763734, 0, 1692984643.6571069]
[-0.20222432611487, 0.031446603026039174, 0.12677461571709253, 0.07899965056077968, -0.008117459212139412, 0, 1692984643.7071176]
[-0.2324236724929872, 0.004107729809737881, 0.19286572141617947, 0.06609110569908694, -0.012908544861692737, 0, 1692984643.754125]
[-0.25284152134821225, 0.003532347628698744, 0.24571916109719633, 0.05285343968101685, -0.013237666018070091, 0, 1692984643.8043048]
[-0.2691988157619522, 0.0032528762835851376, 0.28572734675461703, 0.040008185657420696, -0.012845254023596153, 0, 1692984643.8573248]
[-0.2798516065136107, 0.0030720418837920163, 0.3132586249578988, 0.02753127820328176, -0.012476907454138939, 0, 1692984643.9065182]
[-0.2817257085916737, 0.0031706788291369775, 0.3288861817764813, 0.015627556818582543, -0.011903721384699216, 0, 1692984643.9544268]
[-0.2812489633261771, 0.003055602392901334, 0.33366945328595843, 0.004783271509477084, -0.010844285309105459, 0, 1692984644.0044425]
[-0.2834025367671244, 0.002973404938444428, 0.3287223222224764, -0.004947131063482059, -0.009730402572959143, 0, 1692984644.0552256]
[-0.28675619311899275, 0.0030062839202292914, 0.3148754801387242, -0.01384684208375218, -0.008899711020270122, 0, 1692984644.1062396]
[-0.2914085693346398, 0.0029898444293386104, 0.292807071098132, -0.022068409040592183, -0.008221566956840003, 0, 1692984644.1562526]
[-0.29214834647162846, 0.0029240864657732596, 0.2630615269369503, -0.029745544161181702, -0.007677135120589519, 0, 1692984644.2043874]
[-0.28190654300273776, 0.002907646974881703, 0.22639368059541326, -0.03666784634153704, -0.0069223021803553365, 0, 1692984644.2544048]
[-0.2823010908087025, 0.0028912074839901464, 0.1841116684555465, -0.042282012139866765, -0.005614165798329726, 0, 1692984644.3072896]
[-0.2769089374620672, 0.002874767993095104, 0.13673881640281882, -0.04737285205272768, -0.00509083991286092, 0, 1692984644.3563874]
[-0.2622449106954289, 0.002924086465772384, 0.0850127765975991, -0.05172603980521972, -0.0043531877524920345, 0, 1692984644.4042933]
[-0.2136004544025874, 0.03741413815670453, 0.029923633429220227, -0.05508914316837887, -0.003363103363159151, 0, 1692984644.4543114]
[-0.12382439065799848, 0.12247206170442201, -0.025495295714111833, -0.05541892914333206, -0.00032978597495319606, 0, 1692984644.5053604]
[-0.05278934864734258, 0.19212618051886574, -0.07554436647468991, -0.05004907076057808, 0.00536985838275398, 0, 1692984644.5573723]
[-0.020058321884733887, 0.22901639501917775, -0.11624786554045252, -0.04070349906576261, 0.009345571694815473, 0, 1692984644.605601]
[-0.004177773607630405, 0.25094667373536855, -0.14633276116077573, -0.03008489562032322, 0.010618603445439388, 0, 1692984644.6546197]
[-0.0001665378233790829, 0.26261871103398154, -0.16562186917509786, -0.019289108014322126, 0.010795787606001096, 0, 1692984644.7046328]
[-0.00011721935065653333, 0.27447158264181987, -0.17460528804072525, -0.008983418865627386, 0.01030568914869474, 0, 1692984644.7566075]
[-8.434036884294727e-05, 0.284943537108073, -0.17372607251585115, 0.0008792155248740947, 0.00986263439050148, 0, 1692984644.8056247]
[-5.1461387025888985e-05, 0.2913384982841173, -0.16342853627347942, 0.010297536242371718, 0.009418320717497623, 0, 1692984644.8539653]
[-6.79008779331164e-05, 0.29324547899052245, -0.1443248193006747, 0.01910371697280472, 0.008806180730433, 0, 1692984644.904613]
[-0.00010077985974930592, 0.29457707758605906, -0.11720299019815626, 0.027121829102518438, 0.00801811212971372, 0, 1692984644.955627]
[-5.146138702762371e-05, 0.2955305679378302, -0.08280689193441503, 0.03439609826374124, 0.007274269161222795, 0, 1692984645.0056555]
[-1.858240521230292e-05, 0.2925385809702491, -0.04182642325150743, 0.0409804686829076, 0.00658437041916636, 0, 1692984645.057672]
[-2.1429143085491265e-06, 0.2823460978579706, 0.004961905861942492, 0.04678832911344992, 0.005807860430542322, 0, 1692984645.120687]
[-0.0009391938966322649, 0.24941780122871463, 0.05664876706198728, 0.05168686120004479, 0.004898532086594868, 0, 1692984645.173293]
[-0.08820001279889854, 0.09363719577351663, 0.11184622048356113, 0.05519745342157385, 0.003510592221529063, 0, 1692984645.22437]
[-0.16382167357439373, 0.020333507268411027, 0.16298838378725716, 0.051142163303696045, -0.004055290117877804, 0, 1692984645.271384]
[-0.2028325873084631, 0.003778939992015237, 0.20596796759459818, 0.04297958380734101, -0.008162579496355035, 0, 1692984645.3203974]
[-0.22770553834583115, 0.0034008317015890312, 0.2397097913084978, 0.03374182371389962, -0.009237760093441393, 0, 1692984645.3715134]
[-0.24432586457205296, 0.0032035578109157166, 0.26396276337631724, 0.024252972067819456, -0.009488851646080161, 0, 1692984645.42353]
[-0.2550608527489711, 0.0031049208655733783, 0.2787994453240278, 0.01483668194771052, -0.009416290120108936, 0, 1692984645.4879737]
[-0.2540909227292536, 0.0030556023929022096, 0.2845479880594101, 0.005748542735382323, -0.009088139212328197, 0, 1692984645.5369873]
[-0.2569842732968738, 0.0029898444293351145, 0.28219264349001455, -0.00235534456939558, -0.008103887304777903, 0, 1692984645.590006]
[-0.2634121146186229, 0.0030062839202292914, 0.27235609772040653, -0.009836545769608034, -0.007481201200212454, 0, 1692984645.6400197]
[-0.27120443377274533, 0.0029569654475546216, 0.2553668814784584, -0.01698921624194817, -0.007152670472340136, 0, 1692984645.7046494]
[-0.26949472661591656, 0.00287476799309772, 0.23144162650014663, -0.023925254978311734, -0.006936038736363562, 0, 1692984645.7539828]
[-0.26642054163294093, 0.0028583285022035472, 0.20134175346354122, -0.030099873036605426, -0.0061746180582936926, 0, 1692984645.8059962]
[-0.26318196173233477, 0.002858328502205293, 0.16580347885577784, -0.03553827460776339, -0.005438401571157967, 0, 1692984645.8560123]
[-0.2706783700321542, 0.0028583285022035472, 0.12546004313106773, -0.040343435724710094, -0.004805161116946708, 0, 1692984645.9205165]
[-0.26878782846466753, 0.002809010029530623, 0.08033628214429367, -0.04512376098677406, -0.00478032526206396, 0, 1692984645.970512]
[-0.25757609500403894, 0.0027925705386364504, 0.03089727348796653, -0.04943900865632714, -0.0043152476695530835, 0, 1692984646.0239546]
[-0.2295632009194543, 0.011028755435112853, -0.02212589645375221, -0.05302316994171874, -0.0035841612853916025, 0, 1692984646.0899804]
[-0.11890898271264894, 0.14011163458885412, -0.07737706560623, -0.0552511691524778, -0.0022279992107590604, 0, 1692984646.154671]
[-0.048843870769038664, 0.22898351603938544, -0.12666518472519195, -0.04928811911896193, 0.00596305003351587, 0, 1692984646.2045228]
[-0.006413544374808412, 0.25527025939077275, -0.16512911425716253, -0.03846392953197059, 0.010824189586991335, 0, 1692984646.2565372]
[-5.1461387025888985e-05, 0.262766666436144, -0.19184781919867086, -0.026718704941508326, 0.011745224590462268, 0, 1692984646.3065562]
[-3.502189611952894e-05, 0.2668272202401689, -0.20758167967644167, -0.01573386047777081, 0.010984844463737512, 0, 1692984646.353875]
[-0.00010077985974843856, 0.26480516308384866, -0.21324771150462785, -0.005666031828186188, 0.010067828649584623, 0, 1692984646.4046817]
[-6.79008779331164e-05, 0.263506443445635, -0.20997835955856664, 0.0032693519460612174, 0.008935383774247406, 0, 1692984646.4554865]
[-6.79008779331164e-05, 0.2627502269470514, -0.19873068898952478, 0.011247670569041869, 0.007978318622980651, 0, 1692984646.5235016]
[-5.1461387029361204e-05, 0.26252007409957057, -0.1803145264688544, 0.01841616252067038, 0.007168491951628515, 0, 1692984646.587779]
[-3.502189611866158e-05, 0.2601856666453086, -0.15540811662033413, 0.02490640984852027, 0.006490247327849887, 0, 1692984646.6379962]
[-6.79008779331164e-05, 0.26163234168770044, -0.12470459736937697, 0.030703519250957156, 0.005797109402436886, 0, 1692984646.7070124]
[-0.00011721935065653333, 0.26562713753789025, -0.08861745145809326, 0.036087145911283716, 0.005383626660326559, 0, 1692984646.7715056]
[-3.502189611866158e-05, 0.2525084252086226, -0.04739885593035736, 0.0412185955277359, 0.005131449616452182, 0, 1692984646.821366]
[-0.053052380512359984, 0.1524083730870561, -0.0019478171577212017, 0.045451038772636156, 0.004232443244900255, 0, 1692984646.8710237]
[-0.15826512541415982, 0.009138214014923715, 0.04230838131132713, 0.04425619846904833, -0.0011948403035878267, 0, 1692984646.924039]
[-0.21815419361966257, 0.003532347628698744, 0.07763242242987724, 0.03532404111855011, -0.008932157350498226, 0, 1692984646.9905102]
[-0.24095576874640529, 0.00318711832002591, 0.10272520070796073, 0.025092778278083497, -0.010231262840466611, 0, 1692984647.054544]
[-0.24294494725788401, 0.0030884813746826986, 0.11777461521533084, 0.015049414507370101, -0.010043363770713395, 0, 1692984647.1045222]
[-0.2444080620311837, 0.002973404938443558, 0.12376667462079484, 0.005992059405463998, -0.009057355101906103, 0, 1692984647.1555338]
[-0.2517729543776254, 0.002907646974879087, 0.12156517815191824, -0.0022014964688766066, -0.008193555874340605, 0, 1692984647.223553]
[-0.25566911394781405, 0.002907646974881703, 0.11163719434690306, -0.009927983805015183, -0.007726487336138576, 0, 1692984647.2710588]
[-0.2552416871594316, 0.002907646974880833, 0.09454038200595896, -0.01709681234094409, -0.007168828535928904, 0, 1692984647.322075]
[-0.25106605622797795, 0.002792570538637326, 0.07094962403205042, -0.023590757973908544, -0.006493945632964456, 0, 1692984647.373087]
[-0.2554060820780317, 0.0028747679930968438, 0.04159695008861412, -0.029352673943436304, -0.0057619159695277596, 0, 1692984647.4381042]
[-0.2528250818562785, 0.002841889011313736, 0.006774129451161362, -0.034822820637452755, -0.005470146694016453, 0, 1692984647.488068]
[-0.24570678188639844, 0.0028418890113102446, -0.033013320905702075, -0.03978745035686344, -0.004964629719410682, 0, 1692984647.5561867]
[-0.21494849272553201, 0.0027268125750658677, -0.07721050500442274, -0.044197184098720664, -0.004409733741857228, 0, 1692984647.6231337]
[-0.09911583505392313, 0.12153501076529752, -0.12478677219021034, -0.047576267185787606, -0.00337908308706694, 0, 1692984647.6881514]
[-0.03322635421117119, 0.18850949278923507, -0.16777923659217603, -0.042992464401965684, 0.004583802783821923, 0, 1692984647.7371929]
[-0.003125646188285286, 0.22313105781250114, -0.20243509235245938, -0.03465585576028336, 0.008336608641682319, 0, 1692984647.7902095]
[-8.434036884121115e-05, 0.24182275720729302, -0.22754135004602477, -0.02510625769356538, 0.009549598066717986, 0, 1692984647.8565712]
[-6.790087793398376e-05, 0.24700119632307124, -0.24311226587950743, -0.015570915833482654, 0.009535341860082725, 0, 1692984647.9045215]
[-0.00010077985974930592, 0.24880954013804985, -0.24986884713138854, -0.006756581251881099, 0.008814334581601555, 0, 1692984647.9555428]
[1.4296576601284527e-05, 0.24843143188599326, -0.2486123626561753, 0.0012564844752132216, 0.00801306572709432, 0, 1692984648.022559]
[-8.434036884121115e-05, 0.2469354383660583, -0.24016102621865054, 0.00845133643752476, 0.007194851962311538, 0, 1692984648.0875807]
[3.0736067508510546e-05, 0.24683680143071815, -0.22528975822558375, 0.014871267993066786, 0.006419931555542026, 0, 1692984648.1555958]
