HokinLeft_Hand
Dev2/ai0 Dev2/ai1
[-5.58799730e-02 -3.86542328e-03  1.69204229e+09]
[-5.60772469e-02 -2.87905382e-03  1.69204229e+09]
[-5.64882342e-02 -1.81048691e-03  1.69204229e+09]
[-5.84774126e-02 -5.93964587e-04  1.69204229e+09]
[-6.12721261e-02 -5.61085605e-04  1.69204229e+09]
[-6.49216931e-02 -2.10639775e-03  1.69204229e+09]
[-6.94754322e-02 -4.30928953e-03  1.69204229e+09]
[-7.47196299e-02 -6.11763354e-03  1.69204229e+09]
[-1.22147563e-01 -6.56149979e-03  1.69204229e+09]
[-2.57411700e-01 -6.66013674e-03  1.69204229e+09]
[-3.53434773e-01 -6.67657623e-03  1.69204229e+09]
[-4.13652632e-01 -6.74233419e-03  1.69204229e+09]
