HokinLeft_Hand
Dev2/ai0 Dev2/ai1
[-1.15262261e-02  1.34124816e-02  1.69204237e+09]
[-2.44641055e-02  4.12938580e-02  1.69204237e+09]
[-9.24742805e-02  9.50181130e-02  1.69204237e+09]
[-2.23973774e-01  1.99491072e-01  1.69204237e+09]
[-3.26934311e-01  2.23821516e-01  1.69204237e+09]
[-3.43801230e-01  2.22900905e-01  1.69204237e+09]
[-3.29926299e-01  2.51719330e-01  1.69204237e+09]
[-3.41647657e-01  3.02073484e-01  1.69204237e+09]
[-4.18288569e-01  3.84024334e-01  1.69204237e+09]
[-5.32904707e-01  4.81642011e-01  1.69204237e+09]
[-5.99484650e-01  5.29316522e-01  1.69204237e+09]
[-6.23420550e-01  5.39196653e-01  1.69204237e+09]
[-6.36884494e-01  5.66930067e-01  1.69204237e+09]
[-6.45120679e-01  5.93200365e-01  1.69204237e+09]
[-6.41717704e-01  5.98871987e-01  1.69204237e+09]
[-6.20872429e-01  6.05053234e-01  1.69204237e+09]
[-5.82601291e-01  6.04971037e-01  1.69204237e+09]
[-5.57087200e-01  6.10494704e-01  1.69204237e+09]
[-5.51727926e-01  6.16199205e-01  1.69204237e+09]
[-5.56725531e-01  6.15410110e-01  1.69204237e+09]
[-5.52484142e-01  6.11513952e-01  1.69204237e+09]
[-5.49541473e-01  6.04313457e-01  1.69204237e+09]
[-5.50889511e-01  6.02406477e-01  1.69204237e+09]
[-5.51859441e-01  5.96027956e-01  1.69204237e+09]
[-5.44724702e-01  5.89715194e-01  1.69204237e+09]
[-5.27627630e-01  5.83813419e-01  1.69204237e+09]
[-5.22498509e-01  5.81528330e-01  1.69204237e+09]
[-5.14903463e-01  5.81429693e-01  1.69204237e+09]
[-5.13407470e-01  5.80920069e-01  1.69204237e+09]
[-5.00929895e-01  5.87923290e-01  1.69204237e+09]
[-4.87909818e-01  5.85950552e-01  1.69204237e+09]
[-4.81646371e-01  5.82185909e-01  1.69204237e+09]
[-4.79870906e-01  5.78059599e-01  1.69204237e+09]
[-4.80084619e-01  5.71385167e-01  1.69204237e+09]
[-4.81597053e-01  5.66272487e-01  1.69204237e+09]
[-4.88896187e-01  5.58661005e-01  1.69204237e+09]
[-4.92578633e-01  5.55077197e-01  1.69204237e+09]
[-5.00453150e-01  5.51789300e-01  1.69204237e+09]
[-4.99499659e-01  5.48337008e-01  1.69204237e+09]
[-4.96704946e-01  5.42961296e-01  1.69204237e+09]
[-4.99844889e-01  5.38456877e-01  1.69204237e+09]
[-4.99039354e-01  5.40100825e-01  1.69204237e+09]
[-4.98168061e-01  5.38078768e-01  1.69204237e+09]
[-4.92940302e-01  5.35744361e-01  1.69204237e+09]
[-4.89257856e-01  5.33755183e-01  1.69204237e+09]
[-4.89060582e-01  5.31272821e-01  1.69204237e+09]
[-4.86791932e-01  5.30812515e-01  1.69204237e+09]
[-4.86643977e-01  5.30878273e-01  1.69204237e+09]
[-4.88633155e-01  5.31256382e-01  1.69204237e+09]
[-4.89455130e-01  5.27113631e-01  1.69204237e+09]
[-4.89093461e-01  5.24105205e-01  1.69204237e+09]
[-4.87745423e-01  5.20192607e-01  1.69204237e+09]
[-4.80249014e-01  5.13123628e-01  1.69204237e+09]
[-4.74182842e-01  5.06942381e-01  1.69204237e+09]
[-4.72867682e-01  5.06580712e-01  1.69204237e+09]
[-4.67459089e-01  5.07649279e-01  1.69204237e+09]
[-4.53912948e-01  5.12350972e-01  1.69204237e+09]
[-4.41402495e-01  5.15819704e-01  1.69204237e+09]
[-4.38821494e-01  5.19156920e-01  1.69204237e+09]
[-4.42421743e-01  5.15753946e-01  1.69204237e+09]
[-4.38147475e-01  5.01615987e-01  1.69204237e+09]
[-4.29615379e-01  4.90667289e-01  1.69204237e+09]
[-4.26409678e-01  4.85554609e-01  1.69204237e+09]
[-4.26968620e-01  4.82085877e-01  1.69204237e+09]
[-4.28365977e-01  4.80195336e-01  1.69204237e+09]
[-4.24239665e-01  4.79537756e-01  1.69204237e+09]
[-4.19077664e-01  4.83220201e-01  1.69204237e+09]
[-4.08687905e-01  4.91587900e-01  1.69204237e+09]
[-4.11959364e-01  4.93198970e-01  1.69204237e+09]
[-4.12945734e-01  4.92163282e-01  1.69204237e+09]
[-4.10742842e-01  4.89434328e-01  1.69204237e+09]
[-4.12682702e-01  4.85932717e-01  1.69204237e+09]
[-4.17976218e-01  4.85324456e-01  1.69204237e+09]
[-4.20146231e-01  4.84847711e-01  1.69204237e+09]
[-4.15592492e-01  4.90075468e-01  1.69204237e+09]
[-4.09542759e-01  5.00629618e-01  1.69204237e+09]
[-4.10742842e-01  5.02290006e-01  1.69204237e+09]
[-4.17269320e-01  4.99972039e-01  1.69204237e+09]
[-4.19981836e-01  4.93429123e-01  1.69204237e+09]
[-4.20968206e-01  4.88826067e-01  1.69204237e+09]
[-4.22842308e-01  4.84995666e-01  1.69204237e+09]
[-4.23286174e-01  4.85916277e-01  1.69204237e+09]
[-4.21198359e-01  4.91505703e-01  1.69204237e+09]
