HokinLeft_Hand
Dev2/ai0 Dev2/ai1
[-1.64087549e-02  9.82867263e-03  1.69204237e+09]
[-2.18831054e-02  1.08972395e-02  1.69204237e+09]
[-2.71601820e-02  1.15548192e-02  1.69204237e+09]
[-4.54408961e-02  1.29192969e-02  1.69204237e+09]
[-8.15255793e-02  1.36261950e-02  1.69204237e+09]
[-1.05740950e-01  1.11109529e-02  1.69204237e+09]
[-1.25731372e-01  8.85874267e-03  1.69204237e+09]
[-1.68885037e-01  5.24205468e-03  1.69204237e+09]
[-2.39443336e-01  4.99546232e-03  1.69204237e+09]
[-3.20720183e-01  4.97902283e-03  1.69204237e+09]
[-3.87316566e-01  4.89682537e-03  1.69204237e+09]
[-4.26754907e-01  4.97902283e-03  1.69204237e+09]
[-4.34004723e-01  5.12697824e-03  1.69204237e+09]
[-4.20096913e-01  5.11053875e-03  1.69204237e+09]
[-3.90851056e-01  5.19273621e-03  1.69204237e+09]
[-3.30238649e-01  5.12697824e-03  1.69204237e+09]
[-2.54896458e-01  5.14341774e-03  1.69204237e+09]
[-1.62309240e-01  5.22561519e-03  1.69204237e+09]
[-9.51703571e-02  5.14341774e-03  1.69204237e+09]
[-6.57107887e-02  5.27493366e-03  1.69204237e+09]
[-1.74444428e-02  5.12697824e-03  1.69204237e+09]
[-1.82664174e-02  3.53427623e-02  1.69204237e+09]
[-8.89875423e-04  1.20926750e-01  1.69204237e+09]
[-8.43403688e-05  2.20122631e-01  1.69204237e+09]
[-8.43403688e-05  2.52853654e-01  1.69204237e+09]
[-1.17219351e-04  2.48760222e-01  1.69204237e+09]
[-6.79008779e-05  2.48710903e-01  1.69204237e+09]
[-5.14613870e-05  2.40852827e-01  1.69204237e+09]
[-6.79008779e-05  2.31383681e-01  1.69204237e+09]
[-1.85824052e-05  2.24446217e-01  1.69204237e+09]
[-1.00779860e-04  2.24035230e-01  1.69204237e+09]
[-8.43403688e-05  2.20566497e-01  1.69204237e+09]
[-8.43403688e-05  2.20500740e-01  1.69204237e+09]
[-1.17219351e-04  2.19826720e-01  1.69204237e+09]
[-1.99416805e-04  2.08845141e-01  1.69204237e+09]
[-1.66537823e-04  1.39043068e-01  1.69204237e+09]
[-8.43403688e-05  4.12609790e-02  1.69204237e+09]
[-6.79008779e-05  7.64222035e-03  1.69204237e+09]
[-1.95322582e-02  6.26130311e-03  1.69204237e+09]
[-8.19365666e-02  6.04758973e-03  1.69204237e+09]
[-1.03439421e-01  5.94895279e-03  1.69204237e+09]
[-1.00513192e-01  5.83387635e-03  1.69204237e+09]
[-9.41017902e-02  5.93251330e-03  1.69204237e+09]
[-1.10179613e-01  5.91607381e-03  1.69204237e+09]
[-1.47858927e-01  5.91607381e-03  1.69204238e+09]
[-1.71646872e-01  5.89963432e-03  1.69204238e+09]
[-1.75411515e-01  5.83387635e-03  1.69204238e+09]
[-1.70857776e-01  5.78455788e-03  1.69204238e+09]
[-1.63114775e-01  5.85031584e-03  1.69204238e+09]
[-1.54960788e-01  5.88319482e-03  1.69204238e+09]
[-1.54352526e-01  5.83387635e-03  1.69204238e+09]
[-1.55273138e-01  5.81743686e-03  1.69204238e+09]
[-1.63821674e-01  5.86675533e-03  1.69204238e+09]
[-1.61750298e-01  5.85031584e-03  1.69204238e+09]
[-1.56867769e-01  5.81743686e-03  1.69204238e+09]
[-1.41907831e-01  5.81743686e-03  1.69204238e+09]
[-1.21588620e-01  5.80099737e-03  1.69204238e+09]
[-1.13862059e-01  5.85031584e-03  1.69204238e+09]
[-8.69999299e-02  5.81743686e-03  1.69204238e+09]
[-4.01473800e-02  5.80099737e-03  1.69204238e+09]
[-3.98049972e-03  4.39406160e-02  1.69204238e+09]
[-1.53101557e-03  6.06760174e-02  1.69204238e+09]
[-1.51457608e-03  6.51146799e-02  1.69204238e+09]
[-1.58033404e-03  6.53941512e-02  1.69204238e+09]
[-1.58033404e-03  6.16952658e-02  1.69204238e+09]
[-1.77760793e-03  5.17822530e-02  1.69204238e+09]
[-1.74472895e-03  4.34145523e-02  1.69204238e+09]
[-1.74472895e-03  3.41919980e-02  1.69204238e+09]
[-1.79404742e-03  3.12328896e-02  1.69204238e+09]
[-1.76116844e-03  3.33207050e-02  1.69204238e+09]
[-1.79404742e-03  3.36494948e-02  1.69204238e+09]
[-1.81048691e-03  2.32104182e-02  1.69204238e+09]
[-1.81048691e-03  5.60372348e-03  1.69204238e+09]
[-1.84336590e-03  1.57604821e-03  1.69204238e+09]
[-1.76116844e-03  1.69112465e-03  1.69204238e+09]
[-1.81048691e-03  1.78976159e-03  1.69204238e+09]
[-1.76116844e-03  1.82264058e-03  1.69204238e+09]
[-1.84336590e-03  1.93771701e-03  1.69204238e+09]
[-1.79404742e-03  1.88839854e-03  1.69204238e+09]
[-1.84336590e-03  2.05279345e-03  1.69204238e+09]
[-1.87624488e-03  2.06923294e-03  1.69204238e+09]
[-4.81040937e-02  2.27501124e-02  1.69204238e+09]
[-7.04453622e-02  4.33323548e-02  1.69204238e+09]
[-5.42031449e-02  7.01287245e-02  1.69204238e+09]
[-2.55162329e-02  1.02991266e-01  1.69204238e+09]
[-8.92878649e-03  1.21337737e-01  1.69204238e+09]
[-3.42155702e-03  1.29688998e-01  1.69204238e+09]
[-1.97488182e-03  1.32302877e-01  1.69204238e+09]
[-2.04063979e-03  1.36166157e-01  1.69204238e+09]
[-1.92556335e-03  1.38221093e-01  1.69204238e+09]
[-1.94200284e-03  1.31924769e-01  1.69204238e+09]
[-2.07351877e-03  1.12526170e-01  1.69204238e+09]
[-2.05707928e-03  6.05445015e-02  1.69204238e+09]
[-2.07351877e-03  5.29165778e-02  1.69204238e+09]
[-2.04063979e-03  5.91471448e-02  1.69204238e+09]
[-1.95844233e-03  6.04458645e-02  1.69204238e+09]
[-1.97488182e-03  5.82758518e-02  1.69204238e+09]
[-2.00776081e-03  5.72072849e-02  1.69204238e+09]
[-2.02420030e-03  5.98540429e-02  1.69204238e+09]
[-2.00776081e-03  5.97225270e-02  1.69204238e+09]
[-2.05707928e-03  6.32405779e-02  1.69204238e+09]
[-1.99132131e-03  9.11548327e-02  1.69204238e+09]
[-1.97488182e-03  1.24362603e-01  1.69204238e+09]
[-1.97488182e-03  1.32812501e-01  1.69204238e+09]
[-2.02420030e-03  1.27173756e-01  1.69204238e+09]
[-2.00776081e-03  1.11194571e-01  1.69204238e+09]
[-2.18859521e-03  8.80806480e-02  1.69204238e+09]
[-2.12283724e-03  7.07863041e-02  1.69204238e+09]
[-2.08995826e-03  5.21439218e-02  1.69204238e+09]
[-2.05707928e-03  3.31069916e-02  1.69204238e+09]
[-2.13927673e-03  8.74366624e-03  1.69204238e+09]
[-2.13927673e-03  5.89963432e-03  1.69204238e+09]
