HokinLeft_Hand
Dev2/ai0 Dev2/ai1
[-1.35018117e-03  3.58756841e-01  1.69204238e+09]
[-1.43237862e-03  3.56586828e-01  1.69204238e+09]
[-1.41593913e-03  3.56619707e-01  1.69204238e+09]
[-1.35018117e-03  3.58411612e-01  1.69204238e+09]
[-1.31730219e-03  3.60318592e-01  1.69204238e+09]
[-1.41593913e-03  3.59940484e-01  1.69204238e+09]
[-1.38306015e-03  3.65497031e-01  1.69204238e+09]
[-1.39949964e-03  3.64658617e-01  1.69204238e+09]
[-1.48169710e-03  3.59019873e-01  1.69204238e+09]
[-1.46525761e-03  3.53989389e-01  1.69204238e+09]
[-1.46525761e-03  3.42136518e-01  1.69204238e+09]
[-1.61321302e-03  2.66564188e-01  1.69204238e+09]
[-1.44881811e-03  1.16323692e-01  1.69204238e+09]
[-1.35018117e-03  3.25809279e-02  1.69204238e+09]
[-8.45340062e-02  7.69153882e-03  1.69204238e+09]
[-1.80014573e-01  6.78736682e-03  1.69204238e+09]
[-2.33344284e-01  6.73804835e-03  1.69204238e+09]
[-2.59121407e-01  6.68872988e-03  1.69204238e+09]
[-2.75084154e-01  6.70516937e-03  1.69204238e+09]
[-2.83649129e-01  6.62297191e-03  1.69204238e+09]
[-2.90224926e-01  6.52433497e-03  1.69204238e+09]
[-2.96652767e-01  6.55721395e-03  1.69204238e+09]
[-3.00927035e-01  6.55721395e-03  1.69204238e+09]
[-3.13601883e-01  6.55721395e-03  1.69204238e+09]
[-3.20079043e-01  6.57365344e-03  1.69204238e+09]
[-3.28134394e-01  6.52433497e-03  1.69204238e+09]
[-3.28841293e-01  6.54077446e-03  1.69204238e+09]
[-3.27871363e-01  6.49145599e-03  1.69204238e+09]
[-3.28002878e-01  6.49145599e-03  1.69204238e+09]
[-3.19980406e-01  6.54077446e-03  1.69204238e+09]
[-3.03869704e-01  6.47501650e-03  1.69204238e+09]
[-2.80114638e-01  6.39281904e-03  1.69204238e+09]
[-2.37848705e-01  4.75901829e-02  1.69204238e+09]
[-1.45803991e-01  1.51109653e-01  1.69204238e+09]
[-6.53491199e-02  2.56453903e-01  1.69204238e+09]
[-1.82992963e-02  3.00265141e-01  1.69204238e+09]
[-2.02420030e-03  3.15159317e-01  1.69204238e+09]
[-1.72828946e-03  3.27604010e-01  1.69204238e+09]
[-1.56389455e-03  3.33176997e-01  1.69204238e+09]
[-1.58033404e-03  3.38585589e-01  1.69204238e+09]
[-1.49813659e-03  3.36316939e-01  1.69204238e+09]
[-1.53101557e-03  3.33670182e-01  1.69204238e+09]
[-1.59677353e-03  3.32453659e-01  1.69204238e+09]
[-1.46525761e-03  3.27406736e-01  1.69204238e+09]
[-1.54745506e-03  3.16770387e-01  1.69204238e+09]
[-5.25263168e-02  2.63884552e-01  1.69204238e+09]
[-1.80705031e-01  1.18855374e-01  1.69204238e+09]
[-2.48238464e-01  4.04718834e-02  1.69204238e+09]
[-2.74015587e-01  1.13411058e-02  1.69204238e+09]
[-2.80591384e-01  7.34630951e-03  1.69204238e+09]
[-2.78141899e-01  7.01751970e-03  1.69204238e+09]
[-2.74854001e-01  7.46138595e-03  1.69204238e+09]
[-2.72799064e-01  1.10945134e-02  1.69204238e+09]
[-2.69264574e-01  1.79004626e-02  1.69204238e+09]
[-2.65582128e-01  1.55496154e-02  1.69204238e+09]
[-2.62754535e-01  4.23924574e-03  1.69204238e+09]
[-2.58940573e-01  3.95977439e-03  1.69204238e+09]
[-2.51460604e-01  4.07485083e-03  1.69204238e+09]
[-2.17102066e-01  3.70689089e-02  1.69204238e+09]
[-1.55190940e-01  1.06196966e-01  1.69204238e+09]
[-9.76527203e-02  1.64425640e-01  1.69204238e+09]
[-4.83671255e-02  1.91041174e-01  1.69204238e+09]
[-1.25947930e-02  1.93145429e-01  1.69204239e+09]
[-1.56389455e-03  1.85566824e-01  1.69204239e+09]
[-1.41593913e-03  1.69521882e-01  1.69204239e+09]
[-6.00720432e-02  1.04536578e-01  1.69204239e+09]
[-1.47201348e-01  3.83347496e-02  1.69204239e+09]
[-1.81428369e-01  7.70797831e-03  1.69204239e+09]
[-2.03046301e-01  5.91607381e-03  1.69204239e+09]
[-2.11627715e-01  5.73523941e-03  1.69204239e+09]
[-2.16312971e-01  5.66948144e-03  1.69204239e+09]
[-2.18548741e-01  5.62016297e-03  1.69204239e+09]
[-2.16181455e-01  5.75167890e-03  1.69204239e+09]
[-2.04460097e-01  5.66948144e-03  1.69204239e+09]
[-1.29446697e-01  9.99335206e-02  1.69204239e+09]
[-5.38907946e-02  1.94904454e-01  1.69204239e+09]
[-2.35763730e-02  2.47379305e-01  1.69204239e+09]
[-7.44923230e-03  2.80126767e-01  1.69204239e+09]
[-1.79404742e-03  3.05986083e-01  1.69204239e+09]
[-1.76116844e-03  3.30924787e-01  1.69204239e+09]
[-1.74472895e-03  3.30743953e-01  1.69204239e+09]
[-1.85980539e-03  3.26666959e-01  1.69204239e+09]
[-1.79404742e-03  3.24546265e-01  1.69204239e+09]
[-1.77760793e-03  3.17822515e-01  1.69204239e+09]
[-1.76116844e-03  3.15981292e-01  1.69204239e+09]
[-1.84336590e-03  3.13581127e-01  1.69204239e+09]
[-1.82692641e-03  3.07005331e-01  1.69204239e+09]
[-1.81048691e-03  2.99360969e-01  1.69204239e+09]
[-1.30879777e-02  2.79189716e-01  1.69204239e+09]
[-5.94637821e-02  1.74749640e-01  1.69204239e+09]
[-8.46655222e-02  1.17162106e-01  1.69204239e+09]
[-1.05609434e-01  5.15521001e-02  1.69204239e+09]
[-1.34888168e-01  6.82024580e-03  1.69204239e+09]
[-1.69509738e-01  6.29418210e-03  1.69204239e+09]
[-1.88497351e-01  6.22842413e-03  1.69204239e+09]
[-1.96815733e-01  6.06402922e-03  1.69204239e+09]
[-1.94530644e-01  6.04758973e-03  1.69204239e+09]
[-1.94053899e-01  6.03115024e-03  1.69204239e+09]
[-2.00383103e-01  6.04758973e-03  1.69204239e+09]
[-2.07304129e-01  6.08046872e-03  1.69204239e+09]
[-2.08208301e-01  6.01471075e-03  1.69204239e+09]
[-2.09737174e-01  6.08046872e-03  1.69204239e+09]
[-2.07254811e-01  6.01471075e-03  1.69204239e+09]
[-2.04147747e-01  6.01471075e-03  1.69204239e+09]
[-2.04443657e-01  6.01471075e-03  1.69204239e+09]
[-2.01040683e-01  5.99827126e-03  1.69204239e+09]
[-2.01402352e-01  5.98183177e-03  1.69204239e+09]
[-1.97407555e-01  6.01471075e-03  1.69204239e+09]
[-1.84140885e-01  6.01471075e-03  1.69204239e+09]
[-1.41496844e-01  6.04758973e-03  1.69204239e+09]
[-1.00578950e-01  6.31062159e-03  1.69204239e+09]
[-7.03467253e-02  5.88319482e-03  1.69204239e+09]
[-3.41140867e-02  5.73523941e-03  1.69204239e+09]
[-2.58943412e-02  6.08046872e-03  1.69204239e+09]
[-2.66012393e-02  7.80661526e-03  1.69204239e+09]
[-2.86726152e-02  1.58948448e-02  1.69204239e+09]
[-2.46613794e-02  1.61743161e-02  1.69204239e+09]
[-5.95323863e-03  8.84230318e-03  1.69204239e+09]
[-1.85824052e-05  2.47721698e-02  1.69204239e+09]
[-1.17219351e-04  1.00426705e-01  1.69204239e+09]
[-1.85824052e-05  1.35722291e-01  1.69204239e+09]
[-3.50218961e-05  1.49876692e-01  1.69204239e+09]
[-3.50218961e-05  1.53181029e-01  1.69204239e+09]
[-8.43403688e-05  1.63455710e-01  1.69204239e+09]
[-1.17219351e-04  1.71593258e-01  1.69204239e+09]
[-5.14613870e-05  1.80569219e-01  1.69204239e+09]
[-6.79008779e-05  1.80355506e-01  1.69204239e+09]
[-8.43403688e-05  1.77593672e-01  1.69204239e+09]
[-1.17219351e-04  1.69505443e-01  1.69204239e+09]
[-8.43403688e-05  1.54792099e-01  1.69204239e+09]
[-5.14613870e-05  1.42413163e-01  1.69204239e+09]
[-8.43403688e-05  1.32138482e-01  1.69204239e+09]
[-6.79008779e-05  1.33059093e-01  1.69204239e+09]
[-1.00779860e-04  1.30132864e-01  1.69204239e+09]
[-6.79008779e-05  8.30830429e-02  1.69204239e+09]
[-3.50218961e-05  1.91663034e-02  1.69204239e+09]
[-2.29681118e-02  7.36274900e-03  1.69204239e+09]
[-8.11474710e-02  7.11615664e-03  1.69204239e+09]
[-1.19122696e-01  6.93532224e-03  1.69204239e+09]
[-1.29413818e-01  6.78736682e-03  1.69204239e+09]
[-1.29413818e-01  6.72160886e-03  1.69204239e+09]
[-1.27884945e-01  6.65585090e-03  1.69204239e+09]
[-1.26569786e-01  6.62297191e-03  1.69204239e+09]
[-1.27605474e-01  6.65585090e-03  1.69204239e+09]
[-1.26651983e-01  6.52433497e-03  1.69204239e+09]
[-1.27835627e-01  6.50789548e-03  1.69204239e+09]
[-1.28460327e-01  6.57365344e-03  1.69204239e+09]
[-1.24383333e-01  6.55721395e-03  1.69204239e+09]
[-9.01563123e-02  6.45857701e-03  1.69204239e+09]
[-3.72047111e-02  6.50789548e-03  1.69204239e+09]
[-8.43403688e-05  2.90299979e-02  1.69204239e+09]
[-1.17219351e-04  6.40954314e-02  1.69204239e+09]
[1.42965766e-05 7.66223232e-02 1.69204239e+09]
[-3.50218961e-05  6.90108391e-02  1.69204239e+09]
[-1.50098332e-04  5.53331830e-02  1.69204239e+09]
[-1.00779860e-04  3.49975330e-02  1.69204239e+09]
[-1.00779860e-04  3.71511063e-02  1.69204239e+09]
[-2.14291430e-06  4.71134377e-02  1.69204239e+09]
[-5.14613870e-05  5.19137689e-02  1.69204239e+09]
[-5.14613870e-05  4.60613103e-02  1.69204239e+09]
[-4.81369727e-02  2.82573418e-02  1.69204239e+09]
[-1.14700473e-01  6.06402922e-03  1.69204239e+09]
[-1.48697341e-01  5.20917570e-03  1.69204239e+09]
[-1.64232661e-01  4.81462792e-03  1.69204239e+09]
[-1.65580699e-01  4.73243046e-03  1.69204239e+09]
[-1.69476859e-01  4.51871708e-03  1.69204239e+09]
[-1.67701394e-01  4.55159606e-03  1.69204239e+09]
[-1.67273967e-01  4.42008014e-03  1.69204239e+09]
[-1.65136833e-01  4.50227759e-03  1.69204239e+09]
[-1.62210603e-01  4.45295912e-03  1.69204239e+09]
[-1.60517336e-01  4.45295912e-03  1.69204239e+09]
[-1.56407463e-01  4.43651963e-03  1.69204239e+09]
[-1.54434724e-01  4.45295912e-03  1.69204239e+09]
[-1.51623571e-01  4.45295912e-03  1.69204239e+09]
[-1.49141208e-01  4.51871708e-03  1.69204239e+09]
[-1.49519316e-01  4.38720115e-03  1.69204239e+09]
[-1.52001679e-01  4.40364065e-03  1.69204239e+09]
[-1.55273138e-01  4.48583810e-03  1.69204239e+09]
[-1.60172106e-01  4.42008014e-03  1.69204239e+09]
[-1.59711801e-01  4.38720115e-03  1.69204239e+09]
[-1.63098336e-01  4.40364065e-03  1.69204239e+09]
[-1.64068266e-01  4.37076166e-03  1.69204239e+09]
[-1.66008126e-01  4.40364065e-03  1.69204239e+09]
[-1.70052241e-01  4.46939861e-03  1.69204239e+09]
[-1.70183757e-01  4.33788268e-03  1.69204239e+09]
[-1.66156081e-01  4.35432217e-03  1.69204239e+09]
[-1.53201762e-01  4.40364065e-03  1.69204239e+09]
[-1.11379696e-01  4.40364065e-03  1.69204239e+09]
[-7.66266109e-02  1.62236346e-02  1.69204239e+09]
[-4.53915776e-02  4.55845650e-02  1.69204239e+09]
[-8.00817500e-03  7.12630493e-02  1.69204239e+09]
[-6.43283060e-04  8.33460748e-02  1.69204239e+09]
[-2.65174769e-04  8.86395907e-02  1.69204239e+09]
[-2.32295787e-04  9.03821767e-02  1.69204239e+09]
[-1.99416805e-04  9.19932467e-02  1.69204239e+09]
[-1.66537823e-04  9.42618964e-02  1.69204239e+09]
[-1.82977314e-04  9.46564442e-02  1.69204239e+09]
[-1.82977314e-04  9.64154697e-02  1.69204239e+09]
[-2.32295787e-04  9.67113805e-02  1.69204239e+09]
[-1.82977314e-04  9.41796990e-02  1.69204239e+09]
[-1.66537823e-04  9.01355843e-02  1.69204239e+09]
[-1.66537823e-04  7.34659410e-02  1.69204239e+09]
[-1.99416805e-04  4.65380555e-02  1.69204239e+09]
[-1.66537823e-04  1.49577938e-02  1.69204239e+09]
[-1.66537823e-04  6.12978719e-03  1.69204239e+09]
[-5.47949666e-02  5.85031584e-03  1.69204239e+09]
[-1.03505179e-01  5.68592093e-03  1.69204239e+09]
[-1.23331206e-01  5.71879992e-03  1.69204239e+09]
[-1.34016875e-01  5.60372348e-03  1.69204239e+09]
[-1.37748640e-01  5.55440501e-03  1.69204239e+09]
[-1.39754258e-01  5.50508653e-03  1.69204239e+09]
[-1.50883794e-01  5.52152603e-03  1.69204239e+09]
[-1.51574252e-01  5.45576806e-03  1.69204239e+09]
[-1.49798787e-01  5.40644959e-03  1.69204239e+09]
[-1.50653641e-01  5.47220755e-03  1.69204239e+09]
[-1.41266691e-01  5.40644959e-03  1.69204239e+09]
[-1.36285525e-01  5.37357061e-03  1.69204239e+09]
[-1.23577798e-01  5.40644959e-03  1.69204239e+09]
[-1.10491963e-01  5.37357061e-03  1.69204239e+09]
[-9.29345863e-02  5.32425214e-03  1.69204239e+09]
[-5.41867054e-02  5.22561519e-03  1.69204239e+09]
[-3.47372223e-04  5.35713112e-03  1.69204239e+09]
[-1.66537823e-04  5.32425214e-03  1.69204239e+09]
[-8.43403688e-05  1.96101697e-02  1.69204239e+09]
[-2.32295787e-04  4.32665968e-02  1.69204239e+09]
[-1.50098332e-04  6.20733741e-02  1.69204239e+09]
[-1.00779860e-04  7.77895270e-02  1.69204239e+09]
[-1.82977314e-04  8.99876289e-02  1.69204239e+09]
[-1.33658842e-04  9.56756926e-02  1.69204239e+09]
[-1.66537823e-04  9.54126607e-02  1.69204239e+09]
[-1.50098332e-04  8.99876289e-02  1.69204239e+09]
[-1.99416805e-04  7.54386799e-02  1.69204239e+09]
[-1.33658842e-04  6.02321512e-02  1.69204239e+09]
[-1.99416805e-04  4.49434249e-02  1.69204239e+09]
[-1.33658842e-04  5.17329345e-02  1.69204239e+09]
[-1.17219351e-04  5.76511511e-02  1.69204239e+09]
[-1.66537823e-04  6.48187690e-02  1.69204239e+09]
[-1.82977314e-04  7.24302531e-02  1.69204239e+09]
[-1.82977314e-04  7.60140621e-02  1.69204239e+09]
[-1.82977314e-04  7.14274442e-02  1.69204239e+09]
[-1.33658842e-04  5.31138517e-02  1.69204239e+09]
[-1.33658842e-04  5.02205014e-02  1.69204239e+09]
[-1.50098332e-04  5.52674250e-02  1.69204239e+09]
[-2.15856296e-04  6.61010493e-02  1.69204239e+09]
