HokinLeft_Hand
Dev2/ai0 Dev2/ai1
[-2.66012393e-02  3.06410680e-02  1.69204240e+09]
[-3.14180102e-02  3.01807622e-02  1.69204240e+09]
[-3.50840167e-02  2.89478004e-02  1.69204240e+09]
[-4.04268513e-02  2.92601508e-02  1.69204240e+09]
[-4.12323864e-02  3.04766731e-02  1.69204240e+09]
[-4.11501889e-02  3.14794820e-02  1.69204240e+09]
[-4.33037623e-02  3.22521381e-02  1.69204240e+09]
[-5.21482085e-02  3.67565585e-02  1.69204240e+09]
[-1.11133103e-01  5.89827499e-02  1.69204240e+09]
[-2.72420956e-01  5.34590810e-02  1.69204240e+09]
