HokinLeft_Hand
Dev2/ai0 Dev2/ai1
[-3.67490538e-01  6.70516937e-03  1.69204240e+09]
[-4.17154244e-01  6.75448784e-03  1.69204240e+09]
[-4.46383661e-01  8.11896558e-03  1.69204240e+09]
[-4.69579784e-01  8.36555795e-03  1.69204240e+09]
[-4.64204070e-01  8.31623947e-03  1.69204240e+09]
[-4.38772176e-01  7.80661526e-03  1.69204240e+09]
[-4.09477001e-01  7.64222035e-03  1.69204240e+09]
[-3.76926807e-01  1.35604371e-02  1.69204240e+09]
[-2.99299525e-01  1.00788374e-01  1.69204240e+09]
[-1.82201025e-01  2.85502480e-01  1.69204240e+09]
[-1.09242562e-01  3.45736766e-01  1.69204240e+09]
[-6.41819160e-02  3.70626151e-01  1.69204240e+09]
[-2.31325067e-02  4.21473487e-01  1.69204240e+09]
[-3.14493242e-04  4.29528836e-01  1.69204240e+09]
[-2.48735278e-04  4.22426978e-01  1.69204240e+09]
[-2.48735278e-04  4.04738089e-01  1.69204240e+09]
[-1.99416805e-04  3.93953785e-01  1.69204240e+09]
[-2.48735278e-04  3.71842673e-01  1.69204240e+09]
[-2.65174769e-04  3.35281251e-01  1.69204240e+09]
[-1.82977314e-04  3.13301655e-01  1.69204240e+09]
[-1.82977314e-04  2.78844487e-01  1.69204240e+09]
[-1.03373663e-01  2.69309583e-01  1.69204240e+09]
[-1.76512961e-01  2.64131144e-01  1.69204240e+09]
[-2.41777743e-01  2.81589881e-01  1.69204240e+09]
[-3.02176437e-01  3.00709007e-01  1.69204240e+09]
[-3.48881033e-01  3.38404754e-01  1.69204240e+09]
[-3.70482526e-01  3.72204342e-01  1.69204240e+09]
[-3.88270056e-01  3.98507523e-01  1.69204240e+09]
[-3.89009833e-01  4.22098188e-01  1.69204240e+09]
[-3.84242381e-01  4.30367250e-01  1.69204240e+09]
[-3.71419577e-01  4.25599799e-01  1.69204240e+09]
[-3.57018582e-01  4.23051678e-01  1.69204240e+09]
[-3.55128040e-01  4.20207647e-01  1.69204240e+09]
[-3.52727874e-01  4.16541641e-01  1.69204240e+09]
[-3.54749932e-01  4.16837552e-01  1.69204240e+09]
[-3.56180168e-01  4.13664731e-01  1.69204240e+09]
[-3.51001728e-01  4.09768572e-01  1.69204240e+09]
[-3.46990492e-01  4.02321484e-01  1.69204240e+09]
[-3.47467237e-01  3.99181542e-01  1.69204240e+09]
[-3.49818084e-01  3.98277370e-01  1.69204240e+09]
[-3.54207429e-01  3.99937758e-01  1.69204240e+09]
[-3.64531430e-01  4.02962624e-01  1.69204240e+09]
[-3.73556711e-01  4.05001121e-01  1.69204240e+09]
[-3.78554316e-01  4.03061261e-01  1.69204240e+09]
[-3.76663775e-01  3.99313058e-01  1.69204240e+09]
[-3.65008175e-01  3.94923715e-01  1.69204240e+09]
[-3.47401479e-01  3.87723219e-01  1.69204240e+09]
[-3.21607916e-01  3.82166672e-01  1.69204240e+09]
[-3.06401386e-01  3.82035156e-01  1.69204240e+09]
[-2.92378499e-01  3.82051596e-01  1.69204240e+09]
[-2.86443843e-01  3.82413264e-01  1.69204240e+09]
[-2.90668792e-01  3.83859939e-01  1.69204240e+09]
[-2.95074576e-01  3.84484640e-01  1.69204240e+09]
[-3.01535296e-01  3.80621360e-01  1.69204240e+09]
[-3.04642360e-01  3.77218386e-01  1.69204240e+09]
[-3.15870533e-01  3.62094057e-01  1.69204240e+09]
[-3.28989248e-01  3.45210702e-01  1.69204240e+09]
[-3.39822873e-01  3.29330157e-01  1.69204240e+09]
[-3.49801645e-01  3.11131643e-01  1.69204240e+09]
[-3.66734322e-01  3.02879019e-01  1.69204240e+09]
[-3.75891119e-01  2.92867371e-01  1.69204240e+09]
[-3.81990170e-01  2.91206982e-01  1.69204240e+09]
[-3.82269642e-01  3.14452419e-01  1.69204240e+09]
[-3.72208672e-01  3.26453246e-01  1.69204240e+09]
[-3.65304086e-01  3.26601202e-01  1.69204240e+09]
[-3.74575959e-01  3.23132469e-01  1.69204240e+09]
[-3.73688227e-01  3.16737508e-01  1.69204240e+09]
[-3.83091616e-01  3.14583935e-01  1.69204240e+09]
[-3.80822966e-01  3.15192196e-01  1.69204240e+09]
[-3.72142914e-01  3.19663737e-01  1.69204240e+09]
[-3.63725895e-01  3.16721069e-01  1.69204240e+09]
[-3.42946377e-01  3.20666546e-01  1.69204240e+09]
[-3.3863923e-01  3.2216254e-01  1.6920424e+09]
[-3.41335306e-01  3.21587158e-01  1.69204240e+09]
[-3.53533410e-01  3.27340979e-01  1.69204240e+09]
[-3.77748781e-01  3.32864647e-01  1.69204240e+09]
[-3.93892362e-01  3.32585175e-01  1.69204240e+09]
[-4.20096913e-01  3.32798889e-01  1.69204240e+09]
[-4.61146324e-01  3.31253577e-01  1.69204240e+09]
[-4.58581764e-01  3.24085960e-01  1.69204240e+09]
[-4.60225713e-01  3.29247959e-01  1.69204240e+09]
[-4.58400929e-01  3.23822928e-01  1.69204240e+09]
[-4.63579369e-01  3.20962457e-01  1.69204240e+09]
[-4.50164744e-01  3.13383853e-01  1.69204240e+09]
[-4.46679571e-01  3.11065885e-01  1.69204240e+09]
[-4.37572093e-01  3.17345769e-01  1.69204240e+09]
[-4.40284609e-01  3.12611197e-01  1.69204240e+09]
[-4.67212497e-01  3.16770387e-01  1.69204240e+09]
[-5.26394668e-01  3.28771214e-01  1.69204240e+09]
[-5.77488609e-01  3.42136518e-01  1.69204240e+09]
[-6.08608568e-01  3.71267291e-01  1.69204240e+09]
[-6.42276647e-01  3.95367581e-01  1.69204240e+09]
[-6.77111930e-01  4.09489101e-01  1.69204240e+09]
[-6.76717382e-01  4.14470266e-01  1.69204240e+09]
[-7.13870633e-01  4.34773033e-01  1.69204240e+09]
[-7.39894348e-01  4.97045810e-01  1.69204240e+09]
[-7.22057500e-01  5.06860184e-01  1.69204240e+09]
[-7.08264767e-01  5.10854979e-01  1.69204240e+09]
[-6.99814868e-01  5.20718671e-01  1.69204240e+09]
[-6.94044606e-01  5.27360223e-01  1.69204240e+09]
[-6.90378600e-01  5.36237546e-01  1.69204240e+09]
[-6.78361331e-01  5.28313713e-01  1.69204240e+09]
[-6.50299119e-01  5.21573524e-01  1.69204240e+09]
[-6.51071775e-01  5.23480504e-01  1.69204240e+09]
[-6.46616673e-01  5.19584346e-01  1.69204240e+09]
[-6.49493584e-01  5.06301241e-01  1.69204240e+09]
[-6.43821959e-01  4.94842919e-01  1.69204240e+09]
[-6.18850371e-01  4.87132799e-01  1.69204240e+09]
[-6.00964204e-01  4.86047793e-01  1.69204240e+09]
[-5.67789309e-01  4.89598722e-01  1.69204240e+09]
[-5.34778809e-01  4.96947173e-01  1.69204240e+09]
[-5.42291657e-01  4.93281167e-01  1.69204240e+09]
[-5.44330154e-01  4.93807231e-01  1.69204240e+09]
[-5.28729076e-01  4.94448371e-01  1.69204240e+09]
[-5.50412766e-01  4.93922307e-01  1.69204240e+09]
[-5.36883064e-01  4.85834080e-01  1.69204240e+09]
[-5.29699006e-01  4.81526934e-01  1.69204240e+09]
[-5.33808879e-01  4.78025324e-01  1.69204240e+09]
[-5.40631268e-01  4.74540152e-01  1.69204240e+09]
[-5.43886288e-01  4.71844076e-01  1.69204240e+09]
[-5.29337337e-01  4.68868529e-01  1.69204240e+09]
