HokinLeft_Hand
Dev2/ai0 Dev2/ai1
[-4.10679915e-02  6.62818837e-02  1.69204241e+09]
[-9.25071595e-02  6.32405779e-02  1.69204241e+09]
[-1.04540867e-01  5.56455333e-02  1.69204241e+09]
[-1.17462307e-01  4.42365268e-02  1.69204241e+09]
[-1.09226122e-01  3.92060426e-02  1.69204241e+09]
[-9.78993127e-02  3.06246285e-02  1.69204241e+09]
[-8.11474710e-02  2.12212398e-02  1.69204241e+09]
[-6.80945150e-02  2.38022398e-02  1.69204241e+09]
[-1.28509646e-01  4.09815076e-02  1.69204241e+09]
[-2.85375276e-01  4.39899344e-02  1.69204241e+09]
[-4.31916908e-01  3.79566414e-02  1.69204241e+09]
[-5.25030191e-01  8.56283184e-03  1.69204241e+09]
[-5.56495378e-01  4.60091454e-03  1.69204241e+09]
[-5.34976083e-01  4.45295912e-03  1.69204241e+09]
[-4.97428283e-01  4.45295912e-03  1.69204241e+09]
[-4.52449833e-01  4.55159606e-03  1.69204241e+09]
[-4.46432979e-01  4.63379352e-03  1.69204241e+09]
[-4.34826698e-01  4.61735403e-03  1.69204241e+09]
[-4.10578447e-01  4.68311199e-03  1.69204241e+09]
[-3.96226770e-01  4.73243046e-03  1.69204241e+09]
[-3.59698219e-01  4.68311199e-03  1.69204241e+09]
[-3.48059059e-01  4.78174894e-03  1.69204241e+09]
[-3.33641624e-01  4.73243046e-03  1.69204241e+09]
[-3.44310855e-01  4.86394639e-03  1.69204241e+09]
[-3.59007760e-01  4.88038588e-03  1.69204241e+09]
[-4.08687905e-01  4.94614384e-03  1.69204241e+09]
[-4.50970279e-01  4.91326486e-03  1.69204241e+09]
[-4.78966734e-01  4.92970435e-03  1.69204241e+09]
[-5.34893886e-01  4.96258334e-03  1.69204241e+09]
[-5.59010620e-01  4.97902283e-03  1.69204241e+09]
[-5.47124868e-01  5.07765977e-03  1.69204241e+09]
[-4.76139141e-01  1.61400774e-01  1.69204241e+09]
[-3.34200567e-01  3.40936435e-01  1.69204241e+09]
[-1.77992515e-01  4.50423425e-01  1.69204241e+09]
[-1.24728563e-01  4.82447546e-01  1.69204241e+09]
[-7.84678339e-02  4.80359731e-01  1.69204241e+09]
[-3.61361441e-02  4.64561384e-01  1.69204241e+09]
[-7.21907943e-03  4.52823590e-01  1.69204241e+09]
[-2.38586910e-03  4.27079353e-01  1.69204241e+09]
[-2.48450604e-03  3.09569891e-01  1.69204241e+09]
[-2.45162706e-03  7.90060493e-02  1.69204241e+09]
[-2.36942961e-03  6.47501650e-03  1.69204241e+09]
[-8.03419360e-02  4.96258334e-03  1.69204241e+09]
[-1.94990950e-01  4.96258334e-03  1.69204241e+09]
[-2.71171555e-01  5.02834130e-03  1.69204241e+09]
[-3.11662023e-01  5.09409926e-03  1.69204241e+09]
[-3.23317623e-01  5.04478079e-03  1.69204241e+09]
[-3.42716224e-01  5.15985723e-03  1.69204241e+09]
[-3.50130435e-01  5.07765977e-03  1.69204241e+09]
[-3.58596773e-01  5.15985723e-03  1.69204241e+09]
[-3.66586366e-01  5.20917570e-03  1.69204241e+09]
[-3.64251958e-01  5.20917570e-03  1.69204241e+09]
[-3.64054684e-01  5.19273621e-03  1.69204241e+09]
[-3.66619245e-01  5.15985723e-03  1.69204241e+09]
[-3.58054270e-01  5.19273621e-03  1.69204241e+09]
[-3.50459225e-01  5.15985723e-03  1.69204241e+09]
[-3.40053026e-01  5.27493366e-03  1.69204241e+09]
[-3.13848476e-01  5.15985723e-03  1.69204241e+09]
[-2.37980221e-01  5.22561519e-03  1.69204241e+09]
[-1.12826371e-01  5.24205468e-03  1.69204241e+09]
[-1.97295321e-02  6.31255015e-02  1.69204241e+09]
[-3.50218961e-05  1.49235552e-01  1.69204241e+09]
[-3.50218961e-05  2.18462243e-01  1.69204241e+09]
[-3.50218961e-05  2.58689673e-01  1.69204241e+09]
[-1.00779860e-04  2.65429864e-01  1.69204241e+09]
[-3.50218961e-05  2.58607476e-01  1.69204241e+09]
[-1.85824052e-05  2.54481164e-01  1.69204241e+09]
[-6.79008779e-05  2.56338826e-01  1.69204241e+09]
[-6.79008779e-05  2.65544940e-01  1.69204241e+09]
[-3.50218961e-05  2.79485627e-01  1.69204241e+09]
[-1.50098332e-04  2.79666461e-01  1.69204241e+09]
[-5.14613870e-05  2.74208551e-01  1.69204241e+09]
[-8.43403688e-05  2.66465551e-01  1.69204241e+09]
[-8.43403688e-05  2.56256629e-01  1.69204241e+09]
[-6.79008779e-05  2.34490745e-01  1.69204241e+09]
[-6.79008779e-05  1.33897507e-01  1.69204241e+09]
[-3.50218961e-05  4.44338007e-02  1.69204241e+09]
[-2.14291431e-06  6.98464071e-03  1.69204241e+09]
[-8.43403688e-05  5.75167890e-03  1.69204241e+09]
[-6.79008779e-05  5.52152603e-03  1.69204241e+09]
[-8.19365666e-02  5.52152603e-03  1.69204241e+09]
[-1.37239016e-01  5.42288908e-03  1.69204241e+09]
[-1.47924685e-01  5.39001010e-03  1.69204241e+09]
[-1.62654470e-01  5.42288908e-03  1.69204241e+09]
[-1.60254304e-01  5.34069163e-03  1.69204241e+09]
[-1.36959544e-01  5.32425214e-03  1.69204241e+09]
[-7.13002158e-02  5.27493366e-03  1.69204241e+09]
[-7.56430874e-03  3.49975330e-02  1.69204241e+09]
[-3.50218961e-05  1.02974826e-01  1.69204241e+09]
[-1.00779860e-04  1.52260418e-01  1.69204241e+09]
[-6.79008779e-05  1.46539475e-01  1.69204241e+09]
[-1.17219351e-04  1.15288004e-01  1.69204241e+09]
[-8.43403688e-05  3.79566414e-02  1.69204241e+09]
[-6.79008779e-05  4.96258334e-03  1.69204241e+09]
[-3.50218961e-05  4.84750690e-03  1.69204241e+09]
[-8.43403688e-05  5.29494568e-02  1.69204241e+09]
[-5.14613870e-05  1.31776813e-01  1.69204241e+09]
[-6.79008779e-05  1.84975003e-01  1.69204241e+09]
[-8.43403688e-05  1.93030352e-01  1.69204241e+09]
[-3.50218961e-05  1.85813416e-01  1.69204241e+09]
[-8.43403688e-05  1.76179875e-01  1.69204241e+09]
[-5.14613870e-05  1.68354678e-01  1.69204241e+09]
[-8.43403688e-05  1.48676609e-01  1.69204241e+09]
[-5.14613870e-05  5.52838645e-02  1.69204241e+09]
[-6.50203301e-02  8.36555795e-03  1.69204241e+09]
[-2.10016645e-01  5.71879992e-03  1.69204241e+09]
[-2.97704895e-01  5.50508653e-03  1.69204241e+09]
[-3.26276732e-01  5.43932857e-03  1.69204241e+09]
[-3.29235840e-01  5.50508653e-03  1.69204241e+09]
[-3.29860541e-01  5.43932857e-03  1.69204241e+09]
[-3.27756286e-01  5.50508653e-03  1.69204241e+09]
[-3.32375783e-01  5.50508653e-03  1.69204241e+09]
[-3.27345299e-01  5.32425214e-03  1.69204241e+09]
[-3.17218572e-01  5.27493366e-03  1.69204241e+09]
[-3.05973959e-01  9.48344332e-03  1.69204241e+09]
[-2.79868046e-01  8.89162165e-03  1.69204241e+09]
[-2.61916121e-01  4.69955148e-03  1.69204241e+09]
[-2.39887202e-01  2.62817563e-03  1.69204241e+09]
[-2.07189053e-01  2.43090174e-03  1.69204241e+09]
[-1.51837284e-01  7.39562798e-03  1.69204241e+09]
[-9.25893570e-02  1.99553990e-02  1.69204241e+09]
[-4.60984757e-02  2.93752272e-02  1.69204241e+09]
[-1.31866146e-02  3.07232654e-02  1.69204241e+09]
[-6.76162042e-04  3.08547814e-02  1.69204241e+09]
[-4.62448660e-04  6.30926225e-02  1.69204241e+09]
[-4.95327642e-04  1.26598374e-01  1.69204241e+09]
[-5.11767132e-04  1.71313787e-01  1.69204241e+09]
[-5.61085605e-04  1.73582436e-01  1.69204241e+09]
[-5.28206623e-04  1.70278099e-01  1.69204241e+09]
[-5.28206623e-04  1.69324608e-01  1.69204241e+09]
[-5.77525096e-04  1.61976156e-01  1.69204241e+09]
[-6.10404078e-04  1.27338151e-01  1.69204241e+09]
[-5.77525096e-04  3.38960871e-02  1.69204241e+09]
[-4.78888151e-04  5.32425214e-03  1.69204241e+09]
[-5.28206623e-04  5.14341774e-03  1.69204241e+09]
[-2.33655063e-03  5.11053875e-03  1.69204241e+09]
[-4.39777814e-02  5.02834130e-03  1.69204241e+09]
[-1.05362842e-01  4.99546232e-03  1.69204241e+09]
[-1.51820845e-01  5.01190181e-03  1.69204241e+09]
[-1.69378222e-01  4.89682537e-03  1.69204241e+09]
[-1.74556662e-01  5.02834130e-03  1.69204241e+09]
[-1.58988463e-01  4.97902283e-03  1.69204241e+09]
[-1.20980359e-01  4.91326486e-03  1.69204241e+09]
[-7.64622160e-02  4.91326486e-03  1.69204241e+09]
[-6.10090942e-02  4.83106741e-03  1.69204241e+09]
[-3.75992588e-02  4.92970435e-03  1.69204241e+09]
[-8.76439158e-03  4.97902283e-03  1.69204241e+09]
[-9.72072878e-04  4.81462792e-03  1.69204241e+09]
[-9.55633387e-04  1.99389594e-02  1.69204241e+09]
[-2.48735278e-04  1.01002087e-01  1.69204241e+09]
[-4.78888151e-04  1.39141705e-01  1.69204241e+09]
[-6.10404078e-04  1.39207463e-01  1.69204241e+09]
[-7.41920005e-04  1.26318902e-01  1.69204241e+09]
[-7.91238478e-04  8.55489665e-02  1.69204241e+09]
[-8.56996442e-04  1.31165708e-02  1.69204241e+09]
[-9.22754405e-04  3.36795272e-03  1.69204241e+09]
[-8.24117460e-04  3.17067883e-03  1.69204241e+09]
[-7.91238478e-04  3.13779985e-03  1.69204241e+09]
[-8.89875423e-04  3.03916290e-03  1.69204241e+09]
[-8.73435933e-04  2.95696545e-03  1.69204241e+09]
[-9.22754405e-04  3.10492087e-03  1.69204241e+09]
[-9.88512369e-04  3.03916290e-03  1.69204241e+09]
[-9.22754405e-04  3.02272341e-03  1.69204241e+09]
[-7.74321460e-02  2.89120748e-03  1.69204241e+09]
[-1.25205308e-01  2.90764697e-03  1.69204241e+09]
[-1.49798787e-01  2.87476799e-03  1.69204241e+09]
[-1.54270329e-01  2.94052596e-03  1.69204241e+09]
[-1.49798787e-01  2.92408647e-03  1.69204241e+09]
[-1.43535341e-01  3.00628392e-03  1.69204241e+09]
[-1.40033729e-01  2.98984443e-03  1.69204241e+09]
[-1.42105105e-01  3.05560239e-03  1.69204241e+09]
[-1.50144017e-01  3.03916290e-03  1.69204241e+09]
[-1.63936750e-01  2.95696545e-03  1.69204241e+09]
[-1.65975247e-01  2.90764697e-03  1.69204241e+09]
[-1.68243897e-01  3.03916290e-03  1.69204241e+09]
[-1.64397056e-01  3.02272341e-03  1.69204241e+09]
[-1.76973267e-01  3.00628392e-03  1.69204241e+09]
[-1.87626057e-01  2.95696545e-03  1.69204241e+09]
[-1.98196651e-01  2.98984443e-03  1.69204241e+09]
[-2.08405575e-01  3.00628392e-03  1.69204241e+09]
[-2.20192691e-01  3.08848137e-03  1.69204241e+09]
[-2.21409213e-01  3.03916290e-03  1.69204241e+09]
[-2.16115697e-01  3.05560239e-03  1.69204241e+09]
[-2.11266047e-01  3.00628392e-03  1.69204241e+09]
[-2.04821766e-01  3.00628392e-03  1.69204241e+09]
[-1.81362611e-01  3.03916290e-03  1.69204241e+09]
[-1.44505271e-01  3.05560239e-03  1.69204241e+09]
[-1.00924179e-01  3.05560239e-03  1.69204241e+09]
[-3.09083860e-02  3.00628392e-03  1.69204241e+09]
[-3.42155703e-03  2.68928641e-02  1.69204241e+09]
[-1.00779860e-04  8.02390111e-02  1.69204241e+09]
[-8.43403688e-05  1.03731043e-01  1.69204241e+09]
[-5.14613870e-05  1.06690151e-01  1.69204241e+09]
[-5.14613870e-05  9.79936607e-02  1.69204241e+09]
[-3.50218961e-05  8.02883296e-02  1.69204241e+09]
[-2.14291431e-06  4.49269854e-02  1.69204242e+09]
[-8.43403688e-05  8.05320762e-03  1.69204242e+09]
[-3.50218961e-05  3.03916290e-03  1.69204242e+09]
[-5.14613870e-05  2.90764697e-03  1.69204242e+09]
[-5.14613870e-05  2.79257054e-03  1.69204242e+09]
[-8.43403688e-05  2.69393359e-03  1.69204242e+09]
[-8.02761780e-02  2.34870428e-03  1.69204242e+09]
[-1.39047360e-01  2.34870428e-03  1.69204242e+09]
[-1.69000113e-01  2.39802276e-03  1.69204242e+09]
[-1.80622834e-01  2.44734123e-03  1.69204242e+09]
[-1.82743528e-01  2.44734123e-03  1.69204242e+09]
[-1.79636465e-01  2.48022021e-03  1.69204242e+09]
[-1.71909903e-01  2.41446225e-03  1.69204242e+09]
[-1.46264297e-01  2.39802276e-03  1.69204242e+09]
[-9.54827075e-02  2.36514378e-03  1.69204242e+09]
[-3.87007047e-02  2.43090174e-03  1.69204242e+09]
[-8.20544889e-03  2.39802276e-03  1.69204242e+09]
[-1.08714931e-03  2.41446225e-03  1.69204242e+09]
[-1.18578626e-03  2.43090174e-03  1.69204242e+09]
[-1.28442321e-03  2.49665970e-03  1.69204242e+09]
[-1.41593913e-03  2.51309919e-03  1.69204242e+09]
[-1.39949964e-03  2.46378072e-03  1.69204242e+09]
[-1.46525761e-03  2.51309919e-03  1.69204242e+09]
[-1.33374168e-03  2.33226479e-03  1.69204242e+09]
[-1.43237862e-03  2.48022021e-03  1.69204242e+09]
[-3.55278830e-02  2.54597818e-03  1.69204242e+09]
[-1.78781611e-01  2.54597818e-03  1.69204242e+09]
[-2.24384761e-01  2.43090174e-03  1.69204242e+09]
[-2.36911654e-01  2.48022021e-03  1.69204242e+09]
[-2.46906865e-01  2.48022021e-03  1.69204242e+09]
[-2.52019547e-01  2.49665970e-03  1.69204242e+09]
[-2.61472255e-01  2.54597818e-03  1.69204242e+09]
[-2.75560899e-01  2.51309919e-03  1.69204242e+09]
[-2.82925792e-01  2.44734123e-03  1.69204242e+09]
[-2.90093410e-01  2.44734123e-03  1.69204242e+09]
[-3.00466729e-01  2.52953868e-03  1.69204242e+09]
[-3.04510844e-01  2.46378072e-03  1.69204242e+09]
[-3.15903412e-01  2.54597818e-03  1.69204242e+09]
[-3.11842858e-01  2.51309919e-03  1.69204242e+09]
[-2.99036494e-01  2.49665970e-03  1.69204242e+09]
[-2.64414924e-01  2.54597818e-03  1.69204242e+09]
[-2.04690250e-01  2.54597818e-03  1.69204242e+09]
[-1.36860907e-01  2.51309919e-03  1.69204242e+09]
[-7.92240505e-02  2.48022021e-03  1.69204242e+09]
[-3.87007047e-02  2.48022021e-03  1.69204242e+09]
[-1.47319268e-02  5.32453677e-02  1.69204242e+09]
[-1.58033404e-03  1.37563514e-01  1.69204242e+09]
[-1.58033404e-03  1.63455710e-01  1.69204242e+09]
[-1.61321302e-03  1.54890736e-01  1.69204242e+09]
[-1.66253150e-03  1.35919565e-01  1.69204242e+09]
[-1.74472895e-03  1.04158470e-01  1.69204242e+09]
[-1.69541048e-03  8.72915525e-02  1.69204242e+09]
[-1.69541048e-03  8.98067945e-02  1.69204242e+09]
[-1.66253150e-03  9.08589219e-02  1.69204242e+09]
[-1.69541048e-03  6.39474760e-02  1.69204242e+09]
[-1.76116844e-03  8.46419489e-03  1.69204242e+09]
[-1.72828946e-03  3.59810559e-03  1.69204242e+09]
[-1.74472895e-03  3.54878712e-03  1.69204242e+09]
[-1.77760793e-03  3.54878712e-03  1.69204242e+09]
[-1.72828946e-03  3.46658967e-03  1.69204242e+09]
[-1.79404742e-03  3.45015017e-03  1.69204242e+09]
[-1.72828946e-03  3.43371068e-03  1.69204242e+09]
[-1.72828946e-03  3.40083170e-03  1.69204242e+09]
[-1.76116844e-03  3.36795272e-03  1.69204242e+09]
[-1.81048691e-03  3.28575527e-03  1.69204242e+09]
[-1.74472895e-03  3.41727119e-03  1.69204242e+09]
