HokinLeft_Hand
Dev2/ai0 Dev2/ai1
[-2.71437425e-02  5.78455788e-03  1.69204242e+09]
[-2.60751756e-02  5.68592093e-03  1.69204242e+09]
[-2.54175960e-02  5.47220755e-03  1.69204242e+09]
[-2.53025195e-02  5.58728399e-03  1.69204242e+09]
[-2.52860800e-02  5.63660246e-03  1.69204242e+09]
[-2.50394877e-02  5.50508653e-03  1.69204242e+09]
[-2.48093348e-02  5.29137315e-03  1.69204242e+09]
[-2.45463029e-02  4.97902283e-03  1.69204242e+09]
[-2.50723666e-02  5.39001010e-03  1.69204242e+09]
[-2.52203221e-02  5.48864704e-03  1.69204242e+09]
