HokinLeft_Hand
Dev2/ai0 Dev2/ai1
[-8.55203757e-02  3.45015017e-03  1.69204242e+09]
[-4.52600617e-02  3.48302916e-03  1.69204242e+09]
[-9.52060816e-03  3.46658967e-03  1.69204242e+09]
[-2.18859521e-03  3.45015017e-03  1.69204242e+09]
[-2.20503470e-03  3.38439221e-03  1.69204242e+09]
[-1.97624110e-02  3.40083170e-03  1.69204242e+09]
[-5.95952980e-02  3.45015017e-03  1.69204242e+09]
[-1.36334844e-01  4.10772981e-03  1.69204242e+09]
[-2.03523046e-01  4.69955148e-03  1.69204242e+09]
[-2.54699184e-01  4.79818843e-03  1.69204242e+09]
[-2.86772633e-01  5.06122028e-03  1.69204242e+09]
[-3.10034514e-01  4.17348777e-03  1.69204242e+09]
