HokinLeft_Hand
Dev2/ai0 Dev2/ai1
[-1.77760793e-03  3.46851827e-02  1.69204243e+09]
[-7.36703485e-03  1.07166896e-01  1.69204243e+09]
[-1.24468376e-02  1.85649022e-01  1.69204243e+09]
[-1.35811624e-02  2.39817140e-01  1.69204243e+09]
[-8.38628329e-03  2.66169641e-01  1.69204243e+09]
[-2.15856296e-04  2.64969558e-01  1.69204243e+09]
[-5.14613870e-05  2.70953532e-01  1.69204243e+09]
[-1.33658842e-04  3.04128421e-01  1.69204243e+09]
[-1.00779860e-04  3.49550727e-01  1.69204243e+09]
[-1.99416805e-04  3.81130984e-01  1.69204243e+09]
[-1.17219351e-04  3.85536767e-01  1.69204243e+09]
[-1.50098332e-04  3.82692736e-01  1.69204243e+09]
[-1.99416805e-04  3.79273322e-01  1.69204243e+09]
[-1.17219351e-04  3.75525119e-01  1.69204243e+09]
[-1.33658842e-04  3.73618138e-01  1.69204243e+09]
[-2.15856296e-04  3.76429291e-01  1.69204243e+09]
[-1.82977314e-04  3.87410869e-01  1.69204243e+09]
[-2.15856296e-04  4.06776585e-01  1.69204243e+09]
[-1.66537823e-04  4.12366011e-01  1.69204243e+09]
[-3.23715007e-02  4.03373611e-01  1.69204243e+09]
[-8.86110001e-02  3.85553206e-01  1.69204243e+09]
[-1.28904194e-01  3.68324623e-01  1.69204243e+09]
[-1.56686934e-01  3.67551967e-01  1.69204243e+09]
[-1.84699828e-01  3.71481005e-01  1.69204243e+09]
[-2.36418469e-01  3.65464152e-01  1.69204243e+09]
[-2.52364776e-01  3.57836229e-01  1.69204243e+09]
[-2.52085305e-01  3.45851843e-01  1.69204243e+09]
[-2.41383196e-01  3.45325779e-01  1.69204243e+09]
[-2.21639366e-01  3.46640938e-01  1.69204243e+09]
[-1.90519408e-01  3.44586002e-01  1.69204243e+09]
[-1.58363762e-01  3.39341805e-01  1.69204243e+09]
[-1.30630340e-01  3.04999713e-01  1.69204243e+09]
[-1.23775072e-01  1.71083634e-01  1.69204243e+09]
[-1.33046945e-01  9.25193104e-02  1.69204243e+09]
[-1.51311220e-01  1.13594737e-01  1.69204243e+09]
[-1.89154930e-01  1.85270913e-01  1.69204243e+09]
[-2.08306938e-01  2.25827134e-01  1.69204243e+09]
[-2.19978977e-01  2.51850846e-01  1.69204243e+09]
[-2.29070016e-01  2.60366501e-01  1.69204243e+09]
[-2.41892820e-01  2.66531309e-01  1.69204243e+09]
[-2.53860770e-01  2.69901405e-01  1.69204243e+09]
[-2.67061682e-01  2.68849277e-01  1.69204243e+09]
[-2.75791052e-01  2.68586246e-01  1.69204243e+09]
[-2.89485149e-01  2.70378150e-01  1.69204243e+09]
[-2.99332404e-01  2.73731806e-01  1.69204243e+09]
[-3.10149590e-01  2.76608716e-01  1.69204243e+09]
[-3.17103495e-01  2.81935111e-01  1.69204243e+09]
[-3.21657235e-01  2.84335276e-01  1.69204243e+09]
[-3.34036172e-01  2.89431518e-01  1.69204243e+09]
[-3.31520930e-01  2.96221026e-01  1.69204243e+09]
[-3.26868553e-01  2.99837714e-01  1.69204243e+09]
[-3.23268305e-01  3.01580300e-01  1.69204243e+09]
[-3.21903827e-01  3.04490089e-01  1.69204243e+09]
[-3.19257069e-01  3.03799631e-01  1.69204243e+09]
[-3.16199323e-01  3.01892650e-01  1.69204243e+09]
[-3.12977183e-01  3.00199383e-01  1.69204243e+09]
[-3.07815182e-01  2.97848536e-01  1.69204243e+09]
[-3.04116297e-01  2.95119581e-01  1.69204243e+09]
[-2.99644755e-01  2.94297606e-01  1.69204243e+09]
[-2.96373296e-01  2.93278358e-01  1.69204243e+09]
[-2.90586595e-01  2.92242670e-01  1.69204243e+09]
[-2.81117447e-01  2.89300002e-01  1.69204243e+09]
[-2.77829549e-01  2.88050601e-01  1.69204243e+09]
[-2.78339173e-01  2.87195747e-01  1.69204243e+09]
[-2.79046071e-01  2.87705371e-01  1.69204243e+09]
[-2.78914555e-01  2.86554607e-01  1.69204243e+09]
[-2.80311912e-01  2.84483231e-01  1.69204243e+09]
[-2.78585766e-01  2.83710575e-01  1.69204243e+09]
[-2.76497950e-01  2.83200951e-01  1.69204243e+09]
[-2.74426574e-01  2.82872162e-01  1.69204243e+09]
[-2.73177173e-01  2.81737837e-01  1.69204243e+09]
[-2.71697619e-01  2.80143206e-01  1.69204243e+09]
[-2.68968663e-01  2.79534945e-01  1.69204243e+09]
[-2.64579319e-01  2.78992442e-01  1.69204243e+09]
[-2.62014758e-01  2.77973194e-01  1.69204243e+09]
[-2.61521573e-01  2.76740232e-01  1.69204243e+09]
[-2.60568083e-01  2.76148411e-01  1.69204243e+09]
[-2.58513146e-01  2.76805990e-01  1.69204243e+09]
[-2.55767751e-01  2.76723793e-01  1.69204243e+09]
[-2.51740075e-01  2.76148411e-01  1.69204243e+09]
[-2.51641438e-01  2.75556589e-01  1.69204243e+09]
[-2.47663081e-01  2.76131971e-01  1.69204243e+09]
[-2.47137018e-01  2.76625156e-01  1.69204243e+09]
[-2.46660272e-01  2.75737423e-01  1.69204243e+09]
[-2.48041190e-01  2.73534532e-01  1.69204243e+09]
[-2.47235655e-01  2.73107105e-01  1.69204243e+09]
[-2.47284973e-01  2.73370137e-01  1.69204243e+09]
[-2.46972623e-01  2.74833251e-01  1.69204243e+09]
[-2.46561635e-01  2.74192111e-01  1.69204243e+09]
[-2.46167088e-01  2.73550971e-01  1.69204243e+09]
[-2.45723221e-01  2.75392194e-01  1.69204243e+09]
[-2.45920495e-01  2.77282735e-01  1.69204243e+09]
[-2.45969814e-01  2.77611525e-01  1.69204243e+09]
[-2.48485056e-01  2.75836060e-01  1.69204243e+09]
[-2.48682330e-01  2.76263487e-01  1.69204243e+09]
[-2.50983859e-01  2.76099092e-01  1.69204243e+09]
[-2.52825082e-01  2.74783933e-01  1.69204243e+09]
[-2.55159490e-01  2.71890583e-01  1.69204243e+09]
[-2.56063662e-01  2.70295952e-01  1.69204243e+09]
[-2.54205999e-01  2.69819207e-01  1.69204243e+09]
[-2.52282579e-01  2.67895787e-01  1.69204243e+09]
[-2.49783776e-01  2.63605080e-01  1.69204243e+09]
[-2.48698769e-01  2.60826807e-01  1.69204243e+09]
[-2.47235655e-01  2.60843246e-01  1.69204243e+09]
[-2.46462999e-01  2.61204915e-01  1.69204243e+09]
[-2.46315043e-01  2.63144775e-01  1.69204243e+09]
[-2.45788979e-01  2.62470756e-01  1.69204243e+09]
[-2.45690342e-01  2.60974762e-01  1.69204243e+09]
[-2.45246476e-01  2.61977571e-01  1.69204243e+09]
[-2.44884807e-01  2.63325609e-01  1.69204243e+09]
