HokinLeft_Hand
Dev2/ai0 Dev2/ai1
[-9.88227697e-03  1.15548192e-02  1.69204243e+09]
[-1.85980539e-03  4.69955148e-03  1.69204243e+09]
[-1.92556335e-03  4.96258334e-03  1.69204243e+09]
[-1.92556335e-03  4.97902283e-03  1.69204243e+09]
[-8.27749807e-02  4.92970435e-03  1.69204243e+09]
[-1.19895352e-01  4.91326486e-03  1.69204243e+09]
[-1.31748226e-01  4.92970435e-03  1.69204243e+09]
[-1.59810438e-01  4.86394639e-03  1.69204243e+09]
[-2.12762040e-01  4.89682537e-03  1.69204243e+09]
[-3.10757851e-01  5.02834130e-03  1.69204243e+09]
[-3.76450061e-01  4.91326486e-03  1.69204243e+09]
[-4.06468574e-01  5.01190181e-03  1.69204243e+09]
[-4.27642640e-01  5.04478079e-03  1.69204243e+09]
[-4.13093689e-01  4.96258334e-03  1.69204243e+09]
[-4.09674275e-01  5.01190181e-03  1.69204243e+09]
[-4.11449740e-01  5.01190181e-03  1.69204243e+09]
[-4.25554824e-01  4.89682537e-03  1.69204243e+09]
[-4.37243303e-01  4.97902283e-03  1.69204243e+09]
[-4.35155488e-01  5.01190181e-03  1.69204243e+09]
[-4.25061639e-01  4.96258334e-03  1.69204243e+09]
[-4.13373161e-01  4.94614384e-03  1.69204243e+09]
[-3.91229165e-01  5.02834130e-03  1.69204243e+09]
[-3.84143744e-01  4.97902283e-03  1.69204243e+09]
[-3.76499380e-01  4.94614384e-03  1.69204243e+09]
[-3.69841386e-01  4.91326486e-03  1.69204243e+09]
[-3.58728289e-01  4.97902283e-03  1.69204243e+09]
[-3.57824117e-01  4.97902283e-03  1.69204243e+09]
[-3.57215856e-01  4.99546232e-03  1.69204243e+09]
[-3.58448818e-01  5.06122028e-03  1.69204243e+09]
[-3.64202640e-01  4.99546232e-03  1.69204243e+09]
[-3.66421971e-01  4.96258334e-03  1.69204243e+09]
[-3.74723915e-01  4.96258334e-03  1.69204243e+09]
[-3.77206278e-01  4.94614384e-03  1.69204243e+09]
[-3.87250808e-01  5.01190181e-03  1.69204243e+09]
[-4.00846268e-01  5.06122028e-03  1.69204243e+09]
[-4.51923769e-01  4.96258334e-03  1.69204243e+09]
[-5.08278348e-01  4.91326486e-03  1.69204243e+09]
[-5.43721893e-01  5.02834130e-03  1.69204243e+09]
[-5.97347516e-01  4.97902283e-03  1.69204243e+09]
[-6.12734880e-01  4.97902283e-03  1.69204243e+09]
[-6.14395269e-01  4.96258334e-03  1.69204244e+09]
[-6.09792211e-01  4.92970435e-03  1.69204244e+09]
[-5.90623763e-01  5.04478079e-03  1.69204244e+09]
[-5.59010620e-01  4.96258334e-03  1.69204244e+09]
[-5.48094798e-01  4.96258334e-03  1.69204244e+09]
[-5.51070346e-01  5.01190181e-03  1.69204244e+09]
[-5.65339825e-01  4.99546232e-03  1.69204244e+09]
[-5.67805749e-01  5.04478079e-03  1.69204244e+09]
[-5.66589226e-01  5.06122028e-03  1.69204244e+09]
[-5.63794513e-01  4.92970435e-03  1.69204244e+09]
[-5.59306531e-01  4.92970435e-03  1.69204244e+09]
[-5.41519001e-01  4.89682537e-03  1.69204244e+09]
[-5.19720235e-01  4.97902283e-03  1.69204244e+09]
[-4.43325915e-01  1.39634889e-01  1.69204244e+09]
[-3.26523324e-01  2.93738664e-01  1.69204244e+09]
[-2.30122144e-01  3.86046391e-01  1.69204244e+09]
[-1.22131123e-01  4.14864813e-01  1.69204244e+09]
[-3.13686917e-02  4.01203599e-01  1.69204244e+09]
[-1.17219351e-04  3.75081253e-01  1.69204244e+09]
[-1.00779860e-04  3.39654155e-01  1.69204244e+09]
[-1.17219351e-04  1.26910724e-01  1.69204244e+09]
[-1.33658842e-04  3.12000107e-02  1.69204244e+09]
[-1.17219351e-04  6.54077446e-03  1.69204244e+09]
[-1.82977314e-04  6.03115024e-03  1.69204244e+09]
[-6.44942664e-02  5.78455788e-03  1.69204244e+09]
[-1.93281243e-01  5.63660246e-03  1.69204244e+09]
[-2.60650280e-01  5.58728399e-03  1.69204244e+09]
[-2.76218479e-01  5.53796552e-03  1.69204244e+09]
[-2.91244174e-01  5.60372348e-03  1.69204244e+09]
[-2.94762226e-01  5.50508653e-03  1.69204244e+09]
[-3.00105061e-01  5.42288908e-03  1.69204244e+09]
[-3.00647564e-01  5.42288908e-03  1.69204244e+09]
[-3.05530093e-01  5.47220755e-03  1.69204244e+09]
[-3.08620717e-01  5.35713112e-03  1.69204244e+09]
[-3.06763055e-01  5.43932857e-03  1.69204244e+09]
[-2.76613027e-01  5.34069163e-03  1.69204244e+09]
[-1.71400279e-01  5.30781264e-03  1.69204244e+09]
[-2.39051628e-02  5.34069163e-03  1.69204244e+09]
[-5.14613870e-05  5.30781264e-03  1.69204244e+09]
[-1.00779860e-04  1.03040584e-01  1.69204244e+09]
[-1.17219351e-04  1.83413251e-01  1.69204244e+09]
[-1.66537823e-04  2.22687192e-01  1.69204244e+09]
[-1.50098332e-04  2.51176827e-01  1.69204244e+09]
[-1.82977314e-04  2.67534118e-01  1.69204244e+09]
[-2.32295787e-04  2.78449939e-01  1.69204244e+09]
[-1.99416805e-04  2.76460761e-01  1.69204244e+09]
[-2.32295787e-04  2.70526105e-01  1.69204244e+09]
[-2.32295787e-04  2.59199297e-01  1.69204244e+09]
[-2.48735278e-04  1.74766079e-01  1.69204244e+09]
[-2.65174769e-04  4.37597816e-02  1.69204244e+09]
[-1.82977314e-04  6.55721395e-03  1.69204244e+09]
[-2.15856296e-04  6.08046872e-03  1.69204244e+09]
[-2.32295787e-04  5.89963432e-03  1.69204244e+09]
[-1.74115639e-02  5.73523941e-03  1.69204244e+09]
[-6.36229733e-02  5.62016297e-03  1.69204244e+09]
[-9.45456565e-02  5.60372348e-03  1.69204244e+09]
[-9.47429303e-02  5.48864704e-03  1.69204244e+09]
[-9.75705229e-02  5.47220755e-03  1.69204244e+09]
[-9.41511087e-02  5.43932857e-03  1.69204244e+09]
[-9.42826246e-02  5.43932857e-03  1.69204244e+09]
[-1.11133103e-01  5.42288908e-03  1.69204244e+09]
[-1.23659996e-01  5.43932857e-03  1.69204244e+09]
[-1.14157970e-01  5.35713112e-03  1.69204244e+09]
[-8.33503629e-02  5.37357061e-03  1.69204244e+09]
[-4.03610933e-02  5.43932857e-03  1.69204244e+09]
[-7.54786925e-03  5.37357061e-03  1.69204244e+09]
[-2.41874808e-03  5.45576806e-03  1.69204244e+09]
[-2.25435317e-03  3.70195904e-02  1.69204244e+09]
[-2.18859521e-03  5.07465651e-02  1.69204244e+09]
[-2.18859521e-03  4.18199217e-02  1.69204244e+09]
[-2.22147419e-03  8.02032864e-03  1.69204244e+09]
[-1.00466719e-02  1.60892719e-03  1.69204244e+09]
[-5.54525462e-02  1.57604821e-03  1.69204244e+09]
[-8.25448278e-02  1.59248770e-03  1.69204244e+09]
[-7.15139291e-02  1.64180618e-03  1.69204244e+09]
[-4.46846795e-02  1.64180618e-03  1.69204244e+09]
[-2.61738125e-02  1.65824567e-03  1.69204244e+09]
[-1.72142899e-02  1.70756414e-03  1.69204244e+09]
[-1.46990478e-02  1.77332210e-03  1.69204244e+09]
[-1.60964046e-02  1.78976159e-03  1.69204244e+09]
[-1.76252772e-02  1.80620108e-03  1.69204244e+09]
[-1.88417995e-02  1.72400363e-03  1.69204244e+09]
[-1.88253601e-02  1.92127752e-03  1.69204244e+09]
[-1.91541499e-02  1.92127752e-03  1.69204244e+09]
[-1.86938441e-02  1.97059599e-03  1.69204244e+09]
[-1.92692263e-02  1.95415650e-03  1.69204244e+09]
[-2.00747614e-02  2.01991447e-03  1.69204244e+09]
[-2.41517551e-02  2.01991447e-03  1.69204244e+09]
[-2.85739782e-02  1.95415650e-03  1.69204244e+09]
[-2.04199907e-02  3.47016222e-02  1.69204244e+09]
[-1.69541048e-03  1.34670163e-01  1.69204244e+09]
[-1.56389455e-03  2.09963027e-01  1.69204244e+09]
[-1.61321302e-03  2.41674802e-01  1.69204244e+09]
[-1.51457608e-03  2.52311151e-01  1.69204244e+09]
[-1.53101557e-03  2.49993183e-01  1.69204244e+09]
[-1.49813659e-03  2.46162782e-01  1.69204244e+09]
[-1.53101557e-03  2.42874885e-01  1.69204244e+09]
[-1.54745506e-03  2.41280254e-01  1.69204244e+09]
[-1.59677353e-03  2.36545681e-01  1.69204244e+09]
[-1.56389455e-03  2.30347994e-01  1.69204244e+09]
[-1.54745506e-03  2.17656708e-01  1.69204244e+09]
[-1.56389455e-03  2.09732874e-01  1.69204244e+09]
[-1.56389455e-03  1.93013913e-01  1.69204244e+09]
[-1.54745506e-03  9.65634251e-02  1.69204244e+09]
[-4.46009169e-04  2.18623799e-02  1.69204244e+09]
[-1.50098332e-04  5.89963432e-03  1.69204244e+09]
[-5.55676227e-02  5.45576806e-03  1.69204244e+09]
[-1.31238601e-01  5.30781264e-03  1.69204244e+09]
[-1.78617216e-01  5.20917570e-03  1.69204244e+09]
[-2.06810944e-01  5.14341774e-03  1.69204244e+09]
[-2.33048373e-01  4.92970435e-03  1.69204244e+09]
[-2.50622190e-01  4.79818843e-03  1.69204244e+09]
[-2.57921324e-01  4.71599097e-03  1.69204244e+09]
[-2.66617816e-01  4.65023301e-03  1.69204244e+09]
[-2.77632275e-01  4.69955148e-03  1.69204244e+09]
[-2.87364454e-01  4.51871708e-03  1.69204244e+09]
[-2.86772633e-01  4.46939861e-03  1.69204244e+09]
[-2.79868046e-01  4.27212472e-03  1.69204244e+09]
[-2.65072503e-01  4.15704828e-03  1.69204244e+09]
[-2.46693151e-01  4.00909286e-03  1.69204244e+09]
[-2.18351468e-01  3.87757694e-03  1.69204244e+09]
[-2.17052748e-01  3.79537948e-03  1.69204244e+09]
[-1.98098014e-01  3.86113745e-03  1.69204244e+09]
[-1.19073378e-01  3.72962152e-03  1.69204244e+09]
[-3.16152841e-02  3.77893999e-03  1.69204244e+09]
[-1.46525761e-03  3.74606101e-03  1.69204244e+09]
[-1.51457608e-03  5.35905970e-02  1.69204244e+09]
[-1.64609201e-03  1.33568718e-01  1.69204244e+09]
[-1.72828946e-03  1.78284130e-01  1.69204244e+09]
[-1.74472895e-03  2.05721638e-01  1.69204244e+09]
[-1.64609201e-03  2.14500326e-01  1.69204244e+09]
[-1.77760793e-03  2.16884052e-01  1.69204244e+09]
[-1.77760793e-03  2.14648281e-01  1.69204244e+09]
[-1.72828946e-03  2.11574097e-01  1.69204244e+09]
[-1.74472895e-03  2.02515938e-01  1.69204244e+09]
[-1.82692641e-03  1.40687017e-01  1.69204244e+09]
[-1.69541048e-03  8.46612340e-02  1.69204244e+09]
[-1.81048691e-03  3.12657686e-02  1.69204244e+09]
[-1.81048691e-03  8.15184456e-03  1.69204244e+09]
[-1.74472895e-03  7.39562799e-03  1.69204244e+09]
[-1.77760793e-03  7.00108020e-03  1.69204244e+09]
[-1.79404742e-03  6.83668530e-03  1.69204244e+09]
[-1.89268437e-03  6.82024580e-03  1.69204244e+09]
[-1.79404742e-03  6.68872988e-03  1.69204244e+09]
[-1.84336590e-03  3.59345840e-02  1.69204244e+09]
[-1.67897099e-03  8.84094378e-02  1.69204244e+09]
[-1.66253150e-03  1.11194571e-01  1.69204244e+09]
[-1.85980539e-03  1.03862559e-01  1.69204244e+09]
[-1.87624488e-03  7.63757308e-02  1.69204244e+09]
[-1.97488182e-03  1.86073607e-02  1.69204244e+09]
[-1.94200284e-03  7.83949424e-03  1.69204244e+09]
[-1.89268437e-03  7.37918849e-03  1.69204244e+09]
[-1.85980539e-03  7.24767257e-03  1.69204244e+09]
[-1.84336590e-03  7.16547511e-03  1.69204244e+09]
[-1.82692641e-03  7.03395919e-03  1.69204244e+09]
[-2.28723215e-03  6.95176173e-03  1.69204244e+09]
[-8.20680825e-02  6.83668530e-03  1.69204244e+09]
[-1.55552609e-01  6.93532224e-03  1.69204244e+09]
[-1.92607223e-01  6.77092733e-03  1.69204244e+09]
[-2.07797314e-01  6.73804835e-03  1.69204244e+09]
[-2.12597645e-01  6.65585090e-03  1.69204244e+09]
[-2.06827384e-01  6.62297191e-03  1.69204244e+09]
[-1.98509001e-01  6.72160886e-03  1.69204244e+09]
[-1.93856625e-01  6.70516937e-03  1.69204244e+09]
[-1.88037045e-01  6.68872988e-03  1.69204244e+09]
[-1.60566654e-01  6.57365344e-03  1.69204244e+09]
[-1.24925837e-01  6.59009293e-03  1.69204244e+09]
[-9.27537519e-02  6.65585090e-03  1.69204244e+09]
[-4.62628707e-02  6.63941141e-03  1.69204244e+09]
[-5.38414761e-02  6.65585090e-03  1.69204244e+09]
[-5.12275970e-02  6.63941141e-03  1.69204244e+09]
[-3.16317236e-02  6.59009293e-03  1.69204244e+09]
[-7.44923230e-03  6.55721395e-03  1.69204244e+09]
[-2.23791368e-03  6.54077446e-03  1.69204244e+09]
[-2.00776081e-03  6.57365344e-03  1.69204244e+09]
[-2.05707928e-03  6.45857701e-03  1.69204244e+09]
[-1.76116844e-03  2.63996794e-02  1.69204244e+09]
[-1.92556335e-03  4.88067052e-02  1.69204244e+09]
[-1.99132131e-03  5.95416926e-02  1.69204244e+09]
[-1.97488182e-03  5.70757690e-02  1.69204244e+09]
[-2.07351877e-03  5.66976607e-02  1.69204244e+09]
[-2.00776081e-03  4.52064567e-02  1.69204244e+09]
[-2.12283724e-03  3.36795272e-03  1.69204244e+09]
[-3.56951244e-03  3.68030305e-03  1.69204244e+09]
[-9.34606500e-02  3.66386356e-03  1.69204244e+09]
[-1.48056201e-01  3.59810559e-03  1.69204244e+09]
[-1.49289163e-01  3.77893999e-03  1.69204244e+09]
[-1.43173672e-01  3.72962152e-03  1.69204244e+09]
[-1.45327246e-01  3.69674254e-03  1.69204244e+09]
[-1.79751541e-01  3.76250050e-03  1.69204244e+09]
[-2.10065964e-01  3.74606101e-03  1.69204244e+09]
[-2.36270514e-01  3.72962152e-03  1.69204244e+09]
[-2.40446144e-01  3.76250050e-03  1.69204244e+09]
[-2.42451763e-01  3.82825846e-03  1.69204244e+09]
[-2.34807399e-01  3.86113745e-03  1.69204244e+09]
[-2.29612519e-01  3.79537948e-03  1.69204244e+09]
[-2.26308182e-01  3.86113745e-03  1.69204244e+09]
[-2.27031519e-01  3.91045592e-03  1.69204244e+09]
[-2.28494634e-01  3.79537948e-03  1.69204244e+09]
[-2.28017889e-01  3.91045592e-03  1.69204244e+09]
[-2.20735194e-01  3.86113745e-03  1.69204245e+09]
[-1.96289670e-01  3.79537948e-03  1.69204245e+09]
[-1.59909075e-01  3.89401643e-03  1.69204245e+09]
[-1.29627531e-01  3.86113745e-03  1.69204245e+09]
[-1.12908568e-01  3.94333490e-03  1.69204245e+09]
[-1.14273046e-01  3.89401643e-03  1.69204245e+09]
[-1.14947065e-01  3.84469796e-03  1.69204245e+09]
[-1.04392912e-01  3.94333490e-03  1.69204245e+09]
[-7.33222732e-02  3.94333490e-03  1.69204245e+09]
[-3.63827365e-02  3.97621388e-03  1.69204245e+09]
[-1.52579905e-02  1.23932331e-02  1.69204245e+09]
[-4.16133412e-03  8.90176990e-02  1.69204245e+09]
[-2.04063979e-03  1.31349386e-01  1.69204245e+09]
[-2.04063979e-03  1.56863475e-01  1.69204245e+09]
[-2.08995826e-03  1.58737577e-01  1.69204245e+09]
[-2.12283724e-03  1.49334188e-01  1.69204245e+09]
[-2.17215571e-03  1.33009775e-01  1.69204245e+09]
[-2.18859521e-03  1.02761113e-01  1.69204245e+09]
[-2.30367164e-03  3.31234311e-02  1.69204245e+09]
[-2.27079266e-03  7.06683817e-03  1.69204245e+09]
[-4.33859597e-02  6.52433497e-03  1.69204245e+09]
[-1.16229346e-01  6.34350057e-03  1.69204245e+09]
[-1.66287597e-01  6.34350057e-03  1.69204245e+09]
[-1.84617631e-01  6.22842413e-03  1.69204245e+09]
[-1.99692644e-01  6.21198464e-03  1.69204245e+09]
[-2.09671416e-01  6.08046872e-03  1.69204245e+09]
[-2.15934862e-01  6.01471075e-03  1.69204245e+09]
[-2.17200703e-01  6.03115024e-03  1.69204245e+09]
[-2.14438868e-01  5.96539228e-03  1.69204245e+09]
[-2.09523460e-01  5.96539228e-03  1.69204245e+09]
[-2.07517842e-01  5.88319482e-03  1.69204245e+09]
[-2.01057122e-01  5.96539228e-03  1.69204245e+09]
[-1.74244311e-01  5.86675533e-03  1.69204245e+09]
[-1.29512455e-01  5.76811839e-03  1.69204245e+09]
[-1.13746982e-01  5.80099737e-03  1.69204245e+09]
[-9.53347520e-02  5.80099737e-03  1.69204245e+09]
[-6.49545721e-02  5.68592093e-03  1.69204245e+09]
[-3.28811249e-02  5.85031584e-03  1.69204245e+09]
[-1.14275891e-02  5.83387635e-03  1.69204245e+09]
[-3.25716212e-03  5.76811839e-03  1.69204245e+09]
[-1.95844233e-03  2.06294181e-02  1.69204245e+09]
[-2.38586910e-03  2.79285520e-02  1.69204245e+09]
[-2.68177993e-03  2.95231826e-02  1.69204245e+09]
[-2.22147419e-03  2.47721698e-02  1.69204245e+09]
[-1.82692641e-03  3.23343355e-02  1.69204245e+09]
[-1.89268437e-03  6.53941512e-02  1.69204245e+09]
[-1.94200284e-03  8.94944442e-02  1.69204245e+09]
[-1.97488182e-03  9.41796990e-02  1.69204245e+09]
[-1.94200284e-03  8.33460748e-02  1.69204245e+09]
[-1.99132131e-03  4.83463995e-02  1.69204245e+09]
[-1.92556335e-03  9.56564078e-03  1.69204245e+09]
[-3.21906663e-02  6.65585090e-03  1.69204245e+09]
[-9.40853507e-02  6.68872988e-03  1.69204245e+09]
[-1.44916258e-01  6.55721395e-03  1.69204245e+09]
[-1.75082725e-01  6.57365344e-03  1.69204245e+09]
[-1.92344192e-01  6.34350057e-03  1.69204245e+09]
[-2.00300906e-01  6.39281904e-03  1.69204245e+09]
[-2.12811359e-01  6.39281904e-03  1.69204245e+09]
[-2.11529078e-01  6.31062159e-03  1.69204245e+09]
[-2.06186244e-01  6.27774261e-03  1.69204245e+09]
[-1.97621268e-01  6.31062159e-03  1.69204245e+09]
[-1.71203005e-01  6.16266617e-03  1.69204245e+09]
[-1.29068588e-01  6.26130311e-03  1.69204245e+09]
[-8.04734519e-02  6.14622668e-03  1.69204245e+09]
[-3.57251569e-02  6.32706108e-03  1.69204245e+09]
[-5.11482459e-03  6.26130311e-03  1.69204245e+09]
[-2.07351877e-03  1.13575453e-02  1.69204245e+09]
[-1.84336590e-03  2.41639086e-02  1.69204245e+09]
[-2.13927673e-03  1.99553990e-02  1.69204245e+09]
[-2.18859521e-03  3.08848137e-03  1.69204245e+09]
[-2.15571622e-03  2.90764697e-03  1.69204245e+09]
[-1.27263089e-02  2.87476799e-03  1.69204245e+09]
[-4.36818706e-02  2.92408647e-03  1.69204245e+09]
[-7.43415216e-02  3.02272341e-03  1.69204245e+09]
[-7.30921203e-02  3.00628392e-03  1.69204245e+09]
[-4.68546923e-02  3.02272341e-03  1.69204245e+09]
[-1.76252772e-02  3.02272341e-03  1.69204245e+09]
[-2.79685637e-03  5.42481766e-02  1.69204245e+09]
[-1.36662066e-03  1.11852151e-01  1.69204245e+09]
[-1.46525761e-03  1.64606475e-01  1.69204245e+09]
[-1.58033404e-03  2.07513543e-01  1.69204245e+09]
[-1.66253150e-03  2.28572529e-01  1.69204245e+09]
[-1.71184997e-03  2.40540477e-01  1.69204245e+09]
[-2.30367164e-03  2.52409788e-01  1.69204245e+09]
[-6.43283060e-04  2.58459520e-01  1.69204245e+09]
[-1.50098332e-04  2.63440685e-01  1.69204245e+09]
[-8.43403688e-05  2.61961131e-01  1.69204245e+09]
[-6.79008779e-05  2.65101074e-01  1.69204245e+09]
[-1.82977314e-04  2.58886947e-01  1.69204245e+09]
[-1.82977314e-04  2.54974349e-01  1.69204245e+09]
[-2.48735278e-04  2.48480750e-01  1.69204245e+09]
[-2.15856296e-04  2.42940642e-01  1.69204245e+09]
[-1.50098332e-04  2.28901319e-01  1.69204245e+09]
[-2.32295787e-04  1.94624983e-01  1.69204245e+09]
[-1.66537823e-04  8.32309984e-02  1.69204245e+09]
[-2.32295787e-04  1.30343733e-02  1.69204245e+09]
[-1.82977314e-04  6.42569802e-03  1.69204245e+09]
[-1.99416805e-04  2.18788194e-02  1.69204245e+09]
[-2.48735278e-04  2.68435456e-02  1.69204245e+09]
[-2.15856296e-04  5.37357061e-03  1.69204245e+09]
[-2.65174769e-04  3.87757694e-03  1.69204245e+09]
[-2.15856296e-04  3.94333490e-03  1.69204245e+09]
[-4.40270999e-02  5.34426415e-02  1.69204245e+09]
[-7.72513116e-02  1.13611176e-01  1.69204245e+09]
[-1.28509646e-01  1.88772525e-01  1.69204245e+09]
[-2.36648622e-01  2.80850104e-01  1.69204245e+09]
[-3.67441220e-01  3.68571215e-01  1.69204245e+09]
[-4.77388543e-01  4.08634247e-01  1.69204245e+09]
[-5.30405904e-01  4.53053743e-01  1.69204245e+09]
[-5.52664977e-01  4.71860516e-01  1.69204245e+09]
[-5.73691087e-01  4.98081498e-01  1.69204245e+09]
[-5.72260851e-01  5.19206238e-01  1.69204245e+09]
[-5.71011450e-01  5.51246797e-01  1.69204245e+09]
[-5.60424417e-01  5.79966579e-01  1.69204245e+09]
[-5.58122888e-01  6.07272565e-01  1.69204245e+09]
[-5.49245562e-01  6.14489499e-01  1.69204245e+09]
[-5.41239530e-01  6.16314282e-01  1.69204245e+09]
[-5.35206236e-01  6.15508747e-01  1.69204245e+09]
[-5.22169719e-01  6.08489086e-01  1.69204245e+09]
[-5.10300406e-01  6.07584915e-01  1.69204245e+09]
[-4.96458353e-01  6.03770954e-01  1.69204245e+09]
[-4.90770289e-01  6.02291400e-01  1.69204245e+09]
[-4.85986397e-01  6.02258521e-01  1.69204245e+09]
[-4.84819193e-01  6.04001107e-01  1.69204245e+09]
[-4.86183671e-01  6.07650673e-01  1.69204245e+09]
[-4.75169211e-01  6.07502717e-01  1.69204245e+09]
[-4.71667599e-01  6.01288592e-01  1.69204245e+09]
[-4.61146324e-01  5.94104537e-01  1.69204245e+09]
[-4.54817120e-01  5.87545182e-01  1.69204245e+09]
[-4.45200017e-01  5.78585662e-01  1.69204245e+09]
[-4.35188367e-01  5.71335849e-01  1.69204245e+09]
[-4.20277747e-01  5.61488597e-01  1.69204245e+09]
[-4.13915664e-01  5.40067946e-01  1.69204245e+09]
[-4.04364319e-01  5.29612433e-01  1.69204245e+09]
[-4.02786128e-01  5.11249526e-01  1.69204245e+09]
[-3.99383153e-01  4.97522555e-01  1.69204245e+09]
[-3.96933668e-01  4.93807231e-01  1.69204245e+09]
[-3.96703516e-01  4.82266711e-01  1.69204245e+09]
[-3.94204713e-01  4.71745440e-01  1.69204245e+09]
[-3.90949693e-01  4.59037716e-01  1.69204245e+09]
[-3.85409585e-01  4.45820368e-01  1.69204245e+09]
[-3.78521437e-01  4.40050108e-01  1.69204245e+09]
[-3.69726309e-01  4.30367250e-01  1.69204245e+09]
[-3.57791238e-01  4.10574107e-01  1.69204245e+09]
[-3.52645677e-01  4.04557254e-01  1.69204245e+09]
[-3.49061868e-01  3.97997899e-01  1.69204245e+09]
[-3.44508128e-01  3.93427721e-01  1.69204245e+09]
[-3.41170912e-01  3.91537180e-01  1.69204245e+09]
[-3.36189745e-01  3.83613347e-01  1.69204245e+09]
[-3.27476815e-01  3.71990629e-01  1.69204245e+09]
[-3.16067807e-01  3.65250439e-01  1.69204245e+09]
[-3.09426253e-01  3.61781707e-01  1.69204245e+09]
[-3.04132736e-01  3.62718757e-01  1.69204245e+09]
[-2.99184449e-01  3.62192694e-01  1.69204245e+09]
[-2.96718525e-01  3.61354280e-01  1.69204245e+09]
