HokinLeft_Hand
Dev2/ai0 Dev2/ai1
[-1.66537823e-04  5.35713112e-03  1.69204245e+09]
[-1.99416805e-04  5.34069163e-03  1.69204245e+09]
[-2.48735278e-04  5.39001010e-03  1.69204245e+09]
[-3.96690696e-04  5.47220755e-03  1.69204245e+09]
[-1.72828946e-03  5.45576806e-03  1.69204245e+09]
[-1.75923982e-02  5.43932857e-03  1.69204245e+09]
[-7.85993499e-02  5.43932857e-03  1.69204245e+09]
[-1.40592672e-01  5.53796552e-03  1.69204245e+09]
[-1.89878268e-01  5.57084450e-03  1.69204245e+09]
[-2.39130985e-01  5.62016297e-03  1.69204245e+09]
[-2.79670772e-01  5.60372348e-03  1.69204245e+09]
[-2.89402951e-01  5.63660246e-03  1.69204245e+09]
[-2.98313156e-01  5.58728399e-03  1.69204245e+09]
[-2.95025258e-01  5.63660246e-03  1.69204245e+09]
[-2.88005595e-01  5.57084450e-03  1.69204245e+09]
[-2.73538842e-01  5.60372348e-03  1.69204246e+09]
[-2.56754120e-01  5.58728399e-03  1.69204246e+09]
[-2.35826647e-01  5.60372348e-03  1.69204246e+09]
[-2.30270099e-01  5.70236043e-03  1.69204246e+09]
[-2.44112151e-01  5.70236043e-03  1.69204246e+09]
[-3.16478795e-01  5.65304195e-03  1.69204246e+09]
