HokinLeft_Hand
Dev2/ai0 Dev2/ai1
[-2.15571622e-03  1.44646090e-02  1.69204246e+09]
[-2.17215571e-03  2.60051316e-02  1.69204246e+09]
[-2.25435317e-03  2.49201252e-02  1.69204246e+09]
[-2.23791368e-03  2.11226028e-02  1.69204246e+09]
[-2.25435317e-03  1.94128958e-02  1.69204246e+09]
[-2.28723215e-03  2.48708067e-02  1.69204246e+09]
[-2.30367164e-03  2.18952589e-02  1.69204246e+09]
[-1.43237862e-03  3.75965377e-04  1.69204246e+09]
[-1.33474372e-01  8.36271122e-04  1.69204246e+09]
[-3.51297639e-01  9.84226540e-04  1.69204246e+09]
[-4.49753756e-01  1.09930298e-03  1.69204246e+09]
