HokinLeft_Hand
Dev2/ai0 Dev2/ai1
[-3.44228657e-01  2.43090174e-03  1.69204246e+09]
[-3.46431549e-01  2.48022021e-03  1.69204246e+09]
[-3.41976447e-01  2.41446225e-03  1.69204246e+09]
[-3.34332083e-01  2.46378072e-03  1.69204246e+09]
[-3.34480038e-01  2.48022021e-03  1.69204246e+09]
[-3.37915892e-01  2.46378072e-03  1.69204246e+09]
[-3.37603542e-01  2.43090174e-03  1.69204246e+09]
[-3.27246662e-01  2.46378072e-03  1.69204246e+09]
[-2.96373296e-01  2.52953868e-03  1.69204246e+09]
[-2.01961294e-01  2.44734123e-03  1.69204246e+09]
[-1.06628683e-01  3.08876603e-02  1.69204246e+09]
[-3.96870742e-02  1.48512214e-01  1.69204246e+09]
[-1.42223026e-02  1.83857117e-01  1.69204246e+09]
[-2.25435317e-03  2.32928993e-01  1.69204246e+09]
[-2.53382452e-03  2.80998060e-01  1.69204246e+09]
[-2.48450604e-03  3.26814915e-01  1.69204246e+09]
[-2.50094553e-03  3.46969728e-01  1.69204246e+09]
[-2.64890095e-03  3.49238377e-01  1.69204246e+09]
[-2.69821942e-03  3.43270843e-01  1.69204246e+09]
[-2.78041688e-03  3.36497774e-01  1.69204246e+09]
[-2.71465892e-03  3.31960475e-01  1.69204246e+09]
[-2.69821942e-03  3.26880673e-01  1.69204246e+09]
[-2.76397739e-03  3.21389884e-01  1.69204246e+09]
[-2.71465892e-03  3.14386662e-01  1.69204246e+09]
[-2.74753790e-03  2.87162868e-01  1.69204246e+09]
[-2.74753790e-03  2.43006400e-01  1.69204246e+09]
[-1.79211881e-02  2.24643491e-01  1.69204246e+09]
[-1.03357224e-01  2.32041261e-01  1.69204246e+09]
[-1.95056708e-01  2.38238949e-01  1.69204246e+09]
[-2.37651431e-01  2.51226145e-01  1.69204246e+09]
[-2.61718847e-01  2.71956341e-01  1.69204246e+09]
[-2.84520422e-01  2.93212600e-01  1.69204246e+09]
[-2.95469124e-01  3.19219871e-01  1.69204246e+09]
[-3.04132736e-01  3.31894717e-01  1.69204246e+09]
[-3.12155208e-01  3.31615246e-01  1.69204246e+09]
[-3.10379743e-01  3.25565514e-01  1.69204246e+09]
[-3.09031705e-01  3.21439202e-01  1.69204246e+09]
[-3.05595851e-01  3.16211445e-01  1.69204246e+09]
[-3.00516048e-01  3.09652089e-01  1.69204246e+09]
[-2.93397748e-01  3.04868198e-01  1.69204246e+09]
[-2.87495970e-01  3.00445975e-01  1.69204246e+09]
[-2.85079365e-01  2.98275963e-01  1.69204246e+09]
[-2.79374861e-01  2.94609957e-01  1.69204246e+09]
[-2.75774613e-01  2.90450766e-01  1.69204246e+09]
[-2.71451026e-01  2.83480423e-01  1.69204246e+09]
[-2.68475478e-01  2.79633582e-01  1.69204246e+09]
[-2.63494312e-01  2.77069022e-01  1.69204246e+09]
[-2.57165108e-01  2.71446717e-01  1.69204246e+09]
[-2.52940158e-01  2.65446303e-01  1.69204246e+09]
[-2.50030368e-01  2.62141966e-01  1.69204246e+09]
[-2.47613763e-01  2.63884552e-01  1.69204246e+09]
[-2.42764113e-01  2.66629946e-01  1.69204246e+09]
[-2.39985839e-01  2.68027303e-01  1.69204246e+09]
[-2.37043170e-01  2.66531309e-01  1.69204246e+09]
[-2.38719998e-01  2.67386163e-01  1.69204246e+09]
[-2.38325450e-01  2.67320405e-01  1.69204246e+09]
[-2.37207565e-01  2.67188889e-01  1.69204246e+09]
[-2.36023921e-01  2.66547749e-01  1.69204246e+09]
[-2.34199138e-01  2.66728583e-01  1.69204246e+09]
[-2.35086870e-01  2.68010863e-01  1.69204246e+09]
[-2.35136189e-01  2.69556175e-01  1.69204246e+09]
[-2.36648622e-01  2.70065800e-01  1.69204246e+09]
[-2.37191125e-01  2.69983602e-01  1.69204246e+09]
[-2.39262501e-01  2.69786328e-01  1.69204246e+09]
[-2.39163864e-01  2.69030112e-01  1.69204246e+09]
[-2.38637800e-01  2.67977984e-01  1.69204246e+09]
[-2.37010291e-01  2.66284717e-01  1.69204246e+09]
[-2.35843087e-01  2.63473564e-01  1.69204246e+09]
[-2.36188316e-01  2.61385749e-01  1.69204246e+09]
[-2.34297775e-01  2.58541718e-01  1.69204246e+09]
[-2.32193520e-01  2.55697686e-01  1.69204246e+09]
[-2.29809793e-01  2.54300330e-01  1.69204246e+09]
[-2.29793354e-01  2.54497603e-01  1.69204246e+09]
[-2.30270099e-01  2.55368896e-01  1.69204246e+09]
[-2.30286539e-01  2.55779884e-01  1.69204246e+09]
[-2.30302978e-01  2.55763444e-01  1.69204246e+09]
[-2.30500252e-01  2.55467533e-01  1.69204246e+09]
[-2.31651016e-01  2.56322387e-01  1.69204246e+09]
[-2.30861921e-01  2.55977157e-01  1.69204246e+09]
[-2.31585258e-01  2.58525278e-01  1.69204246e+09]
[-2.31009876e-01  2.58623915e-01  1.69204246e+09]
[-2.32127762e-01  2.59002023e-01  1.69204246e+09]
[-2.33196329e-01  2.59248616e-01  1.69204246e+09]
[-2.32768902e-01  2.58821189e-01  1.69204246e+09]
[-2.31667456e-01  2.57900578e-01  1.69204246e+09]
[-2.30894800e-01  2.56848450e-01  1.69204246e+09]
[-2.30697526e-01  2.56503221e-01  1.69204246e+09]
[-2.30418054e-01  2.56421024e-01  1.69204246e+09]
[-2.30220781e-01  2.56470342e-01  1.69204246e+09]
[-2.30220781e-01  2.56322387e-01  1.69204246e+09]
[-2.30829042e-01  2.56470342e-01  1.69204246e+09]
[-2.31371545e-01  2.56897769e-01  1.69204246e+09]
[-2.31749653e-01  2.57670425e-01  1.69204246e+09]
[-2.32275717e-01  2.58508839e-01  1.69204246e+09]
[-2.32736023e-01  2.58475960e-01  1.69204246e+09]
[-2.33886787e-01  2.59034902e-01  1.69204246e+09]
[-2.34100501e-01  2.59297934e-01  1.69204246e+09]
[-2.34297775e-01  2.59314374e-01  1.69204246e+09]
[-2.33968985e-01  2.58837629e-01  1.69204246e+09]
[-2.33590876e-01  2.57752622e-01  1.69204246e+09]
[-2.33623755e-01  2.56289508e-01  1.69204246e+09]
