HokinLeft_Hand
Dev2/ai0 Dev2/ai1
[-2.78041688e-03  5.70236043e-03  1.69204247e+09]
[-7.64650620e-03  5.62016297e-03  1.69204247e+09]
[-1.06056146e-02  5.50508653e-03  1.69204247e+09]
[-1.09179649e-02  5.57084450e-03  1.69204247e+09]
[-1.30879777e-02  5.52152603e-03  1.69204247e+09]
[-2.67656342e-02  5.52152603e-03  1.69204247e+09]
[-9.70444591e-02  5.60372348e-03  1.69204247e+09]
[-1.91785249e-01  5.50508653e-03  1.69204247e+09]
[-2.81511995e-01  5.55440501e-03  1.69204247e+09]
[-3.57692601e-01  5.55440501e-03  1.69204247e+09]
[-4.00007854e-01  5.58728399e-03  1.69204247e+09]
[-4.01125739e-01  5.80099737e-03  1.69204247e+09]
[-3.99399592e-01  5.93251330e-03  1.69204247e+09]
[-4.01027102e-01  6.31062159e-03  1.69204247e+09]
[-3.95750025e-01  6.21198464e-03  1.69204247e+09]
[-3.87037094e-01  6.03115024e-03  1.69204247e+09]
[-3.72784055e-01  5.85031584e-03  1.69204247e+09]
[-3.52415524e-01  5.93251330e-03  1.69204247e+09]
[-3.12615514e-01  5.75167890e-03  1.69204247e+09]
[-2.34659443e-01  5.68592093e-03  1.69204247e+09]
[-1.25895767e-01  5.73523941e-03  1.69204247e+09]
[-5.09810046e-02  3.23507750e-02  1.69204247e+09]
[-2.73109841e-03  1.14449590e-01  1.69204247e+09]
[-3.17496466e-03  2.05212014e-01  1.69204247e+09]
[-3.12564619e-03  2.50897355e-01  1.69204247e+09]
[-3.07632772e-03  2.72120736e-01  1.69204247e+09]
[-3.10920670e-03  2.89710989e-01  1.69204247e+09]
[-3.17496466e-03  2.95053823e-01  1.69204247e+09]
[-3.14208568e-03  2.98489676e-01  1.69204247e+09]
[-3.12564619e-03  2.96319663e-01  1.69204247e+09]
[-3.17496466e-03  2.92834492e-01  1.69204247e+09]
[-3.14208568e-03  2.88741059e-01  1.69204247e+09]
[-3.17496466e-03  2.84055805e-01  1.69204247e+09]
[-3.17496466e-03  2.78351302e-01  1.69204247e+09]
[-3.09276721e-03  2.71956341e-01  1.69204247e+09]
[-3.15852517e-03  2.67895787e-01  1.69204247e+09]
[-3.10920670e-03  2.65890169e-01  1.69204247e+09]
[-3.14208568e-03  2.65660017e-01  1.69204247e+09]
[-3.17496466e-03  2.65840851e-01  1.69204247e+09]
[-3.10920670e-03  2.60333622e-01  1.69204247e+09]
[-3.19140415e-03  2.35345598e-01  1.69204247e+09]
[-3.12564619e-03  1.25316093e-01  1.69204247e+09]
[-3.12564619e-03  4.52886542e-02  1.69204247e+09]
[-2.20968188e-02  7.75729678e-03  1.69204247e+09]
[-8.53724203e-02  7.29699104e-03  1.69204247e+09]
[-1.25862888e-01  7.05039868e-03  1.69204247e+09]
[-1.32652398e-01  7.06683817e-03  1.69204247e+09]
[-1.35529309e-01  6.96820122e-03  1.69204247e+09]
[-1.55667686e-01  6.88600377e-03  1.69204247e+09]
[-1.88349395e-01  6.88600377e-03  1.69204247e+09]
[-2.07008218e-01  6.91888275e-03  1.69204247e+09]
[-2.19798143e-01  6.86956428e-03  1.69204247e+09]
[-2.27426067e-01  6.85312479e-03  1.69204247e+09]
[-2.24927264e-01  6.86956428e-03  1.69204247e+09]
[-2.28724787e-01  6.78736682e-03  1.69204247e+09]
[-2.25404009e-01  6.78736682e-03  1.69204247e+09]
[-2.19173442e-01  6.80380631e-03  1.69204247e+09]
[-2.14652582e-01  6.78736682e-03  1.69204247e+09]
[-2.12581206e-01  6.91888275e-03  1.69204247e+09]
[-2.06531473e-01  6.75448784e-03  1.69204247e+09]
[-1.95434816e-01  6.77092733e-03  1.69204247e+09]
[-1.95237542e-01  6.77092733e-03  1.69204247e+09]
[-1.91818128e-01  6.72160886e-03  1.69204247e+09]
[-1.86639688e-01  6.73804835e-03  1.69204247e+09]
[-1.72485286e-01  6.70516937e-03  1.69204247e+09]
[-1.63081896e-01  6.82024580e-03  1.69204247e+09]
[-1.53497673e-01  6.80380631e-03  1.69204247e+09]
[-1.41595481e-01  6.75448784e-03  1.69204247e+09]
[-1.34542939e-01  6.73804835e-03  1.69204247e+09]
[-1.23577798e-01  3.18411508e-02  1.69204247e+09]
[-9.48580068e-02  1.07791597e-01  1.69204247e+09]
[-5.49100430e-02  1.66184666e-01  1.69204247e+09]
[-1.05727356e-02  1.98817053e-01  1.69204247e+09]
[-3.38867804e-03  2.18593759e-01  1.69204247e+09]
[-3.37223855e-03  2.15601772e-01  1.69204247e+09]
[-3.32292008e-03  2.06017549e-01  1.69204247e+09]
[-3.38867804e-03  1.71445302e-01  1.69204247e+09]
[-3.37223855e-03  8.54996480e-02  1.69204247e+09]
[-3.32292008e-03  1.88539531e-02  1.69204247e+09]
[-3.35579906e-03  6.63941141e-03  1.69204247e+09]
[-3.32292008e-03  6.55721395e-03  1.69204247e+09]
[-4.65916605e-02  6.44213751e-03  1.69204247e+09]
[-9.73403700e-02  6.40925853e-03  1.69204247e+09]
[-1.37058181e-01  6.34350057e-03  1.69204247e+09]
[-1.71383840e-01  6.40925853e-03  1.69204247e+09]
[-1.98525440e-01  6.40925853e-03  1.69204247e+09]
[-2.04854645e-01  6.42569802e-03  1.69204247e+09]
[-2.01698262e-01  6.32706108e-03  1.69204247e+09]
[-1.92640102e-01  6.40925853e-03  1.69204247e+09]
[-1.69789209e-01  6.29418210e-03  1.69204247e+09]
[-1.11478333e-01  6.31062159e-03  1.69204247e+09]
[-4.56052910e-02  6.42569802e-03  1.69204247e+09]
[-3.17496466e-03  3.00163673e-02  1.69204247e+09]
[-3.12564619e-03  8.84423168e-02  1.69204247e+09]
[-3.17496466e-03  1.24165329e-01  1.69204247e+09]
[-3.19140415e-03  1.32335756e-01  1.69204247e+09]
[-3.09276721e-03  1.23326915e-01  1.69204247e+09]
[-3.15852517e-03  1.13150871e-01  1.69204247e+09]
[-3.17496466e-03  9.37029537e-02  1.69204247e+09]
[-3.17496466e-03  5.60893995e-02  1.69204247e+09]
[-3.24072262e-03  3.00821253e-02  1.69204247e+09]
[-3.14208568e-03  1.78347047e-02  1.69204247e+09]
[-3.17496466e-03  3.21699406e-02  1.69204247e+09]
[-3.24072262e-03  8.50229028e-02  1.69204247e+09]
[-3.20784364e-03  1.32385074e-01  1.69204247e+09]
[-3.15852517e-03  1.19710227e-01  1.69204247e+09]
[-9.25235990e-02  4.64722975e-02  1.69204247e+09]
[-1.71794827e-01  7.37918849e-03  1.69204247e+09]
[-2.22264067e-01  6.83668530e-03  1.69204247e+09]
[-2.38407648e-01  6.54077446e-03  1.69204247e+09]
[-2.49126196e-01  6.52433497e-03  1.69204247e+09]
[-2.55488280e-01  6.27774261e-03  1.69204247e+09]
[-2.57987082e-01  6.32706108e-03  1.69204247e+09]
[-2.62064076e-01  6.26130311e-03  1.69204247e+09]
[-2.59581713e-01  6.22842413e-03  1.69204247e+09]
[-2.54995095e-01  6.24486362e-03  1.69204247e+09]
[-2.50359158e-01  6.27774261e-03  1.69204247e+09]
[-2.44161470e-01  6.17910566e-03  1.69204247e+09]
[-2.28560392e-01  6.24486362e-03  1.69204247e+09]
[-1.92574344e-01  6.17910566e-03  1.69204247e+09]
[-1.71170126e-01  6.19554515e-03  1.69204247e+09]
[-1.64298419e-01  6.16266617e-03  1.69204247e+09]
[-1.42927080e-01  6.17910566e-03  1.69204247e+09]
[-9.43319431e-02  6.04758973e-03  1.69204247e+09]
[-3.84869914e-02  3.44714693e-02  1.69204247e+09]
[-4.16133412e-03  1.04289986e-01  1.69204247e+09]
[-1.13646779e-03  1.24724272e-01  1.69204247e+09]
[-1.43237862e-03  1.47197055e-01  1.69204247e+09]
[-1.64609201e-03  1.49071157e-01  1.69204247e+09]
[-1.67897099e-03  1.42248768e-01  1.69204247e+09]
[-1.77760793e-03  1.20910310e-01  1.69204247e+09]
[-1.81048691e-03  4.56996415e-02  1.69204247e+09]
[-1.79404742e-03  7.32987002e-03  1.69204247e+09]
[-1.85980539e-03  5.76811839e-03  1.69204247e+09]
[-1.85980539e-03  5.78455788e-03  1.69204247e+09]
[-1.94200284e-03  5.66948144e-03  1.69204247e+09]
[-3.30948383e-02  5.65304195e-03  1.69204247e+09]
[-7.13002158e-02  5.53796552e-03  1.69204247e+09]
[-8.80520574e-02  5.55440501e-03  1.69204247e+09]
[-9.49073253e-02  5.58728399e-03  1.69204247e+09]
[-9.03207072e-02  5.53796552e-03  1.69204247e+09]
[-6.80780755e-02  5.57084450e-03  1.69204247e+09]
[-3.74019849e-02  5.50508653e-03  1.69204247e+09]
[-1.24139586e-02  7.92169169e-03  1.69204247e+09]
[-4.06269717e-03  6.75312850e-02  1.69204247e+09]
[-4.07913666e-03  9.24042340e-02  1.69204247e+09]
[-3.94762073e-03  9.34728009e-02  1.69204247e+09]
[-4.02981819e-03  8.03705270e-02  1.69204247e+09]
[-3.94762073e-03  3.40440426e-02  1.69204247e+09]
[-4.01337870e-03  1.10780739e-02  1.69204247e+09]
[-3.99693921e-03  5.94895279e-03  1.69204247e+09]
[-3.83254430e-03  1.83936474e-02  1.69204247e+09]
[-3.60239143e-03  8.38556990e-02  1.69204247e+09]
[-3.70102837e-03  1.50287679e-01  1.69204247e+09]
[-3.70102837e-03  1.83840678e-01  1.69204247e+09]
[-3.83254430e-03  1.99408874e-01  1.69204247e+09]
[-3.84898379e-03  2.05540804e-01  1.69204247e+09]
[-3.89830226e-03  2.00263728e-01  1.69204247e+09]
[-3.56100804e-02  1.66513455e-01  1.69204247e+09]
[-1.33720965e-01  5.44125715e-02  1.69204247e+09]
[-2.19304958e-01  8.66146878e-03  1.69204247e+09]
[-2.54715623e-01  7.18191460e-03  1.69204247e+09]
[-2.70102988e-01  7.06683817e-03  1.69204247e+09]
[-2.89074161e-01  6.90244326e-03  1.69204247e+09]
[-2.93973130e-01  6.86956428e-03  1.69204247e+09]
[-2.90109849e-01  6.75448784e-03  1.69204247e+09]
[-2.93989570e-01  6.73804835e-03  1.69204247e+09]
[-2.93627901e-01  6.62297191e-03  1.69204247e+09]
[-2.90833187e-01  6.52433497e-03  1.69204247e+09]
[-2.90849627e-01  6.57365344e-03  1.69204247e+09]
[-2.90224926e-01  6.44213751e-03  1.69204247e+09]
[-2.88630295e-01  6.44213751e-03  1.69204247e+09]
[-2.79473498e-01  6.42569802e-03  1.69204247e+09]
[-2.55866388e-01  6.40925853e-03  1.69204247e+09]
[-2.10772862e-01  6.32706108e-03  1.69204247e+09]
[-1.78798050e-01  6.39281904e-03  1.69204247e+09]
[-1.57804820e-01  6.39281904e-03  1.69204247e+09]
[-1.50472806e-01  6.47501650e-03  1.69204247e+09]
[-1.35923856e-01  6.44213751e-03  1.69204247e+09]
[-1.24284696e-01  6.40925853e-03  1.69204247e+09]
[-8.31530890e-02  6.54077446e-03  1.69204247e+09]
[-2.68313922e-02  1.09123196e-01  1.69204247e+09]
[-4.62163986e-03  1.65033901e-01  1.69204247e+09]
[-4.24353157e-03  2.03091320e-01  1.69204247e+09]
[-4.35860801e-03  2.19925357e-01  1.69204247e+09]
[-4.27641055e-03  2.46212101e-01  1.69204247e+09]
[-4.35860801e-03  2.56240189e-01  1.69204247e+09]
[-4.29285004e-03  2.65101074e-01  1.69204247e+09]
[-4.37504750e-03  2.67977984e-01  1.69204247e+09]
[-4.35860801e-03  2.74044156e-01  1.69204247e+09]
[-4.40792648e-03  2.76263487e-01  1.69204248e+09]
[-4.32572903e-03  2.73008468e-01  1.69204248e+09]
[-4.62957496e-02  2.71364519e-01  1.69204248e+09]
[-1.65416304e-01  2.69621933e-01  1.69204248e+09]
[-2.56425331e-01  2.83546181e-01  1.69204248e+09]
[-3.38622790e-01  3.02846140e-01  1.69204248e+09]
[-3.86642546e-01  3.22491329e-01  1.69204248e+09]
[-4.22003894e-01  3.35511404e-01  1.69204248e+09]
[-4.21609346e-01  3.39095213e-01  1.69204248e+09]
[-4.23861556e-01  3.54055147e-01  1.69204248e+09]
[-4.18140613e-01  3.55238790e-01  1.69204248e+09]
[-4.05186294e-01  3.53085217e-01  1.69204248e+09]
[-4.04150606e-01  3.51950893e-01  1.69204248e+09]
[-4.00796949e-01  3.56751223e-01  1.69204248e+09]
[-3.89683853e-01  3.52542714e-01  1.69204248e+09]
[-3.69578354e-01  3.48169810e-01  1.69204248e+09]
[-3.52136053e-01  3.41544697e-01  1.69204248e+09]
[-3.33592306e-01  3.32486538e-01  1.69204248e+09]
[-3.22331254e-01  3.26453246e-01  1.69204248e+09]
[-3.18024107e-01  3.20765183e-01  1.69204248e+09]
[-3.25093088e-01  3.04358573e-01  1.69204248e+09]
[-3.30501681e-01  2.97043001e-01  1.69204248e+09]
[-3.28939929e-01  2.98259523e-01  1.69204248e+09]
[-3.28134394e-01  3.00182943e-01  1.69204248e+09]
[-3.23991642e-01  3.04358573e-01  1.69204248e+09]
[-3.14308782e-01  3.04802440e-01  1.69204248e+09]
[-3.00187258e-01  3.03092733e-01  1.69204248e+09]
[-2.88022034e-01  2.76986824e-01  1.69204248e+09]
[-2.71812695e-01  2.55040107e-01  1.69204248e+09]
[-2.58299433e-01  2.27421765e-01  1.69204248e+09]
[-2.55340324e-01  2.01595327e-01  1.69204248e+09]
[-2.55192369e-01  1.97797804e-01  1.69204248e+09]
[-2.55701993e-01  2.00707594e-01  1.69204248e+09]
[-2.51115375e-01  2.01956995e-01  1.69204248e+09]
[-2.46956183e-01  1.90153442e-01  1.69204248e+09]
[-2.45953374e-01  1.86701149e-01  1.69204248e+09]
[-2.46019132e-01  1.87145015e-01  1.69204248e+09]
[-2.44145030e-01  1.85649022e-01  1.69204248e+09]
[-2.35645813e-01  1.79385576e-01  1.69204248e+09]
[-2.26028710e-01  1.75242825e-01  1.69204248e+09]
[-2.22576417e-01  1.59230761e-01  1.69204248e+09]
[-2.18384347e-01  1.61137742e-01  1.69204248e+09]
[-2.20258449e-01  1.63735182e-01  1.69204248e+09]
[-2.22395582e-01  1.67466946e-01  1.69204248e+09]
[-2.25206736e-01  1.67401188e-01  1.69204248e+09]
[-2.30056386e-01  1.70376736e-01  1.69204248e+09]
[-2.33689513e-01  1.71280908e-01  1.69204248e+09]
[-2.35366342e-01  1.73894786e-01  1.69204248e+09]
[-2.33081252e-01  1.83265296e-01  1.69204248e+09]
[-2.31585258e-01  1.94115359e-01  1.69204248e+09]
[-2.33788150e-01  2.09042415e-01  1.69204248e+09]
[-2.48435738e-01  2.26517593e-01  1.69204248e+09]
[-2.93841614e-01  2.47313547e-01  1.69204248e+09]
[-3.33099121e-01  2.75309997e-01  1.69204248e+09]
[-3.57709040e-01  3.29806902e-01  1.69204248e+09]
[-3.63397105e-01  4.11313884e-01  1.69204248e+09]
[-3.66882277e-01  4.98837714e-01  1.69204248e+09]
[-3.72389507e-01  5.02059853e-01  1.69204248e+09]
[-3.86889139e-01  5.05413509e-01  1.69204248e+09]
[-4.11137390e-01  5.22033830e-01  1.69204248e+09]
[-4.18074855e-01  5.55981369e-01  1.69204248e+09]
[-4.15658250e-01  5.47334199e-01  1.69204248e+09]
[-4.04446516e-01  5.36632094e-01  1.69204248e+09]
[-3.89798929e-01  5.23299670e-01  1.69204248e+09]
[-3.75118463e-01  5.07994508e-01  1.69204248e+09]
[-3.53122422e-01  4.90667289e-01  1.69204248e+09]
