HokinLeft_Hand
Dev2/ai0 Dev2/ai1
[-3.60239143e-03  4.68311199e-03  1.69204248e+09]
[-7.07112401e-03  4.65023301e-03  1.69204248e+09]
[-1.51757931e-02  4.55159606e-03  1.69204248e+09]
[-2.87876916e-02  4.73243046e-03  1.69204248e+09]
[-2.90836025e-02  4.71599097e-03  1.69204248e+09]
[-2.84753413e-02  4.74886995e-03  1.69204248e+09]
[-3.66128894e-02  4.76530945e-03  1.69204248e+09]
[-1.16344422e-01  4.76530945e-03  1.69204248e+09]
[-2.23957334e-01  4.71599097e-03  1.69204248e+09]
[-3.06417825e-01  4.79818843e-03  1.69204248e+09]
[-3.73260800e-01  4.83106741e-03  1.69204248e+09]
[-4.18699556e-01  4.79818843e-03  1.69204248e+09]
[-4.48405718e-01  4.79818843e-03  1.69204248e+09]
[-4.77257027e-01  4.78174894e-03  1.69204248e+09]
[-4.91477187e-01  4.81462792e-03  1.69204248e+09]
[-5.16744687e-01  4.86394639e-03  1.69204248e+09]
[-5.16300820e-01  4.86394639e-03  1.69204248e+09]
[-5.22564267e-01  4.81462792e-03  1.69204248e+09]
[-5.14213005e-01  4.92970435e-03  1.69204248e+09]
[-5.03593093e-01  4.78174894e-03  1.69204248e+09]
[-5.08442743e-01  4.91326486e-03  1.69204248e+09]
[-5.05056208e-01  4.88038588e-03  1.69204248e+09]
[-5.08409864e-01  4.78174894e-03  1.69204248e+09]
[-5.10925106e-01  4.91326486e-03  1.69204248e+09]
[-4.99664054e-01  4.88038588e-03  1.69204248e+09]
[-4.85657607e-01  4.83106741e-03  1.69204248e+09]
[-4.67524847e-01  4.88038588e-03  1.69204248e+09]
[-4.52581349e-01  4.89682537e-03  1.69204248e+09]
[-4.46646692e-01  4.89682537e-03  1.69204248e+09]
[-4.40317488e-01  4.89682537e-03  1.69204248e+09]
[-4.36256933e-01  4.92970435e-03  1.69204248e+09]
[-4.29089315e-01  4.79818843e-03  1.69204248e+09]
[-4.12649823e-01  9.22041147e-03  1.69204248e+09]
[-3.64531430e-01  9.49852340e-02  1.69204248e+09]
[-2.81692830e-01  1.97469015e-01  1.69204248e+09]
[-1.71597553e-01  3.16622432e-01  1.69204248e+09]
[-8.29393756e-02  3.57688274e-01  1.69204248e+09]
[-4.34517177e-02  3.66877948e-01  1.69204248e+09]
[-2.58779017e-02  3.71300170e-01  1.69204248e+09]
[-1.35811624e-02  3.80769315e-01  1.69204248e+09]
[-3.94762073e-03  3.88545193e-01  1.69204248e+09]
[-4.70383732e-03  3.74900418e-01  1.69204248e+09]
[-4.07913666e-03  3.26190214e-01  1.69204248e+09]
[-4.12845513e-03  1.51208290e-01  1.69204248e+09]
[-3.99693921e-03  3.88443738e-02  1.69204248e+09]
[-8.12132290e-02  5.63660246e-03  1.69204248e+09]
[-1.88826140e-01  5.55440501e-03  1.69204248e+09]
[-2.51460604e-01  5.48864704e-03  1.69204248e+09]
[-2.82860034e-01  5.47220755e-03  1.69204248e+09]
[-2.96948678e-01  5.55440501e-03  1.69204248e+09]
[-2.97261028e-01  5.48864704e-03  1.69204248e+09]
[-2.94367678e-01  5.50508653e-03  1.69204248e+09]
[-2.89567346e-01  5.45576806e-03  1.69204248e+09]
[-2.86345206e-01  5.47220755e-03  1.69204248e+09]
[-2.91655162e-01  5.42288908e-03  1.69204248e+09]
[-2.97113073e-01  5.53796552e-03  1.69204248e+09]
[-2.96389735e-01  5.43932857e-03  1.69204248e+09]
[-2.90783869e-01  5.45576806e-03  1.69204248e+09]
[-2.68491918e-01  5.42288908e-03  1.69204248e+09]
[-2.31387985e-01  5.43932857e-03  1.69204248e+09]
[-1.83253153e-01  1.55002970e-02  1.69204248e+09]
[-1.32701716e-01  4.12938580e-02  1.69204248e+09]
[-8.21338405e-02  8.01403742e-02  1.69204248e+09]
[-4.45860426e-02  1.31168552e-01  1.69204248e+09]
[-1.06549330e-02  1.94230435e-01  1.69204248e+09]
[-3.96406023e-03  2.59314374e-01  1.69204248e+09]
[-4.04625768e-03  3.00741886e-01  1.69204248e+09]
[-4.06269717e-03  3.26765596e-01  1.69204248e+09]
[-4.12845513e-03  3.31089182e-01  1.69204248e+09]
[-4.11201564e-03  3.33029042e-01  1.69204248e+09]
[-4.02981819e-03  3.25401119e-01  1.69204248e+09]
[-4.02981819e-03  3.21209049e-01  1.69204248e+09]
[-4.04625768e-03  3.16540235e-01  1.69204248e+09]
[-4.12845513e-03  3.07745108e-01  1.69204248e+09]
[-4.04625768e-03  3.00807644e-01  1.69204248e+09]
[-4.14489463e-03  2.61073399e-01  1.69204248e+09]
[-4.09557615e-03  9.70072913e-02  1.69204248e+09]
[-4.02981819e-03  1.55002970e-02  1.69204248e+09]
[-2.12090863e-02  5.29137315e-03  1.69204248e+09]
[-1.05001173e-01  5.35713112e-03  1.69204248e+09]
[-1.57426711e-01  5.35713112e-03  1.69204248e+09]
[-1.69115190e-01  5.47220755e-03  1.69204248e+09]
[-1.72781197e-01  5.45576806e-03  1.69204248e+09]
[-1.78732292e-01  5.48864704e-03  1.69204248e+09]
[-1.86771204e-01  5.37357061e-03  1.69204248e+09]
[-1.91522217e-01  5.37357061e-03  1.69204248e+09]
[-1.97029447e-01  5.42288908e-03  1.69204248e+09]
[-2.04575173e-01  5.40644959e-03  1.69204248e+09]
[-2.10904378e-01  5.29137315e-03  1.69204248e+09]
[-2.18877531e-01  5.43932857e-03  1.69204248e+09]
[-2.24187487e-01  5.48864704e-03  1.69204248e+09]
[-2.27952131e-01  5.35713112e-03  1.69204248e+09]
[-2.25847876e-01  5.45576806e-03  1.69204248e+09]
[-2.24269685e-01  5.39001010e-03  1.69204248e+09]
[-2.25058780e-01  5.42288908e-03  1.69204248e+09]
[-2.18861092e-01  5.48864704e-03  1.69204248e+09]
[-2.01846218e-01  5.53796552e-03  1.69204248e+09]
[-1.72534604e-01  5.34069163e-03  1.69204248e+09]
[-1.02748963e-01  5.45576806e-03  1.69204248e+09]
[-2.17187105e-02  6.96820122e-03  1.69204248e+09]
[-8.43403688e-05  2.03170678e-02  1.69204248e+09]
[-1.00779860e-04  2.46735328e-02  1.69204248e+09]
[-1.00779860e-04  2.88327240e-02  1.69204248e+09]
[-1.17219351e-04  5.32618071e-02  1.69204249e+09]
[-1.50098332e-04  1.01708986e-01  1.69204249e+09]
[-1.82977314e-04  1.28751947e-01  1.69204249e+09]
[-2.15856296e-04  1.32828940e-01  1.69204249e+09]
[-1.17219351e-04  1.20088336e-01  1.69204249e+09]
[-1.33658842e-04  6.76628009e-02  1.69204249e+09]
[-1.66537823e-04  5.94895279e-03  1.69204249e+09]
[-1.15555326e-01  5.52152603e-03  1.69204249e+09]
[-2.21047544e-01  5.37357061e-03  1.69204249e+09]
[-2.84684817e-01  5.35713112e-03  1.69204249e+09]
[-3.17284330e-01  5.27493366e-03  1.69204249e+09]
[-3.27575452e-01  5.25849417e-03  1.69204249e+09]
[-3.17235011e-01  5.19273621e-03  1.69204249e+09]
[-3.04149176e-01  5.25849417e-03  1.69204249e+09]
[-2.94630710e-01  5.20917570e-03  1.69204249e+09]
[-2.78207657e-01  5.11053875e-03  1.69204249e+09]
[-2.58233675e-01  5.14341774e-03  1.69204249e+09]
[-2.48715209e-01  5.15985723e-03  1.69204249e+09]
[-2.37076049e-01  5.14341774e-03  1.69204249e+09]
[-2.26521895e-01  5.11053875e-03  1.69204249e+09]
[-2.01895536e-01  5.06122028e-03  1.69204249e+09]
[-1.77334936e-01  4.99546232e-03  1.69204249e+09]
[-1.64216221e-01  5.11053875e-03  1.69204249e+09]
[-1.61947572e-01  5.09409926e-03  1.69204249e+09]
[-1.66205400e-01  5.07765977e-03  1.69204249e+09]
[-1.67339725e-01  5.11053875e-03  1.69204249e+09]
[-1.64610769e-01  5.02834130e-03  1.69204249e+09]
[-1.55371775e-01  5.07765977e-03  1.69204249e+09]
[-1.45327246e-01  4.99546232e-03  1.69204249e+09]
[-1.39096678e-01  5.11053875e-03  1.69204249e+09]
[-1.37995232e-01  5.01190181e-03  1.69204249e+09]
[-1.36104691e-01  5.06122028e-03  1.69204249e+09]
[-1.21226951e-01  5.01190181e-03  1.69204249e+09]
[-8.87753950e-02  5.04478079e-03  1.69204249e+09]
[-4.03282144e-02  5.02834130e-03  1.69204249e+09]
[-2.48735278e-04  7.63099729e-02  1.69204249e+09]
[-1.17219351e-04  2.35246961e-01  1.69204249e+09]
[-1.82977314e-04  3.37253990e-01  1.69204249e+09]
[-1.50098332e-04  3.60499427e-01  1.69204249e+09]
