HokinLeft_Hand
Dev2/ai0 Dev2/ai1
[-3.10920670e-03  5.58728399e-03  1.69204249e+09]
[-4.01337870e-03  5.53796552e-03  1.69204249e+09]
[-4.07913666e-03  5.57084450e-03  1.69204249e+09]
[-3.99693921e-03  5.58728399e-03  1.69204249e+09]
[-3.48731499e-03  5.58728399e-03  1.69204249e+09]
[-2.33655062e-03  5.57084450e-03  1.69204249e+09]
[-2.32295787e-04  5.62016297e-03  1.69204249e+09]
[-1.85824052e-05  5.50508653e-03  1.69204249e+09]
[-1.85824052e-05  5.42288908e-03  1.69204249e+09]
[-3.50218961e-05  5.50508653e-03  1.69204249e+09]
[-3.83254430e-03  5.52152603e-03  1.69204249e+09]
[-1.24139586e-02  5.52152603e-03  1.69204249e+09]
[-1.46168504e-02  5.45576806e-03  1.69204249e+09]
