HokinLeft_Hand
Dev2/ai0 Dev2/ai1
[-7.51963752e-02  5.35713112e-03  1.69204249e+09]
[-7.92076111e-02  5.39001010e-03  1.69204249e+09]
[-8.28736176e-02  5.30781264e-03  1.69204249e+09]
[-9.54662680e-02  5.39001010e-03  1.69204249e+09]
[-1.02650326e-01  5.37357061e-03  1.69204249e+09]
[-1.16903365e-01  5.42288908e-03  1.69204249e+09]
[-1.17100639e-01  5.34069163e-03  1.69204249e+09]
[-1.23758633e-01  7.13288072e-02  1.69204249e+09]
[-1.04261396e-01  2.27471083e-01  1.69204249e+09]
[-8.06871653e-02  3.44684639e-01  1.69204249e+09]
[-4.91233421e-02  4.22525614e-01  1.69204249e+09]
[-2.42997106e-02  4.66254651e-01  1.69204249e+09]
[-1.00302324e-02  4.92409875e-01  1.69204249e+09]
[-9.07674191e-03  5.10608386e-01  1.69204249e+09]
[-1.00631114e-02  5.26686204e-01  1.69204249e+09]
[-1.11316783e-02  5.12301654e-01  1.69204249e+09]
[-8.43560176e-03  4.93067454e-01  1.69204249e+09]
[-3.55307295e-03  4.65810785e-01  1.69204249e+09]
[-3.01056975e-03  4.18333545e-01  1.69204249e+09]
[-2.99413026e-03  3.13104381e-01  1.69204249e+09]
[-3.14208568e-03  1.14383833e-01  1.69204249e+09]
[-6.23270998e-03  2.99177304e-02  1.69204249e+09]
[-1.14421002e-01  6.67229039e-03  1.69204249e+09]
[-2.47449368e-01  6.17910566e-03  1.69204249e+09]
[-3.29465993e-01  6.03115024e-03  1.69204249e+09]
[-3.65024614e-01  6.09690821e-03  1.69204249e+09]
[-3.83782075e-01  6.06402922e-03  1.69204249e+09]
[-3.97081624e-01  6.06402922e-03  1.69204249e+09]
[-3.93053948e-01  6.01471075e-03  1.69204249e+09]
[-3.87546719e-01  6.03115024e-03  1.69204249e+09]
[-3.90144158e-01  6.04758973e-03  1.69204249e+09]
[-3.84571170e-01  5.99827126e-03  1.69204249e+09]
[-3.75841800e-01  5.99827126e-03  1.69204249e+09]
[-3.59106397e-01  6.03115024e-03  1.69204249e+09]
[-3.35647242e-01  6.01471075e-03  1.69204249e+09]
[-2.98313156e-01  6.04758973e-03  1.69204249e+09]
[-2.62310669e-01  5.99827126e-03  1.69204249e+09]
[-2.19913219e-01  5.94895279e-03  1.69204249e+09]
[-2.00218708e-01  5.82922913e-02  1.69204249e+09]
[-2.03966912e-01  1.43563928e-01  1.69204249e+09]
[-2.10559148e-01  2.02285785e-01  1.69204249e+09]
[-2.27261672e-01  2.55237380e-01  1.69204249e+09]
[-2.57740490e-01  2.86061422e-01  1.69204249e+09]
[-3.04510844e-01  3.35494965e-01  1.69204249e+09]
[-3.38639230e-01  3.67568407e-01  1.69204249e+09]
[-3.70877074e-01  3.85750480e-01  1.69204249e+09]
[-3.87480961e-01  3.83218799e-01  1.69204249e+09]
[-3.93415617e-01  3.78977411e-01  1.69204249e+09]
[-3.98117312e-01  3.72993438e-01  1.69204249e+09]
[-3.96769274e-01  3.69475387e-01  1.69204249e+09]
[-3.90735980e-01  3.67404012e-01  1.69204249e+09]
[-3.92741598e-01  3.64181872e-01  1.69204249e+09]
[-3.83387527e-01  3.60926853e-01  1.69204249e+09]
[-3.77699463e-01  3.59365102e-01  1.69204249e+09]
[-3.67950844e-01  3.54400376e-01  1.69204249e+09]
[-3.51889460e-01  3.49041103e-01  1.69204249e+09]
[-3.43012135e-01  3.46394346e-01  1.69204249e+09]
[-3.36880204e-01  3.44618881e-01  1.69204249e+09]
[-3.32622376e-01  3.42761219e-01  1.69204249e+09]
[-3.26391808e-01  3.38454073e-01  1.69204249e+09]
[-3.18007667e-01  3.32470099e-01  1.69204249e+09]
[-3.10889367e-01  3.26880673e-01  1.69204249e+09]
[-3.03705309e-01  3.20337756e-01  1.69204249e+09]
[-2.97935048e-01  3.15175757e-01  1.69204249e+09]
[-2.91572964e-01  3.15208636e-01  1.69204249e+09]
[-2.83862843e-01  3.15899094e-01  1.69204249e+09]
[-2.81166766e-01  3.13203018e-01  1.69204249e+09]
[-2.75922568e-01  3.10868611e-01  1.69204249e+09]
[-2.69511166e-01  3.04506529e-01  1.69204249e+09]
[-2.63724465e-01  2.95333294e-01  1.69204249e+09]
[-2.51460604e-01  2.83496862e-01  1.69204249e+09]
[-2.45016323e-01  2.70295952e-01  1.69204249e+09]
[-2.43372374e-01  2.62848864e-01  1.69204249e+09]
[-2.42106533e-01  2.56667616e-01  1.69204249e+09]
[-2.42780552e-01  2.54415406e-01  1.69204249e+09]
[-2.44490259e-01  2.55483973e-01  1.69204249e+09]
[-2.43701164e-01  2.52524865e-01  1.69204249e+09]
[-2.41711985e-01  2.47247789e-01  1.69204249e+09]
[-2.36500666e-01  2.36660758e-01  1.69204249e+09]
[-2.35662252e-01  2.32715280e-01  1.69204249e+09]
[-2.35826647e-01  2.35082567e-01  1.69204249e+09]
[-2.34051182e-01  2.35345598e-01  1.69204249e+09]
[-2.31503061e-01  2.34342790e-01  1.69204249e+09]
[-2.31305787e-01  2.33750968e-01  1.69204249e+09]
[-2.33607316e-01  2.36216891e-01  1.69204249e+09]
[-2.36188316e-01  2.39241757e-01  1.69204249e+09]
[-2.37782947e-01  2.41230936e-01  1.69204249e+09]
[-2.41448954e-01  2.43252993e-01  1.69204250e+09]
[-2.49898852e-01  2.46771043e-01  1.69204250e+09]
[-2.5515949e-01  2.5686489e-01  1.6920425e+09]
[-2.59565274e-01  2.66153201e-01  1.69204250e+09]
[-2.67193198e-01  2.73666048e-01  1.69204250e+09]
[-2.69346771e-01  2.75129162e-01  1.69204250e+09]
[-2.69133058e-01  2.73435895e-01  1.69204250e+09]
[-2.65680764e-01  2.70493226e-01  1.69204250e+09]
[-2.57691171e-01  2.66498430e-01  1.69204250e+09]
[-2.52331897e-01  2.62339240e-01  1.69204250e+09]
[-2.52446974e-01  2.61418628e-01  1.69204250e+09]
[-2.50934540e-01  2.60613093e-01  1.69204250e+09]
[-2.50885222e-01  2.60991202e-01  1.69204250e+09]
[-2.48189145e-01  2.60152788e-01  1.69204250e+09]
[-2.49997489e-01  2.60169227e-01  1.69204250e+09]
[-2.50326279e-01  2.60645972e-01  1.69204250e+09]
[-2.52266139e-01  2.62700908e-01  1.69204250e+09]
[-2.52808642e-01  2.63868112e-01  1.69204250e+09]
[-2.52644247e-01  2.64262660e-01  1.69204250e+09]
[-2.54156681e-01  2.64854482e-01  1.69204250e+09]
[-2.53795012e-01  2.65840851e-01  1.69204250e+09]
[-2.52299018e-01  2.67271086e-01  1.69204250e+09]
[-2.49767336e-01  2.66169641e-01  1.69204250e+09]
[-2.48271343e-01  2.64262660e-01  1.69204250e+09]
[-2.46462999e-01  2.62503635e-01  1.69204250e+09]
[-2.45904056e-01  2.61073399e-01  1.69204250e+09]
