HokinLeft_Hand
Dev2/ai0 Dev2/ai1
[-1.31485194e-01  4.45295912e-03  1.69204235e+09]
[-1.46856118e-01  4.40364065e-03  1.69204235e+09]
[-1.57081482e-01  4.30500370e-03  1.69204235e+09]
[-1.62851744e-01  4.35432217e-03  1.69204235e+09]
[-1.66271158e-01  4.33788268e-03  1.69204235e+09]
[-1.68408292e-01  4.32144319e-03  1.69204235e+09]
[-1.73553853e-01  4.20636676e-03  1.69204235e+09]
[-1.82677770e-01  4.32144319e-03  1.69204235e+09]
[-1.98591198e-01  4.25568523e-03  1.69204235e+09]
[-2.24762869e-01  4.18992726e-03  1.69204235e+09]
[-2.58595343e-01  4.25568523e-03  1.69204235e+09]
[-2.61998318e-01  4.28856421e-03  1.69204235e+09]
[-2.28280921e-01  7.54551194e-02  1.69204235e+09]
[-1.11313938e-01  2.52968731e-01  1.69204235e+09]
[-2.41353157e-02  3.52904383e-01  1.69204235e+09]
[-1.99132131e-03  3.64707936e-01  1.69204235e+09]
[-2.04063979e-03  3.57540319e-01  1.69204235e+09]
[-2.02420030e-03  3.49534288e-01  1.69204235e+09]
[-2.05707928e-03  3.41709091e-01  1.69204235e+09]
[-2.08995826e-03  3.33883895e-01  1.69204235e+09]
[-2.20503470e-03  3.23938004e-01  1.69204235e+09]
[-2.18859521e-03  3.12890668e-01  1.69204235e+09]
[-2.22147419e-03  2.73320818e-01  1.69204235e+09]
[-2.23791368e-03  1.48676609e-01  1.69204235e+09]
[-2.20503470e-03  4.72778326e-02  1.69204235e+09]
[-2.25435317e-03  8.20116304e-03  1.69204235e+09]
[-2.22147419e-03  5.89963432e-03  1.69204235e+09]
[-2.66669973e-02  5.57084450e-03  1.69204235e+09]
[-7.02152093e-02  5.42288908e-03  1.69204235e+09]
[-1.02321536e-01  5.43932857e-03  1.69204235e+09]
[-1.16640333e-01  5.37357061e-03  1.69204235e+09]
[-1.35118321e-01  5.27493366e-03  1.69204235e+09]
[-1.38537736e-01  5.17629672e-03  1.69204235e+09]
[-1.15933435e-01  5.22561519e-03  1.69204235e+09]
[-4.91726606e-02  6.93889474e-02  1.69204235e+09]
[-2.50094553e-03  1.59658188e-01  1.69204235e+09]
[-2.33655062e-03  2.03239276e-01  1.69204235e+09]
[-2.30367164e-03  2.16522383e-01  1.69204235e+09]
[-2.35299011e-03  2.19366415e-01  1.69204235e+09]
[-2.41874808e-03  2.10719243e-01  1.69204235e+09]
[-2.38586910e-03  2.00493881e-01  1.69204235e+09]
[-2.41874808e-03  1.97748486e-01  1.69204235e+09]
[-2.40230859e-03  1.86240843e-01  1.69204235e+09]
[-2.46806655e-03  9.50181130e-02  1.69204235e+09]
[-2.43518757e-03  9.66427772e-03  1.69204235e+09]
[-2.45162706e-03  4.94614384e-03  1.69204235e+09]
[-2.48450604e-03  4.78174894e-03  1.69204235e+09]
[-6.06474254e-02  4.66667250e-03  1.69204235e+09]
[-1.03817530e-01  4.76530945e-03  1.69204235e+09]
[-1.25714932e-01  4.66667250e-03  1.69204235e+09]
[-1.38093869e-01  4.56803555e-03  1.69204235e+09]
[-1.41233812e-01  4.58447505e-03  1.69204235e+09]
[-1.41316010e-01  4.48583810e-03  1.69204235e+09]
[-1.38866525e-01  4.48583810e-03  1.69204235e+09]
[-1.30597461e-01  4.51871708e-03  1.69204235e+09]
[-1.17889734e-01  4.48583810e-03  1.69204235e+09]
[-1.06661562e-01  4.50227759e-03  1.69204235e+09]
[-1.04327154e-01  4.48583810e-03  1.69204235e+09]
[-1.08913772e-01  4.45295912e-03  1.69204235e+09]
[-1.06069740e-01  4.53515657e-03  1.69204235e+09]
[-1.07582173e-01  4.51871708e-03  1.69204235e+09]
[-1.03143510e-01  4.43651963e-03  1.69204235e+09]
[-7.43415216e-02  4.50227759e-03  1.69204235e+09]
[-6.51218132e-03  4.48583810e-03  1.69204235e+09]
[-1.62965251e-03  2.64654373e-02  1.69204235e+09]
[-1.82692641e-03  7.45673869e-02  1.69204235e+09]
[-1.94200284e-03  9.25850684e-02  1.69204235e+09]
[-1.99132131e-03  8.91492149e-02  1.69204235e+09]
[-2.05707928e-03  8.22610684e-02  1.69204235e+09]
[-2.04063979e-03  7.63921703e-02  1.69204235e+09]
[-2.10639775e-03  5.77826671e-02  1.69204235e+09]
[-2.08995826e-03  1.23274752e-02  1.69204235e+09]
[-2.13927673e-03  4.28856421e-03  1.69204235e+09]
[-3.81582015e-02  4.02553236e-03  1.69204235e+09]
[-8.73780382e-02  3.92689541e-03  1.69204235e+09]
[-1.25764251e-01  3.89401643e-03  1.69204235e+09]
[-1.46625965e-01  3.91045592e-03  1.69204235e+09]
[-1.56752692e-01  3.86113745e-03  1.69204235e+09]
[-1.63114775e-01  3.86113745e-03  1.69204235e+09]
[-1.63673718e-01  3.82825846e-03  1.69204235e+09]
[-1.59777559e-01  3.79537948e-03  1.69204235e+09]
[-1.50719399e-01  3.82825846e-03  1.69204235e+09]
[-1.30219353e-01  3.72962152e-03  1.69204235e+09]
[-9.10111658e-02  3.71318203e-03  1.69204235e+09]
[-3.78129722e-02  3.84469796e-03  1.69204235e+09]
[-1.99132131e-03  3.82825846e-03  1.69204235e+09]
[-1.89268437e-03  3.72962152e-03  1.69204235e+09]
[-2.04063979e-03  3.79537948e-03  1.69204235e+09]
[-2.13927673e-03  3.81181897e-03  1.69204235e+09]
[-2.12283724e-03  3.82825846e-03  1.69204235e+09]
