HokinLeft_Hand
Dev2/ai0 Dev2/ai1
[-1.36778710e-01  3.97621388e-03  1.69204236e+09]
[-1.50916673e-01  4.02553236e-03  1.69204236e+09]
[-1.67224648e-01  3.94333490e-03  1.69204236e+09]
[-1.79143280e-01  3.95977439e-03  1.69204236e+09]
[-1.83927172e-01  3.95977439e-03  1.69204236e+09]
[-1.74967649e-01  3.87757694e-03  1.69204236e+09]
[-1.55618367e-01  3.92689541e-03  1.69204236e+09]
[-1.17133518e-01  5.20917570e-03  1.69204236e+09]
[-7.25331776e-02  1.28751947e-01  1.69204236e+09]
[-3.17496466e-03  2.72778315e-01  1.69204236e+09]
[-1.85980539e-03  3.54318179e-01  1.69204236e+09]
