HokinLeft_Hand
Dev2/ai0 Dev2/ai1
[-2.43518757e-03  5.86675533e-03  1.69204236e+09]
[-2.51738502e-03  5.86675533e-03  1.69204236e+09]
[-6.23270997e-03  5.81743686e-03  1.69204236e+09]
[-8.84658903e-03  5.81743686e-03  1.69204236e+09]
[-1.17070605e-02  5.89963432e-03  1.69204236e+09]
[-1.40743472e-02  5.88319482e-03  1.69204236e+09]
[-1.42551816e-02  5.83387635e-03  1.69204236e+09]
[-1.60142071e-02  5.83387635e-03  1.69204236e+09]
[-1.69019396e-02  5.76811839e-03  1.69204236e+09]
[-2.28694748e-02  5.81743686e-03  1.69204236e+09]
