Hokin_Second_Time_Right_Hand
Dev2/ai0 Dev2/ai1
[-0.07411136875525684, -0.00023229578701492725, -1.0060635130087408, -0.010602895044584566, -0.010602895044584566, 0, 1692984080.8660948]
[-0.07771161734397647, -0.00023229578701406127, -1.027398911340388, -0.021335398331647295, -0.010732503287062729, 0, 1692984080.912642]
[-0.08257770676619311, -0.00024873527792302204, -1.0582026504403022, -0.030803739099914136, -0.009468340768266843, 0, 1692984080.9625762]
[-0.09096184733920795, -0.0002651747688293835, -1.0972330656587723, -0.03903041521847014, -0.008226676118556002, 0, 1692984081.012645]
[-0.09885280318887146, -0.00023229578701406127, -1.1430544934585378, -0.04582142779976559, -0.006791012581295457, 0, 1692984081.0625577]
[-0.1032585868783749, -0.00028161425973661223, -1.194317010127049, -0.05126251666851114, -0.005441088868745551, 0, 1692984081.1145756]
[-0.10082554215373929, -0.00028161425973747823, -1.2499677401150484, -0.05565072998799927, -0.004388213319488126, 0, 1692984081.1641474]
[-0.08806849686505801, -0.0002487352779221547, -1.3095888818483958, -0.05962114173334743, -0.003970411745348161, 0, 1692984081.212155]
[-0.051967374088536876, 0.08007461619589722, -1.373784468559829, -0.0641955867114333, -0.004574444978085876, 0, 1692984081.2626913]
[-0.014025028689536683, 0.1573566595923126, -1.4317736493172406, -0.05798918075741156, 0.006206405954021742, 0, 1692984081.313667]
[-5.146138702675635e-05, 0.2167360964126286, -1.4739583742176694, -0.04218472490042886, 0.01580445585698269, 0, 1692984081.365236]
[-0.00011721935065740069, 0.27606621307223417, -1.491990512344304, -0.018032138126634647, 0.024152586773794216, 0, 1692984081.4142618]
[-0.00011721935065740069, 0.3146168143575484, -1.4768984439994544, 0.015092068344849632, 0.03312420647148428, 0, 1692984081.4622767]
[-8.434036884294727e-05, 0.33462367193147535, -1.4252956076354615, 0.05160283636399278, 0.036510768019143144, 0, 1692984081.512518]
[-3.502189611866158e-05, 0.33784581166776795, -1.338787048596889, 0.08650855903857249, 0.03490572267457972, 0, 1692984081.5645335]
[-6.79008779331164e-05, 0.33743482445669115, -1.2229405153117139, 0.11584653328517497, 0.029337974246602477, 0, 1692984081.6141248]
[-0.00010077985974930592, 0.3384047542743988, -1.0840704394991514, 0.13887007581256244, 0.02302354252738749, 0, 1692984081.6621468]
[-0.0001007798597475712, 0.34095287497896254, -0.927978463176831, 0.1560919763223204, 0.01722190050975798, 0, 1692984081.7125828]
[-0.00011721935065740207, 0.3458682820050324, -0.759764102251127, 0.168214360925704, 0.01212238460338359, 0, 1692984081.7633476]
[-8.434036884207851e-05, 0.34673957488800133, -0.5836935369002323, 0.1760705653508947, 0.007856204425190683, 0, 1692984081.8143592]
[-2.1429143042067667e-06, 0.3438955434010372, -0.4039141926117808, 0.1797793442884515, 0.003708778937556797, 0, 1692984081.8647182]
[-5.1461387025888985e-05, 0.34230091302768073, -0.2241898424490892, 0.1797243501626916, -5.499412575991528e-05, 0, 1692984081.9127216]
[-2.142914305942878e-06, 0.3374512639452843, -0.04747730152324367, 0.17671254092584554, -0.0030118092368460543, 0, 1692984081.9617686]
[-1.8582405211434173e-05, 0.33158236656295764, 0.12368304181360384, 0.17116034333684751, -0.005552197588998038, 0, 1692984082.0143542]
[-8.434036884034379e-05, 0.29153577213758297, 0.28726330431857283, 0.163580262504969, -0.007580080831878539, 0, 1692984082.0654314]
[-0.03879934169155091, 0.1302643800244965, 0.44151266309672876, 0.1542493587781559, -0.00933090372681308, 0, 1692984082.1124258]
[-0.13773220046128848, 0.040208851575314654, 0.584392854732882, 0.14288019163615323, -0.01136916714200268, 0, 1692984082.1624513]
[-0.197539070974659, 0.0031049208654160194, 0.7101380149943103, 0.1257451602614282, -0.01713503137472502, 0, 1692984082.2134361]
[-0.24008447567974808, -0.00023229578701232796, 0.8152664472094548, 0.10512843221514458, -0.020616728046283627, 0, 1692984082.2634473]
[-0.25589926683393455, -0.0005939645870164046, 0.8963853286694449, 0.08111888145999, -0.02400955075515459, 0, 1692984082.315466]
[-0.27177981598914974, -0.0007583594961216161, 0.9529780361909166, 0.05659270752147171, -0.024526173938518282, 0, 1692984082.3624816]
[-0.28578626309562816, -0.0008898754234123715, 0.9846146904914697, 0.03163665430055311, -0.024956053220918605, 0, 1692984082.4118469]
[-0.3013709014507714, -0.0008898754234123715, 0.9913863848933243, 0.00677169440185461, -0.0248649598986985, 0, 1692984082.464864]
[-0.30848920146723047, -0.0009227544052363603, 0.9735572142880529, -0.017829170605271494, -0.024600865007126105, 0, 1692984082.5148776]
[-0.31496636130161504, -0.001021391350708327, 0.9329892232066755, -0.04056799108137736, -0.02273882047610587, 0, 1692984082.5624697]
[-0.32070374400069906, -0.0010871493143589026, 0.871922897058202, -0.06106632614847354, -0.02049833506709618, 0, 1692984082.6124878]
[-0.3301728913840668, -0.0011200282961854892, 0.7929068530788955, -0.07901604397930652, -0.017949717830832972, 0, 1692984082.6635063]
[-0.33074827360376696, -0.0010871493143606345, 0.698172333540949, -0.0947345195379465, -0.015718475558639974, 0, 1692984082.7155194]
[-0.32328474424161835, -0.0011035888052739252, 0.5910321810425295, -0.10714015249841949, -0.012405632960472987, 0, 1692984082.765759]
[-0.3168240238944171, -0.001218665241665244, 0.47533166661068726, -0.11570051443184223, -0.00856036193342275, 0, 1692984082.812473]
[-0.3010092326280205, 0.0022336278480138984, 0.35428157805023763, -0.12105008856044962, -0.005349574128607378, 0, 1692984082.862763]
[-0.24514783916482327, 0.05604008105996927, 0.23122141838518806, -0.12306015966504959, -0.002010071104599972, 0, 1692984082.914775]
[-0.18136261115225652, 0.1134303420978818, 0.11155802878190607, -0.11966338960328199, 0.003396770061767595, 0, 1692984082.9649513]
[-0.10084198164896321, 0.18168710455060727, 0.00044033299897656974, -0.1111176957829295, 0.008545693820352486, 0, 1692984083.012078]
[-0.026042296618999337, 0.25847595977237764, -0.09682892545233213, -0.0972692584513087, 0.013848437331620804, 0, 1692984083.0621386]
[-0.013827754801134934, 0.31243036236471744, -0.17562405064898512, -0.07879512519665298, 0.018474133254655713, 0, 1692984083.1137364]
[-0.1576568642341611, 0.3629160313466973, -0.23408499972117564, -0.0584609490721905, 0.020334176124462477, 0, 1692984083.1647494]
[-0.3450177526637958, 0.40851917097914453, -0.27198860664978414, -0.0379036069286085, 0.020557342143581996, 0, 1692984083.2157667]
[-0.4610476875236936, 0.45385927752265837, -0.28847948728458334, -0.01649088063479921, 0.021412726293809293, 0, 1692984083.2787817]
[-0.4983817739653773, 0.506909501989294, -0.28241432082435824, 0.0060651664602250875, 0.022556047095024297, 0, 1692984083.3295121]
[-0.49077028915089665, 0.5918852060538795, -0.25336803182507195, 0.029046288999286306, 0.02298112253906122, 0, 1692984083.3814533]
[-0.4813011417327429, 0.602669508610769, -0.20091610308376362, 0.05245192874130833, 0.02340563974202202, 0, 1692984083.431464]
[-0.4769282368476081, 0.575873146920544, -0.13143868040461326, 0.06947742267915034, 0.01702549393784201, 0, 1692984083.4790916]
[-0.45221968028877696, 0.5365005777069813, -0.054103723376095134, 0.07733495702851813, 0.007857534349367782, 0, 1692984083.5301085]
[-0.4083919944599816, 0.47036452264925666, 0.02271318248205892, 0.07681690585815405, -0.0005180511703640741, 0, 1692984083.5821202]
[-0.34439305196420134, 0.43227423059132936, 0.09237362088232999, 0.06966043840027107, -0.0071564674578829856, 0, 1692984083.646138]
[-0.31212232919120697, 0.40556006318345333, 0.15259592842599295, 0.060222307543662965, -0.009438130856608105, 0, 1692984083.6955106]
[-0.27641575270521573, 0.3692123553128442, 0.2018663136903808, 0.049270385264387845, -0.01095192227927512, 0, 1692984083.7475111]
[-0.2265383344294226, 0.3110987637761576, 0.24011131399978436, 0.038245000309403566, -0.011025384954984278, 0, 1692984083.7975554]
[-0.17562522856290375, 0.21058772733867567, 0.2690264081978457, 0.028915094198061344, -0.009329906111342223, 0, 1692984083.8485615]
[-0.15164001030566646, 0.1674833853659626, 0.2909847696024059, 0.021958361404560207, -0.0069567327935011365, 0, 1692984083.8955708]
[-0.12043785541441632, 0.12566132280027537, 0.3075788784547568, 0.01659410885235091, -0.005364252552209301, 0, 1692984083.9454756]
[-0.08678621654237377, 0.09735252060197955, 0.32104789631964226, 0.013469017864885482, -0.0031250909874654268, 0, 1692984083.9984875]
[-0.04696976877751949, 0.07190418943745833, 0.33382747963263604, 0.012779583312993769, -0.0006894345518917135, 0, 1692984084.0475128]
[-0.031631723576308175, 0.06695590279345112, 0.3486919719130424, 0.014864492280406367, 0.0020849089674125974, 0, 1692984084.095526]
[-0.02668343676843234, 0.056779858138525666, 0.36660488353968257, 0.017912911626640136, 0.0030484193462337696, 0, 1692984084.1455219]
[-0.02474357682589322, 0.05673053966677116, 0.3878040153019148, 0.021199131762232218, 0.003286220135592083, 0, 1692984084.1985338]
[-0.033604462504954455, 0.0691916735039658, 0.4123175145147831, 0.024513499212868335, 0.003314367450636118, 0, 1692984084.2485504]
[-0.05252631678765267, 0.08421736779051099, 0.4392903807557937, 0.026972866241010595, 0.0024593670281422607, 0, 1692984084.2955127]
[-0.054416858272443844, 0.0924371129874089, 0.46703734746200615, 0.027746966706212448, 0.0007741004652018533, 0, 1692984084.3455303]
[-0.04708484521523659, 0.09131922764215557, 0.49532842071600164, 0.028291073253995488, 0.000544106547783041, 0, 1692984084.3961606]
[-0.06797943851944176, 0.07243025313247686, 0.5248245269511795, 0.02949610623517787, 0.0012050329811823853, 0, 1692984084.4481738]
[-0.1389487228330768, 0.004732430462514569, 0.5540491766851714, 0.0292246497339919, -0.0002714565011859705, 0, 1692984084.5141897]
[-0.19587868231168817, -1.8582405213170282e-05, 0.5782287871467575, 0.024179610461586128, -0.005045039272405774, 0, 1692984084.5621898]
[-0.22722879308387559, -0.0002487352779212901, 0.5927626089765867, 0.01453382182982917, -0.009645788631756958, 0, 1692984084.6132073]
[-0.24478617034345854, -0.0005282066233770935, 0.595609338611758, 0.002846729635171257, -0.011687092194657913, 0, 1692984084.6645207]
[-0.25119757216278965, -0.0006104040779271, 0.586252929725996, -0.009356408885762097, -0.012203138520933354, 0, 1692984084.7155364]
[-0.25580062988271096, -0.0006597225506557169, 0.5653900269482336, -0.02086290277776233, -0.01150649389200023, 0, 1692984084.7795124]
[-0.24871520889358645, -0.0007747989870331776, 0.5339336984017238, -0.03145632854650983, -0.010593425768747503, 0, 1692984084.8315496]
[-0.24108728468101598, -0.000807677968856299, 0.49384981810492834, -0.04008388029679544, -0.008627551750285607, 0, 1692984084.881496]
[-0.2263739395106661, -0.0008076779688545657, 0.44696118614837155, -0.0468886319565568, -0.006804751659761359, 0, 1692984084.9295154]
[-0.19012486021658526, -0.0008241174597669945, 0.39543340768360247, -0.0515277784647691, -0.0046391465082123015, 0, 1692984084.9795246]
[-0.13758424503595196, -0.0008241174597652598, 0.3426668569786681, -0.052766550704934335, -0.0012387722401652345, 0, 1692984085.0297246]
[-0.08907130583637757, -0.0009720728779719107, 0.29243784449257215, -0.050229012486095986, 0.002537538218838352, 0, 1692984085.0975235]
[-0.05390723404658707, -0.0008734359324999441, 0.24733322720915651, -0.04510461728341565, 0.005124395202680335, 0, 1692984085.1455371]
[-0.02623957051041661, -0.0009885123688860701, 0.20845982752027697, -0.038873399688879526, 0.006231217594536128, 0, 1692984085.195511]
[-0.007498550776952625, -0.000988512368884338, 0.1761796496458639, -0.03228017787441307, 0.006593221814466455, 0, 1692984085.2485263]
[-0.00011721935065826667, 0.06396391551506801, 0.15026014416124117, -0.025919505484622747, 0.006360672389790322, 0, 1692984085.315546]
[-8.434036884121115e-05, 0.09587296647178119, 0.13111158689400648, -0.019148557267234675, 0.006770948217388072, 0, 1692984085.3795428]
[3.073606751024804e-05, 0.10277755240752236, 0.11846024741421571, -0.012651339479790781, 0.006497217787443894, 0, 1692984085.4295192]
[-0.0015474550599518535, 0.10207065432371949, 0.11168214115025599, -0.006778106263959726, 0.005873233215831055, 0, 1692984085.4825306]
[-0.00011721935065826805, 0.10077193459003668, 0.11004157068663006, -0.0016405704636259172, 0.005137535800333809, 0, 1692984085.5475175]
[-0.00018297731428804505, 0.0871929155547684, 0.11304445687108913, 0.0030028861844590728, 0.00464345664808499, 0, 1692984085.6125429]
[-0.00011721935065566597, 0.07581678817250083, 0.11994814342260633, 0.006903686551517204, 0.003900800367058132, 0, 1692984085.6625571]
[-8.434036884121115e-05, 0.047327151033195305, 0.13019451101368687, 0.010246367591080533, 0.0033426810395633284, 0, 1692984085.7153049]
[-3.502189611866158e-05, 0.0006225577400992138, 0.14298649942776745, 0.01279198841408059, 0.002545620823000058, 0, 1692984085.7813294]
[-0.028771252132101667, 0.0003595258856278691, 0.157359638953269, 0.014373139525501528, 0.0015811511114209387, 0, 1692984085.8295162]
[-0.045325819663578897, 0.0001786914856683447, 0.17200040514123333, 0.014640766187964348, 0.00026762666246282096, 0, 1692984085.8795218]
[-0.0756402414438935, 0.00011293352204117258, 0.1862738099589474, 0.014273404817714093, -0.00036736137025025604, 0, 1692984085.947829]
[-0.11882678525210584, 4.71755584166067e-05, 0.19882859581049184, 0.012554785851544428, -0.0017186189661696648, 0, 1692984086.0148437]
[-0.1445545894447796, -6.790087793398376e-05, 0.20764828393025495, 0.008819688119763101, -0.0037350977317813262, 0, 1692984086.0795734]
[-0.14993030318267953, -0.00011721935065653333, 0.21175737434266978, 0.0041090904124148325, -0.004710597707348269, 0, 1692984086.1305892]
[-0.1392610731706841, -6.790087793485112e-05, 0.2113494923455897, -0.00040788199708008486, -0.004516972409494917, 0, 1692984086.1815007]
[-0.11299076579146976, -6.790087793398376e-05, 0.20746495587952185, -0.0038845364660678536, -0.003476654468987769, 0, 1692984086.2465217]
[-0.1118071224088529, -0.00011721935065653333, 0.20187525038514498, -0.005589705494376884, -0.0017051690283090308, 0, 1692984086.2955382]
[-0.10676019854546281, -0.00011721935065653333, 0.19477078239824466, -0.007104467986900304, -0.0015147624925234196, 0, 1692984086.3655596]
[-0.11027824970694008, -0.00011721935065740069, 0.18651563589530326, -0.008255146502941412, -0.001150678516041107, 0, 1692984086.4155717]
[-0.10380109009431175, -0.00026517476883025084, 0.17696650649844484, -0.009549129396858412, -0.0012939828939170003, 0, 1692984086.4795163]
[-0.06286675674768152, -0.00015009833247359023, 0.1665106451075175, -0.010455861390927326, -0.0009067319940689123, 0, 1692984086.5465028]
[-0.019334984280461764, -0.00018297731428717768, 0.15722214442992538, -0.009288500677592128, 0.0011673607133351972, 0, 1692984086.615525]
[-3.502189611866158e-05, -0.00019941680519613842, 0.15103271096870896, -0.006189433461216422, 0.0030990672163757065, 0, 1692984086.6794267]
[-0.00010077985975017468, -0.00021585629610423318, 0.14847337610457467, -0.002559334864134281, 0.003630098597082141, 0, 1692984086.7455518]
[-3.502189611866158e-05, -0.00023229578701492725, 0.1491276642850032, 0.0006542881804285305, 0.0032136230445628114, 0, 1692984086.798565]
[-0.0003473722233715892, -0.00026517476883025084, 0.1526906675928491, 0.0035630033078459028, 0.0029087151274173723, 0, 1692984086.8635862]
[-0.0002322957870131939, 0.004896825371961508, 0.15892703352116175, 0.006236365928312646, 0.0026733626204667434, 0, 1692984086.9294977]
