Hokin_Third_Time_Right_Hand
Dev2/ai0 Dev2/ai1
[-0.10250237027489992, -0.0039147417526344125, -0.7773979572721399, -0.016865341207469173, -0.016865341207469173, 0, 1693075639.7096565]
[-0.14044471656161, -0.003832544297998064, -0.8065820372273574, -0.02918407995521754, -0.012318738747748366, 0, 1693075639.759862]
[-0.24473685187454103, -0.0037503468433625784, -0.8471834018699989, -0.04060136464264144, -0.011417284687423906, 0, 1693075639.809269]
[-0.5762885231207073, -0.003733907352435481, -0.8983187437972482, -0.05113534192724939, -0.010533977284607947, 0, 1693075639.8590028]
[-0.4606038212381991, -0.0036681493887288142, -0.9581997452167271, -0.05988100141947893, -0.008745659492229534, 0, 1693075639.9098687]
[-0.5518265627539105, -0.0036352704068772002, -1.0258489315476207, -0.0676491863308936, -0.007768184911414672, 0, 1693075639.962497]
[-0.803827530386483, -0.0035037544794707443, -1.0992399304174254, -0.07339099886980463, -0.005741812538911027, 0, 1693075640.0125084]
[-1.0267305841390137, -0.003405117533919344, -1.1741390027181462, -0.0748990723007208, -0.0015080734309161745, 0, 1693075640.0594962]
[-1.163096149024304, -0.003372238552069451, -1.245483402085206, -0.07134439936705965, 0.003554672933661159, 0, 1693075640.1095603]
[-1.2578697998873505, -0.0033393595702212813, -1.3088594103350057, -0.06337600824979973, 0.007968391117259914, 0, 1693075640.1606076]
[-1.288282852381869, -0.0032736016065223585, -1.3605931092601131, -0.0517336989251073, 0.011642309324692434, 0, 1693075640.2142196]
[-1.3163450576035496, -0.0032736016065223585, -1.3987901539106808, -0.03819704465056774, 0.013536654274539562, 0, 1693075640.2633176]
[-1.3458539371793434, -0.0032736016065258054, -1.4222970378992477, -0.023506883988566728, 0.01469016066200101, 0, 1693075640.309887]
[-1.3310419592578069, -0.0031585251700559187, -1.430688989673176, -0.008391951773928305, 0.015114932214638423, 0, 1693075640.3588886]
[-1.321802967406973, -0.0031585251700550557, -1.4254116072754888, 0.005277382397687361, 0.013669334171615666, 0, 1693075640.4129012]
[-1.3225756233112536, -0.0030763277154367856, -1.4083257426802427, 0.017085864595245984, 0.011808482197558624, 0, 1693075640.462494]
[-1.3146189114270947, -0.00309276720636389, -1.381470148067245, 0.026855594612997476, 0.00976973001775149, 0, 1693075640.5098944]
[-1.3029304358374794, -0.0029941302608228262, -1.3473519222635928, 0.03411822580365234, 0.0072626311906548655, 0, 1693075640.5589223]
[-1.2788465864259222, -0.003010569751744757, -1.3086394488963475, 0.038712473367245176, 0.004594247563592835, 0, 1693075640.6103928]
[-1.2698213076112614, -0.002944811788053592, -1.268126731915505, 0.04051271698084251, 0.0018002436135973313, 0, 1693075640.663405]
[-1.2561272141597013, -0.0029448117880544523, -1.2280457295732243, 0.04008100234228073, -0.0004317146385617798, 0, 1693075640.7134213]
[-1.2573437362716302, -0.002944811788053592, -1.1903940722663142, 0.037651657306910224, -0.0024293450353705067, 0, 1693075640.759176]
[-1.2615193662166935, -0.0029612512789772435, -1.1565731726962787, 0.03382089957003544, -0.003830757736874784, 0, 1693075640.8104966]
[-1.2705117661011749, -0.002780416878833425, -1.1276158596014818, 0.028957313094796884, -0.004863586475238553, 0, 1693075640.8645089]
[-1.2860635215436214, -0.002879053824365868, -1.1041912783486294, 0.023424581252852433, -0.005532731841944451, 0, 1693075640.9265032]
[-1.3030290727631437, -0.002928372297132521, -1.0865744733744085, 0.01761680497422081, -0.005807776278631623, 0, 1693075640.9765007]
[-1.31719991094792, -0.0028626143334439373, -1.0747684598783989, 0.0118060134960097, -0.005810791478211113, 0, 1693075641.0274968]
[-1.3294637684831205, -0.00281329586067901, -1.0685741189734288, 0.006194340904970157, -0.005611672591039542, 0, 1693075641.0805008]
[-1.3301871059217447, -0.002763977387914081, -1.0675900657803037, 0.000984053193125045, -0.0052102877118451124, 0, 1693075641.1305168]
[-1.3615536472448941, -0.0027475378969904264, -1.0713360400133012, -0.003745974232997538, -0.004730027426122583, 0, 1693075641.1754916]
[-1.3836976359251667, -0.0027475378969904264, -1.0788695312098258, -0.007533491196524498, -0.0037875169635269595, 0, 1693075641.2254968]
[-1.4091459610218406, -0.002681779933306154, -1.0892441939986295, -0.010374662788803713, -0.0028411715922792157, 0, 1693075641.2815156]
[-1.3944983786096408, -0.0026817799333052907, -1.101428084524511, -0.012183890525881558, -0.0018092277370778448, 0, 1693075641.3305333]
[-1.3534325406934957, -0.0026489009514640187, -1.1148118379408054, -0.013383753416294318, -0.0011998628904127601, 0, 1693075641.376489]
[-1.2547627366259455, -0.002599582478700814, -1.1291070924682458, -0.014295254527440427, -0.0009115011111461082, 0, 1693075641.4254894]
[-1.1448976347575108, -0.0025995824786990904, -1.1447492726430757, -0.0156421801748298, -0.0013469256473893712, 0, 1693075641.4775004]
[-0.8164530594594932, 0.18352832733238134, -1.162326894742296, -0.017577622099220223, -0.0019354419243904249, 0, 1693075641.5295131]
[-0.6735609997608292, 0.4635092564860031, -1.170676213266316, -0.008349318524020044, 0.00922830357520018, 0, 1693075641.580492]
[-0.5733294179815344, 0.5877917741121441, -1.1495831696583734, 0.021093043607942702, 0.029442362131962746, 0, 1693075641.6264958]
[-0.5828643233093957, 0.5874794238918726, -1.0940638848562492, 0.055519284802124105, 0.0344262411941814, 0, 1693075641.6765063]
[-0.5333156945113212, 0.673408612893298, -1.0096247441869755, 0.08443914066927369, 0.028919855867149586, 0, 1693075641.7310677]
[-0.4838163840158245, 0.7103974527113766, -0.8962537079611679, 0.11337103622580758, 0.028931895556533894, 0, 1693075641.7950897]
[-0.40173400017827554, 0.7199323534558446, -0.7586205319940044, 0.1376331759671635, 0.024262139741355923, 0, 1693075641.8422892]
[-0.31292786430051167, 0.7244038930892535, -0.6031090474446102, 0.15551148454939412, 0.017878308582230596, 0, 1693075641.8923118]
[-0.1701673174035934, 0.716282788008149, -0.43509536764713885, 0.1680136797974714, 0.012502195248077264, 0, 1693075641.9455051]
[-1.5583172034138697, 0.7118770062806898, -0.25811150635245766, 0.1769838612946812, 0.008970181497209786, 0, 1693075641.9965217]
[-1.437930913759816, 0.6996131510879442, -0.10878822758446147, 0.1493232787679962, -0.02766058252668498, 0, 1693075642.0594916]
[-0.07973367599903211, 0.6944675925046999, 0.007862766293683626, 0.11665099387814509, -0.032672284889851105, 0, 1693075642.1095066]
[9.649403113568267e-05, 0.70086255189109, 0.13359673076547118, 0.12573396447178756, 0.009082970593642468, 0, 1693075642.1635206]
[-0.11205371479012942, 0.7056957602477365, 0.2693667517839355, 0.1357700210184643, 0.010036056546676749, 0, 1693075642.228911]
[-0.2762184788105039, 0.7015530102289693, 0.4080453319574884, 0.13867858017355292, 0.002908559155088615, 0, 1693075642.2764878]
[-0.4500661068286508, 0.7056793207636768, 0.538980996579642, 0.1309356646221537, -0.007742915551399224, 0, 1693075642.3265035]
[-0.843216506788527, 0.703640824724335, 0.6504138689774022, 0.11143287239776017, -0.019502792224393516, 0, 1693075642.3802836]
[-0.8308869150440301, 0.6924948543837945, 0.7171563932041611, 0.06674252422675891, -0.04469034817100125, 0, 1693075642.430295]
[-0.6796764905996961, 0.698297992346925, 0.7412374931030088, 0.024081099898847602, -0.04266142432791131, 0, 1693075642.4923182]
[-0.6601134955177763, 0.709049415013207, 0.7354970123220194, -0.005740480780989429, -0.02982158067983703, 0, 1693075642.5423093]
[-0.6545569473008591, 0.752548289207284, 0.7044452083912657, -0.031051803930753682, -0.025311323149764253, 0, 1693075642.5973315]
[-0.6755666177509988, 0.7498193349408389, 0.6524513881271453, -0.05199382026412039, -0.020942016333366703, 0, 1693075642.6623318]
[-0.6850193254799759, 0.7505262327334343, 0.5824864062134751, -0.06996498191367018, -0.017971161649549792, 0, 1693075642.7096555]
[-0.6809423315397596, 0.7510687356900843, 0.4987261996146834, -0.08376020659879174, -0.013795224685121572, 0, 1693075642.758998]
[-0.6801367964464742, 0.7484219788380271, 0.4062338773175516, -0.09249232229713178, -0.00873211569834003, 0, 1693075642.8134372]
[-0.7175201999337122, 0.7409091348208552, 0.3096019874104655, -0.09663188990708613, -0.004139567609954345, 0, 1693075642.878684]
[-0.705091944630237, 0.7368814613124395, 0.21115229454326445, -0.09844969286720108, -0.001817802960114948, 0, 1693075642.9264882]
[-0.6927130074627342, 0.728793235285559, 0.11543145237986921, -0.09572084216339524, 0.002728850703805845, 0, 1693075642.9765038]
[-0.7001436575230183, 0.7198337165524026, 0.026134552296062874, -0.08929690008380634, 0.006423942079588904, 0, 1693075643.0305185]
[-0.6768324583485519, 0.7063862185828499, -0.054552145164602855, -0.08068669746066573, 0.008610202623140602, 0, 1693075643.0815303]
[-0.6918745933703523, 0.6965718464966809, -0.12418939283576595, -0.0696372476711631, 0.011049449789502638, 0, 1693075643.1295438]
[-0.6563159728857156, 0.6826476032151507, -0.18216698029359102, -0.05797758745782508, 0.011659660213338016, 0, 1693075643.175683]
[-0.6200175749935666, 0.6686411623500936, -0.22715546966951491, -0.044988489375923896, 0.012989098081901188, 0, 1693075643.2264981]
[-0.5821409856641276, 0.6441134509704143, -0.2585934990832019, -0.031438029413686994, 0.0135504599622369, 0, 1693075643.2805092]
[-0.5267234582163239, 0.6153279124080258, -0.27700234437429605, -0.01840884529109417, 0.013029184122592824, 0, 1693075643.3435268]
[-0.4874001932818938, 0.5951566637013851, -0.28316772280226105, -0.00616537842796502, 0.01224346686312915, 0, 1693075643.3923597]
[-0.4670481021240426, 0.5477616257993805, -0.2781821403345235, 0.004985582467737577, 0.011150960895702597, 0, 1693075643.4632952]
[-0.474182841675111, 0.5032763754323719, -0.2649677582101799, 0.013214382124343536, 0.008228799656605959, 0, 1693075643.513305]
[-0.4934828053375814, 0.4225913724008472, -0.24679075879824974, 0.018176999411930173, 0.0049626172875866376, 0, 1693075643.5627732]
[-0.5543253652755512, 0.2666957043194076, -0.22852400377417106, 0.01826675502407868, 8.975561214850473e-05, 0, 1693075643.609287]
[-0.579724380349951, 0.17987876067496084, -0.21873276227794156, 0.009791241496229501, -0.008475513527849178, 0, 1693075643.6593046]
[-0.5791983166078771, 0.04760662237506927, -0.22105594095448436, -0.002323178676542803, -0.012114420172772304, 0, 1693075643.713326]
[-0.5211340309313377, 0.00307204188376667, -0.23991576252293617, -0.01885982156845182, -0.016536642891909016, 0, 1693075643.776537]
[-0.46515756053765756, 0.0016253666850663858, -0.27408756474546225, -0.034171802222526054, -0.015311980654074235, 0, 1693075643.826167]
[-0.410611325887441, 0.0013458953397800025, -0.32076420153187213, -0.0466766367864099, -0.012504834563883852, 0, 1693075643.8794885]
[-0.37462527779531, 0.0010993029762724066, -0.37757718421054576, -0.05681298267867366, -0.010136345892263757, 0, 1693075643.9444005]
[-0.28332033931106804, 0.14990957058861526, -0.44297337321442815, -0.06539618900388239, -0.008583206325208733, 0, 1693075644.00952]
[-0.13104132742517535, 0.34692040924204937, -0.5071184165173694, -0.06414504330294134, 0.0012511457009410465, 0, 1693075644.0598505]
[-0.015093595604948362, 0.418169150255782, -0.5573845717066378, -0.05026615518926833, 0.013878888113673006, 0, 1693075644.1138673]
[0.0001458125038538899, 0.4494041764682272, -0.5897164186998293, -0.03233184699319143, 0.017934308196076897, 0, 1693075644.1788845]
[-0.05851029241903057, 0.44371611384689, -0.6039244771895981, -0.014208058489768843, 0.018123788503422587, 0, 1693075644.242511]
[-0.00432572903434721, 0.43664713425908613, -0.6026735433936351, 0.0012509337959629684, 0.015458992285731811, 0, 1693075644.292402]
[8.005454023019276e-05, 0.426240938668767, -0.5874189953462712, 0.01525454804736387, 0.014003614251400901, 0, 1693075644.3464155]
[8.005454023019276e-05, 0.4199939333838062, -0.5601411162590191, 0.027277879087252085, 0.012023331039888218, 0, 1693075644.3974304]
[4.717555841573795e-05, 0.4170348256087138, -0.5224112169811277, 0.03772989927789139, 0.010452020190639302, 0, 1693075644.459247]
[-2.1429143059442655e-06, 0.41885960873735506, -0.4754353033632876, 0.04697591361784007, 0.009246014339948682, 0, 1693075644.5094614]
[-2.1429143042067667e-06, 0.4181855897441367, -0.4200122554065662, 0.05542304795672137, 0.008447134338881297, 0, 1693075644.564476]
[-8.434036884207851e-05, 0.41690330970736394, -0.35696639547899245, 0.06304585992757379, 0.007622811970852417, 0, 1693075644.6284907]
[-3.502189611953033e-05, 0.41562102966976006, -0.28702939569074365, 0.0699369997882488, 0.006891139860675011, 0, 1693075644.6764898]
[-5.1461387025888985e-05, 0.4158183035217535, -0.21080741738497782, 0.07622197830576583, 0.006284978517517025, 0, 1693075644.7264884]
[-0.00013365884156376072, 0.40746704376464865, -0.12873266240162715, 0.08207475498335068, 0.005852776677584846, 0, 1693075644.797286]
[-5.1461387025888985e-05, 0.3792733220211931, -0.04149058460685122, 0.08724207779477593, 0.005167322811425251, 0, 1693075644.8623025]
[-6.790087793398376e-05, 0.21402358059629217, 0.049692896492096655, 0.09118348109894787, 0.00394140330417195, 0, 1693075644.909096]
[-0.05763899854853653, 0.03969922736484946, 0.13957144753463718, 0.08987855104254051, -0.0013049300564073633, 0, 1693075644.9590578]
[-0.17486901194809254, 0.002348704284514699, 0.2220837543978585, 0.08251230686322131, -0.007366244179319201, 0, 1693075645.028075]
[-0.2120551421755526, 0.0016418061759640474, 0.2933009682591909, 0.07121721386133238, -0.011295093001888922, 0, 1693075645.08105]
[-0.23229215655864036, 0.0015760482123725245, 0.3534964870481072, 0.060195518788916325, -0.01102169507241606, 0, 1693075645.1260667]
[-0.24490124678626662, 0.0015596087214722527, 0.4034122610269775, 0.0499157739788703, -0.010279744810046024, 0, 1693075645.1760855]
[-0.24629860359258923, 0.001543169230574587, 0.4438943476708454, 0.040482086643867855, -0.009433687335002446, 0, 1693075645.2300918]
[-0.24884672482835768, 0.0016746851577602389, 0.4761454148367013, 0.03225106716585591, -0.008231019478011952, 0, 1693075645.2941113]
[-0.2641025732780276, 0.0016089271941678515, 0.5011075414406981, 0.024962126603996795, -0.007288940561859113, 0, 1693075645.343125]
[-0.28422451136309207, 0.0015431692305728495, 0.5188670370741715, 0.0177594956334734, -0.007202630970523394, 0, 1693075645.3931403]
[-0.29446631483453967, 0.001724003630454969, 0.5291545541069771, 0.01028751703280563, -0.00747197860066777, 0, 1693075645.463494]
[-0.29716239151267054, 0.00165824566686084, 0.53221044916647, 0.003055895059492833, -0.007231621973312796, 0, 1693075645.5271199]
[-0.2912112954314537, 0.001641806175965789, 0.5286232116700351, -0.003587237496434908, -0.006643132555927741, 0, 1693075645.5931432]
[-0.2892385563998355, 0.001691124648658776, 0.5193683691249441, -0.009254842545090975, -0.005667605048656067, 0, 1693075645.6431246]
[-0.28498072799138807, 0.0017075641395590535, 0.5050718507980507, -0.014296518326893395, -0.0050416757818024195, 0, 1693075645.6961367]
[-0.27482112199027064, 0.001724003630455842, 0.4863898148802134, -0.018682035917837327, -0.00438551759094393, 0, 1693075645.761152]
