Hokin_Third_Time_Right_Hand
Dev2/ai0 Dev2/ai1
[-0.11419084866664989, 0.04038968597425812, 0.6445831719339374, -0.0005026881064670863, -0.0005026881064670863, 0, 1693075708.2998452]
[-0.15272501674952094, 0.04214871147694342, 0.6495931712876872, 0.00500999935374981, 0.005512687460216896, 0, 1693075708.3460898]
[-0.19880491183631957, 0.03812103625899085, 0.6573017025594472, 0.0077085312717599715, 0.0026985319180101615, 0, 1693075708.3962047]
[-0.23003994618125065, 0.02684354561870487, 0.6646772753749448, 0.007375572815497574, -0.0003329584562623973, 0, 1693075708.4459574]
[-0.23950909346570307, 0.016437347948801525, 0.6698178363532399, 0.005140560978295017, -0.0022350118372025576, 0, 1693075708.4955034]
[-0.2582336746787559, 0.01530302308211472, 0.6723257225345123, 0.0025078861812724397, -0.002632674797022577, 0, 1693075708.5505157]
[-0.28772612314282453, 0.0144152905774408, 0.671323115720188, -0.0010026068143243307, -0.0035104929955967704, 0, 1693075708.601527]
[-0.3113167940848702, 0.015401660027060938, 0.6653455506654068, -0.0059775650547812245, -0.004974958240456894, 0, 1693075708.645572]
[-0.33837619789039963, 0.017127806563115508, 0.6534387374168359, -0.011906813248570937, -0.0059292481937897115, 0, 1693075708.6955183]
[-0.3710743475156631, 0.018163494484269443, 0.6345417413253062, -0.01889699609152972, -0.006990182842958783, 0, 1693075708.7465367]
[-0.38628087765216235, 0.019445774767112046, 0.6073805799172858, -0.027161161408020416, -0.008264165316490695, 0, 1693075708.8005488]
[-0.39913656043384604, 0.019643048656734656, 0.5718905252160974, -0.035490054701188344, -0.008328893293167928, 0, 1693075708.8505647]
[-0.4095756378879181, 0.019758125092338093, 0.5281675296597831, -0.04372299555631428, -0.008232940855125935, 0, 1693075708.89549]
[-0.4187488744556558, 0.017423717397766, 0.4764575673652552, -0.05170996229452788, -0.0079869667382136, 0, 1693075708.9455097]
[-0.4230395818829294, 0.014859156829770131, 0.4170334393269594, -0.05942412803829576, -0.007714165743767879, 0, 1693075709.0015273]
[-0.42469997058089337, 0.01323164723747108, 0.3503875523157669, -0.06664588701119249, -0.007221758972896728, 0, 1693075709.0505445]
[-0.4261630853741688, 0.009121774525630474, 0.27708154945516306, -0.07330600286060387, -0.006660115849411376, 0, 1693075709.0954888]
[-0.4234834481685211, 0.005603723479929844, 0.19753400172543373, -0.07954754772972933, -0.0062415448691254555, 0, 1693075709.1462314]
[-0.40812896258709486, 0.06869848877720383, 0.11225299592564558, -0.08528100579978815, -0.005733458070058819, 0, 1693075709.1972566]
[-0.33446359879543863, 0.22952601917019325, 0.0240570201929258, -0.08819597573271978, -0.00291496993293164, 0, 1693075709.2512684]
[-0.25308811372668993, 0.3628009549214156, -0.05894738502744781, -0.08300440522037361, 0.0051915705123461746, 0, 1693075709.300286]
[-0.1990021857382988, 0.4533660929009747, -0.12963371981982608, -0.07068633479237828, 0.012318070427995332, 0, 1693075709.345494]
[-0.09987205165719788, 0.5210967789238997, -0.18377424276304843, -0.05414052294322236, 0.016545811849155923, 0, 1693075709.3959386]
[-0.028984965516537342, 0.5789802097465041, -0.2172346489338851, -0.03346040617083666, 0.020680116772385695, 0, 1693075709.4500027]
[-6.790087793398376e-05, 0.6018968527908266, -0.22764332597830675, -0.010408677044421645, 0.023051729126415017, 0, 1693075709.500014]
[-8.434036884034379e-05, 0.60881787618521, -0.21554956521300783, 0.012093760765298906, 0.02250243780972055, 0, 1693075709.546027]
[-0.00011721935065566597, 0.6124510024655876, -0.18296890514918118, 0.03258066006382666, 0.02048689929852775, 0, 1693075709.5954893]
[-1.8582405213170282e-05, 0.6062697559374768, -0.13196900352160582, 0.05099990162757537, 0.018419241563748714, 0, 1693075709.647475]
[-8.434036884207851e-05, 0.602505113755665, -0.06489523475522418, 0.06707376876638163, 0.01607386713880626, 0, 1693075709.7004874]
[-5.146138702762509e-05, 0.5977705419135491, 0.016185925763394615, 0.0810811605186188, 0.014007391752237168, 0, 1693075709.7504992]
[-0.004473684444937322, 0.5904714102896919, 0.10935072604967588, 0.09316480028628127, 0.012083639767662469, 0, 1693075709.7955804]
[-0.13572658250492928, 0.5565238719204946, 0.21259962053266823, 0.10324889448299236, 0.010084094196711094, 0, 1693075709.8475955]
[-0.2671438792768589, 0.4996103698859664, 0.31802130939084394, 0.10542168885817571, 0.0021727943751833506, 0, 1693075709.9016128]
[-0.3051355451078298, 0.46038575395509856, 0.4171157177334652, 0.09909440834262123, -0.006327280515554475, 0, 1693075709.9514916]
[-0.31544310656887, 0.4551415575302188, 0.5066769866184734, 0.08956126888500819, -0.009533139457613036, 0, 1693075709.9956388]
[-0.3361404269782709, 0.45144267289380213, 0.5858409536078966, 0.0791639669894232, -0.010397301895584998, 0, 1693075710.0456574]
[-0.31968449549809963, 0.47057823598161297, 0.6532863307420975, 0.06744537713420101, -0.01171858985522218, 0, 1693075710.0994961]
[-0.31171134189197425, 0.48764242347903963, 0.7102574730651691, 0.05697114232307156, -0.010474234811129452, 0, 1693075710.150512]
[-0.30367243032390584, 0.4939716259204524, 0.7574410541472719, 0.04718358108210286, -0.009787561240968695, 0, 1693075710.19549]
[-0.3027025002987326, 0.49911718528788906, 0.7955220449634368, 0.038080990816164915, -0.009102590265937944, 0, 1693075710.245518]
[-0.3120401317312822, 0.4984431663301683, 0.8247905829222135, 0.029268537958776673, -0.008812452857388244, 0, 1693075710.2974708]
[-0.31909267378691075, 0.49735816020272383, 0.8449467615446966, 0.020156178622483072, -0.009112359336293601, 0, 1693075710.3494816]
[-0.32764120961765275, 0.49818013454183696, 0.8560269361337115, 0.011080174589014944, -0.009076004033468128, 0, 1693075710.4144971]
[-0.3284631842170855, 0.49559913511535425, 0.8581286780209394, 0.0021017418872278752, -0.00897843270178707, 0, 1693075710.4628124]
[-0.33226070686712533, 0.4951223899979323, 0.8520527923963435, -0.00607588562459597, -0.008177627511823845, 0, 1693075710.5138354]
[-0.33365806368668854, 0.49285374081606326, 0.8384809912983001, -0.013571801098043332, -0.007495915473447363, 0, 1693075710.5678487]
[-0.3339868535266026, 0.4918016136580575, 0.8183449837474241, -0.020136007550875995, -0.006564206452832663, 0, 1693075710.62988]
[-0.3343320828585248, 0.48709992041149996, 0.7926831948512951, -0.02566178889612906, -0.005525781345253065, 0, 1693075710.6794891]
[-0.3291700823726359, 0.48435452609623375, 0.7625240794732259, -0.030159115378069264, -0.004497326481940204, 0, 1693075710.733631]
[-0.32857826066100204, 0.47897881385930496, 0.7292224928311635, -0.03330158664206238, -0.003142471263993114, 0, 1693075710.7836425]
[-0.32736173825386683, 0.4733729487842157, 0.6937203918397016, -0.03550210099146187, -0.002200514349399498, 0, 1693075710.83266]
[-0.33193191702724734, 0.46617245343708974, 0.6569100357633336, -0.036810356076368, -0.0013082550849061274, 0, 1693075710.879675]
[-0.33378957962264866, 0.45999120626223744, 0.6192179428073454, -0.03769209295598823, -0.00088173687962023, 0, 1693075710.9302487]
[-0.3285782606610176, 0.4571964934356895, 0.5811868817071157, -0.03803106110022973, -0.0003389681442415031, 0, 1693075710.9832666]
[-0.3108729278018302, 0.45925142933812924, 0.5437222994031896, -0.037464582303926165, 0.0005664787963035655, 0, 1693075711.0332778]
[-0.29652125132694973, 0.4592843083125439, 0.5083472176981586, -0.035375081705031036, 0.002089500598895127, 0, 1693075711.0956256]
[-0.30788094026472806, 0.4503905457069021, 0.47613276979624064, -0.03221444790191795, 0.003160633803113088, 0, 1693075711.1674895]
[-0.3250766488678537, 0.42573131454902613, 0.44645122354235217, -0.029681546253888448, 0.002532901648029504, 0, 1693075711.217506]
[-0.33043592325592086, 0.3886602696659861, 0.4181499818008043, -0.028301241741547866, 0.0013803045123405812, 0, 1693075711.2625694]
[-0.3239752029049053, 0.38331743607609514, 0.3905425213257111, -0.027607460475093243, 0.0006937812664546232, 0, 1693075711.3124914]
[-0.30626987005283623, 0.39061656873036066, 0.3640848237226031, -0.026457697603108038, 0.001149762871985206, 0, 1693075711.3675086]
[-0.2939402510925514, 0.3936743134813041, 0.33993294262448026, -0.024151881098122847, 0.0023058165049851913, 0, 1693075711.4174714]
[-0.2926744102135098, 0.3972745613258556, 0.3187373593484203, -0.021195583276059998, 0.0029562978220628467, 0, 1693075711.4797711]
[-0.29634041691560037, 0.3972581218377148, 0.30052886381314364, -0.018208495535276644, 0.0029870877407833555, 0, 1693075711.5297852]
[-0.3088508702903936, 0.39607447871189977, 0.2850034903335022, -0.015525373479641436, 0.0026831220556352074, 0, 1693075711.5838053]
[-0.32535612023156085, 0.3934934791144468, 0.27143814772876046, -0.013565342604741756, 0.0019600308748996802, 0, 1693075711.6488204]
[-0.3320634329631982, 0.3912248297834462, 0.2589642094021125, -0.012473938326647973, 0.0010914042780937837, 0, 1693075711.695818]
[-0.33009069392410517, 0.392934536525979, 0.24724550682690424, -0.011718702575208255, 0.0007552357514397181, 0, 1693075711.7465012]
[-0.3250930883597757, 0.39711016644720304, 0.23645187147125535, -0.010793635355648899, 0.0009250672195593575, 0, 1693075711.8006127]
[-0.3152951511410341, 0.39978980296590383, 0.22691752442663904, -0.009534347044616297, 0.0012592883110326013, 0, 1693075711.8506258]
[-0.30442864695377014, 0.40062821684505845, 0.21909971773900747, -0.007817806687631577, 0.0017165403569847208, 0, 1693075711.9136431]
[-0.2999406656513071, 0.4020255733094159, 0.21338787204274012, -0.005711845696267344, 0.002105960991364233, 0, 1693075711.9624562]
[-0.2954526843508353, 0.40243656050458326, 0.20984996252109897, -0.0035379095216411553, 0.002173936174626189, 0, 1693075712.017469]
[-0.2932662319231707, 0.40485316521001896, 0.20850130836057346, -0.001348654160525512, 0.0021892553611156432, 0, 1693075712.0824885]
[-0.28672331413514973, 0.40860136841944145, 0.20928896926957077, 0.0007876609089973266, 0.0021363150695228386, 0, 1693075712.1297994]
[-0.27493619843359773, 0.4108042597753404, 0.2123650006596522, 0.003076031390081407, 0.0022883704810840806, 0, 1693075712.1795034]
[-0.26719319775154704, 0.4122509346939542, 0.21803075180581863, 0.005665751146166428, 0.0025897197560850204, 0, 1693075712.234522]
[-0.26079823541040614, 0.4119550239151909, 0.22634726529162505, 0.00831651348580643, 0.0026507623396400015, 0, 1693075712.2985408]
[-0.2665849365517797, 0.40912743202709245, 0.23725020338151165, 0.010902938089886613, 0.002586424604080184, 0, 1693075712.3464892]
[-0.27403202637905466, 0.4074341647893929, 0.2500742090616185, 0.012824005680106852, 0.0019210675902202384, 0, 1693075712.3964894]
[-0.2804763072062567, 0.4065135534749384, 0.26415521599358827, 0.014081006931969814, 0.001257001251862962, 0, 1693075712.4493253]
[-0.28466837764488845, 0.40577377652541785, 0.27894053882475045, 0.014785322831162176, 0.0007043158991923617, 0, 1693075712.5143409]
[-0.28062426263346407, 0.40414626723534985, 0.29402507967036595, 0.01508454084561551, 0.0002992180144533353, 0, 1693075712.5623353]
[-0.2796214536268488, 0.40235436306558175, 0.3093944012708705, 0.015369321600504544, 0.0002847807548890336, 0, 1693075712.6123497]
[-0.27712265085678756, 0.39858972035378537, 0.32489383480259926, 0.015499433531728763, 0.00013011193122422013, 0, 1693075712.6673698]
[-0.2769418164458256, 0.39444696941210083, 0.3404147878097335, 0.015520953007134217, 2.151947540545393e-05, 0, 1693075712.7173812]
[-0.2762513577858165, 0.3908467215613269, 0.35574745672158714, 0.015332668911853644, -0.00018828409528057365, 0, 1693075712.7795]
[-0.27702401390535275, 0.3896466389426539, 0.3707436380441218, 0.01499618132253466, -0.00033648758931898327, 0, 1693075712.829515]
[-0.2767116635591494, 0.3875095055099834, 0.385249965380828, 0.014506327336706225, -0.0004898539858284346, 0, 1693075712.8824918]
[-0.278470689193179, 0.38440244228365045, 0.39916820204080394, 0.013918236659975913, -0.0005880906767303123, 0, 1693075712.934504]
[-0.30367243032430113, 0.36464217760732354, 0.41229525990623644, 0.013127057865432527, -0.0007911787945433855, 0, 1693075712.996341]
[-0.3477138293503827, 0.3192691896380954, 0.4229821226403572, 0.010686862734120763, -0.002440195131311765, 0, 1693075713.046358]
[-0.41496779128251166, 0.2556648071265542, 0.4283695608026764, 0.005387438162319168, -0.005299424571801594, 0, 1693075713.099374]
[-0.483635549603481, 0.1592800799130846, 0.42444000989060493, -0.00392955091207145, -0.009316989074390618, 0, 1693075713.1643944]
[-0.4783255936718807, 0.11655384524117254, 0.4070443568544403, -0.017395653036164617, -0.013466102124093169, 0, 1693075713.2125597]
[-0.4811531863043082, 0.09639903016261024, 0.3771929011733615, -0.02985145568107879, -0.012455802644914174, 0, 1693075713.2629642]
[-0.46976061831295013, 0.08559828498548001, 0.3357886826458495, -0.041404218527512034, -0.011552762846433244, 0, 1693075713.316991]
[-0.449030418829352, 0.08393789645343146, 0.28450695345232685, -0.05128172919352262, -0.009877510666010584, 0, 1693075713.382006]
[-0.4355664748323792, 0.08508866078268304, 0.22542293482546102, -0.059084018626865825, -0.007802289433343205, 0, 1693075713.446028]
[-0.41922561972534816, 0.08518729772507452, 0.16006281091778218, -0.06536012390767883, -0.006276105280812999, 0, 1693075713.4960382]
[-0.41748303356719585, 0.08742306842044009, 0.08981872331628758, -0.0702440876014946, -0.004883963693815777, 0, 1693075713.564053]
[-0.421099721819998, 0.08990543146956373, 0.015359784538133872, -0.07445893877815371, -0.004214851176659109, 0, 1693075713.6300042]
[-0.424223225311178, 0.09046437414254485, -0.06289228031693968, -0.07825206485507355, -0.0037931260769198333, 0, 1693075713.6790261]
[-0.41759811001159947, 0.08959308115226752, -0.14457327384616975, -0.08168099352923006, -0.0034289286741565, 0, 1693075713.7340486]
[-0.4091646505865113, 0.09087536140200421, -0.2291036215519039, -0.08453034770573413, -0.00284935417650408, 0, 1693075713.7984896]
[-0.410594886395354, 0.09399886457184745, -0.3158523875207279, -0.08674876596882404, -0.0022184182630899138, 0, 1693075713.8464968]
[-0.4061726630325266, 0.0950838709352003, -0.4043877436021907, -0.0885353560814628, -0.001786590112638761, 0, 1693075713.8956468]
[-0.37306352605184623, 0.10747924662895356, -0.49423856102974556, -0.08985081742755487, -0.0013154613460920677, 0, 1693075713.9685001]
[-0.3332470763870432, 0.18804918706989743, -0.5839332535018902, -0.0896946924721446, 0.00015612495541027558, 0, 1693075714.0305161]
[-0.27814189935573086, 0.2927029758509373, -0.6682241699388956, -0.08429091643700533, 0.005403776035139266, 0, 1693075714.0795305]
[-0.21095369622904014, 0.37754717577517716, -0.7404675549355413, -0.07224338499664568, 0.012047531440359652, 0, 1693075714.1295383]
[-0.16135574983264642, 0.4355950070616787, -0.7956059605756981, -0.055138405640156804, 0.01710497935648887, 0, 1693075714.1843312]
[-0.13291542944648083, 0.46028711703183295, -0.8309005412261196, -0.03529458065042147, 0.019843824989735335, 0, 1693075714.2483575]
[-0.13081117453466407, 0.4663532877955282, -0.84628923801495, -0.015388696788830425, 0.019905883861591048, 0, 1693075714.3123815]
