Hokin_Third_Time_Right_Hand
Dev2/ai0 Dev2/ai1
[-0.31374983889587404, -0.003405117533919344, -0.9420110579070139, -0.00010604267651550118, -0.00010604267651550118, 0, 1693075286.4970486]
[-0.3171034952579506, -0.0034379965157701003, -0.9637377199218163, -0.02172666201480246, -0.021620619338286958, 0, 1693075286.543298]
[-0.3220353428510375, -0.003421557024843859, -1.005115137410361, -0.0413774174885448, -0.019650755473742346, 0, 1693075286.593539]
[-0.3242711137605822, -0.0034544360066937523, -1.0644953193064666, -0.05938018189610551, -0.018002764407560712, 0, 1693075286.6428962]
[-0.32548763616741644, -0.003470875497620857, -1.140390589996437, -0.07589527068997041, -0.016515088793864898, 0, 1693075286.6935272]
[-0.3292687193245668, -0.003388678042993966, -1.2314297614391205, -0.09103917144268357, -0.015143900752713161, 0, 1693075286.7455401]
[-0.33395397454261666, -0.0034708754976199878, -1.3363279888069706, -0.10489822736784996, -0.013859055925166381, 0, 1693075286.7965631]
[-0.34360395634772806, -0.0034544360066946153, -1.45374942333784, -0.11742143453086945, -0.012523207163019499, 0, 1693075286.8435364]
[-0.34311077158750913, -0.0034544360066954783, -1.582270906618867, -0.12852148328102686, -0.011100048750157403, 0, 1693075286.8935602]
