Hokin_Third_Time_Right_Hand
Dev2/ai0 Dev2/ai1
[-0.15177152623805382, 0.21694980977821557, 0.9447586990409398, 0.014838917564065943, 0.014838917564065943, 0, 1693075662.5808766]
[-0.16216128492106624, 0.22995344591434602, 0.9623599906824353, 0.01760129164149546, 0.0027623740774295165, 0, 1693075662.6275136]
[-0.20419706512298852, 0.21525654236138606, 0.9815599928622486, 0.01920000217981332, 0.001598710538317862, 0, 1693075662.6775167]
[-0.2640039363274208, 0.175094869152368, 0.9990943119307398, 0.017534319068491244, -0.0016656831113220792, 0, 1693075662.727519]
[-0.35506228228188663, 0.06363512570221566, 1.0108354890519644, 0.011741177121224555, -0.005793141947266689, 0, 1693075662.7775154]
[-0.42228336524825905, 0.03979786430958029, 1.0112528736469442, 0.00041738459497967124, -0.011323792526244884, 0, 1693075662.8315282]
[-0.4727854848505963, 0.03144660302828134, 0.9966048207545476, -0.01464805289239658, -0.015065437487376251, 0, 1693075662.8815396]
[-0.5192599288414113, 0.03540852029270366, 0.9648120705988245, -0.03179275015572317, -0.017144697263326594, 0, 1693075662.9275503]
[-0.5581064484296487, 0.043414552258492556, 0.9144668439224382, -0.05034522667638629, -0.01855247652066311, 0, 1693075662.9775612]
[-0.595950158877171, 0.05354127849074144, 0.8451779342653983, -0.06928890965703982, -0.018943682980653527, 0, 1693075663.0285733]
[-0.6181599124134035, 0.07057259070692726, 0.7570633647435134, -0.08811456952188489, -0.018825659864845065, 0, 1693075663.0825849]
[-0.6631219225088764, 0.06807378814912037, 0.6517237010895351, -0.10533966365397834, -0.01722509413209345, 0, 1693075663.132601]
[-0.6766680636961598, 0.07553731683409949, 0.5294934556199926, -0.12223024546954253, -0.016890581815564187, 0, 1693075663.176698]
[-0.6780161020164386, 0.12622026545832862, 0.3930093070744905, -0.13648414854550212, -0.014253903075959593, 0, 1693075663.22672]
[-0.6466495517514759, 0.26293106131787825, 0.24627084880997285, -0.14673845826451765, -0.010254309719015543, 0, 1693075663.281739]
[-0.5478810844180733, 0.33975279231949296, 0.09696261629062627, -0.14930823251934658, -0.002569774254828938, 0, 1693075663.3314922]
[-0.4698099367888153, 0.41803763434145547, -0.046034817126168304, -0.14299743341679458, 0.006310799102552012, 0, 1693075663.3774903]
[-0.39313614583580153, 0.5290206113978101, -0.1757452859049251, -0.1297104687787568, 0.013286964638037777, 0, 1693075663.4275038]
[-0.34812481665056716, 0.5614392782571918, -0.2847828320826803, -0.10903754617775518, 0.020672922601001623, 0, 1693075663.4786024]
[-0.3007790797410888, 0.6344634732359122, -0.3707678637613172, -0.08598503167863689, 0.023052514499118302, 0, 1693075663.53262]
[-0.2604694455731675, 0.6373239436474496, -0.4299842759836625, -0.05921641222234529, 0.026768619456291595, 0, 1693075663.5816352]
[-0.22114618112308643, 0.6585637582020201, -0.4631382467859006, -0.0331539708022381, 0.026062441420107187, 0, 1693075663.627609]
[-0.20140235152799377, 0.6667835005811493, -0.47051095036212065, -0.00737270357622008, 0.02578126722601802, 0, 1693075663.6774879]
[-0.19910082268693574, 0.6736552051663091, -0.4538210058451823, 0.016689944516938324, 0.024062648093158404, 0, 1693075663.7325006]
[-0.199594007438501, 0.6725208807284899, -0.4153699996527658, 0.038451006192416565, 0.021761061675478238, 0, 1693075663.7816164]
[-0.20372031986168304, 0.6688219966824237, -0.3580676366592908, 0.057302362993474965, 0.0188513568010584, 0, 1693075663.8275406]
[-0.18900697478104503, 0.6729647468130915, -0.2850296701186357, 0.07303796654065509, 0.015735603547180118, 0, 1693075663.8774884]
[-0.1616516606813878, 0.6744114214586633, -0.19851980209110975, 0.08650986802752597, 0.01347190148687088, 0, 1693075663.9314635]
[-0.13350725114084266, 0.6844066280540491, -0.1004720739035996, 0.09804772818751015, 0.011537860159984176, 0, 1693075663.980474]
[-0.10564231313040981, 0.6821379791954756, 0.007782187905178789, 0.1082542618087784, 0.010206533621268247, 0, 1693075664.0314863]
[-0.11139613512411166, 0.6620818079466309, 0.12465950914218063, 0.11687732123700184, 0.00862305942822345, 0, 1693075664.0775056]
[-0.2204557224726517, 0.618566491015052, 0.24708092138099255, 0.12242141223881192, 0.005544091001810087, 0, 1693075664.13049]
[-0.37033457037529904, 0.44580392870289093, 0.3672141622768425, 0.12013324089584994, -0.002288171342961982, 0, 1693075664.1814754]
[-0.45521166784329437, 0.3404432508348614, 0.47288160737085094, 0.10566744509400847, -0.014465795801841479, 0, 1693075664.2314916]
[-0.5132266352692152, 0.28180359471851957, 0.5578958159558509, 0.08501420858500003, -0.020653236509008438, 0, 1693075664.2769547]
[-0.5420121857789083, 0.20909173379321597, 0.6191093303246891, 0.061213514368838096, -0.023800694216161933, 0, 1693075664.3273654]
[-0.5360117712000182, 0.20591891231004755, 0.6556063723781617, 0.03649704205347261, -0.024716472315365487, 0, 1693075664.381377]
[-0.5460727403005926, 0.19842250505555062, 0.669670570172309, 0.014064197794147335, -0.022432844259325273, 0, 1693075664.446395]
[-0.5440671222779174, 0.19447702754280574, 0.662677475790139, -0.00699309438216995, -0.021057292176317285, 0, 1693075664.4943156]
[-0.5450699312892909, 0.19044935257435625, 0.6369293051325068, -0.025748170657632224, -0.018755076275462274, 0, 1693075664.5441008]
[-0.5330855416235926, 0.19562779181814033, 0.5945729469396268, -0.042356358192879986, -0.016608187535247763, 0, 1693075664.597113]
[-0.5375242044640018, 0.19944175341197543, 0.5385914056798025, -0.05598154125982431, -0.013625183066944328, 0, 1693075664.648124]
[-0.5268385346605686, 0.20697103964183464, 0.4708601008980128, -0.0677313047817897, -0.011749763521965382, 0, 1693075664.697141]
[-0.5037081693847846, 0.21551957419350218, 0.39407690181655475, -0.07678319908145803, -0.009051894299668342, 0, 1693075664.7441456]
[-0.500190118089342, 0.2213555929536093, 0.31135263961857634, -0.0827242621979784, -0.00594106311652038, 0, 1693075664.794962]
[-0.4481426862581281, 0.26385167271516885, 0.22443720120729915, -0.08691543841127718, -0.004191176213298771, 0, 1693075664.8479767]
[-0.40798100715858954, 0.32076518309609525, 0.1379170494236753, -0.08652015178362385, 0.00039528662765332917, 0, 1693075664.8983343]
[-0.3702852518981205, 0.37998022000864073, 0.05575364806486119, -0.08216340135881411, 0.004356750424809738, 0, 1693075664.9443367]
[-0.3441300200919726, 0.41087001772570175, -0.018451835645408782, -0.07420548371026997, 0.007957917648544137, 0, 1693075664.99349]
[-0.33507185999840206, 0.43166596955397774, -0.08277672365298681, -0.06432488800757803, 0.00988059570269194, 0, 1693075665.0485022]
[-0.33715967548223197, 0.43551280962496175, -0.1364666397682922, -0.053689916115305394, 0.010634971892272634, 0, 1693075665.098517]
[-0.32630961076673815, 0.4355621280871634, -0.17988518076850207, -0.04341854100020986, 0.010271375115095538, 0, 1693075665.1465313]
[-0.31795834884059965, 0.43431272703974794, -0.2132618323765231, -0.03337665160802103, 0.010041889392188827, 0, 1693075665.1941047]
[-0.32196958488310884, 0.433392115740859, -0.2370635868710673, -0.0238017544945442, 0.009574897113476833, 0, 1693075665.24512]
[-0.3326881336589889, 0.43169884852907636, -0.2521209653841873, -0.015057378513120005, 0.008744375981424194, 0, 1693075665.3131373]
[-0.3365185352942446, 0.4313043008287356, -0.25946610363032274, -0.007345138246135416, 0.0077122402669845885, 0, 1693075665.363021]
[-0.33694596208623045, 0.4273752633099119, -0.2598909154165429, -0.00042481178622018854, 0.0069203264599152275, 0, 1693075665.4100223]
[-0.3407928032147142, 0.4237092575826077, -0.25426707162398265, 0.005623843792560251, 0.006048655578780439, 0, 1693075665.4620419]
[-0.3436203958397312, 0.4225584934509016, -0.243518310923816, 0.010748760700166653, 0.005124916907606403, 0, 1693075665.5150585]
[-0.3481905746185315, 0.4196651436312897, -0.228401293403645, 0.015117017520171003, 0.004368256820004351, 0, 1693075665.5650713]
[-0.3436203958397382, 0.4141250362911023, -0.2097674526617615, 0.018633840741883522, 0.0035168232217125182, 0, 1693075665.6275012]
[-0.3424367524152341, 0.41013024077868243, -0.18830588119914285, 0.02146157146261865, 0.002827730720735127, 0, 1693075665.681516]
[-0.3443930519641053, 0.40930826639214485, -0.16467508411943066, 0.02363079707971219, 0.002169225617093539, 0, 1693075665.731532]
[-0.34452456790017216, 0.41093577567690875, -0.13943670794699797, 0.0252383761724327, 0.0016075790927205095, 0, 1693075665.7805262]
[-0.34146682238690085, 0.41106729157879673, -0.11296567590688696, 0.026471032040111017, 0.0012326558676783186, 0, 1693075665.8275156]
[-0.3360253505342772, 0.408782202784603, -0.08557886519298996, 0.027386810713896998, 0.0009157786737859818, 0, 1693075665.8785322]
[-0.32647400568658463, 0.41478261579828135, -0.057581085631141664, 0.027997779561848297, 0.0006109688479512976, 0, 1693075665.9324932]
[-0.31708705576597646, 0.4207008313512118, -0.0288043256200721, 0.028776760011069564, 0.000778980449221266, 0, 1693075665.9807436]
[-0.31912555277085847, 0.4203391626238993, 0.0008955499984138818, 0.029699875618485982, 0.000923115607416417, 0, 1693075666.0271482]
[-0.32210110081895577, 0.41861301642279214, 0.03104738080528311, 0.03015183080686923, 0.0004519551883832452, 0, 1693075666.077163]
[-0.3318497195672833, 0.412596163935703, 0.061140986077250825, 0.030093605271967718, -5.822553490151222e-05, 0, 1693075666.1471846]
[-0.3375871022742433, 0.41264548239878635, 0.09033295180372336, 0.029191965726472528, -0.0009016395454951886, 0, 1693075666.1982005]
[-0.33827756093829414, 0.41453602348313856, 0.11819750058554161, 0.027864548781818252, -0.0013274169446542766, 0, 1693075666.244394]
[-0.3266548400984255, 0.4167717938061667, 0.1445995234028927, 0.02640202281735108, -0.0014625259644671725, 0, 1693075666.2954965]
[-0.32762477012566477, 0.4130400301035273, 0.16992523256340802, 0.025325709160515335, -0.0010763136568357448, 0, 1693075666.3635104]
[-0.329646827640348, 0.4108371387507687, 0.19387634377873242, 0.02395111121532439, -0.0013745979451909433, 0, 1693075666.413522]
[-0.3331977579108114, 0.40985076948736215, 0.21619801550911066, 0.02232167173037825, -0.0016294394849461437, 0, 1693075666.4604967]
[-0.3341183694625724, 0.4087657632968703, 0.23664154442958568, 0.020443528920475025, -0.0018781428099032234, 0, 1693075666.51451]
[-0.330797592079743, 0.40916031100253425, 0.25510884800395106, 0.018467303574365396, -0.0019762253461096295, 0, 1693075666.5645065]
[-0.32772340707759035, 0.41262904291108404, 0.2717540274212864, 0.016645179417335367, -0.00182212415703003, 0, 1693075666.6130774]
[-0.3303701652879574, 0.4106563043858342, 0.28679712321656275, 0.015043095795276365, -0.001602083622059003, 0, 1693075666.6603274]
[-0.33314843943482436, 0.4098014510241441, 0.300070051368108, 0.013272928151545224, -0.0017701676437311409, 0, 1693075666.7117856]
[-0.3335265477507305, 0.4072040119606445, 0.3114572122397357, 0.011387160871627718, -0.0018857672799175056, 0, 1693075666.7657993]
[-0.3430614531114949, 0.4046723308444352, 0.32094747369902, 0.009490261459284293, -0.001896899412343426, 0, 1693075666.8148098]
[-0.37354027132091094, 0.405888852939828, 0.32812449796017795, 0.007177024261157967, -0.002313237198126325, 0, 1693075666.8774912]
[-0.4031313570025742, 0.4018611784313763, 0.3317223636956185, 0.003597865735440558, -0.0035791585257174095, 0, 1693075666.9320927]
[-0.41554317350442044, 0.39689645310505656, 0.3305684243929677, -0.0011539393026508415, -0.004751805038091399, 0, 1693075666.997113]
[-0.43102917502382576, 0.3895973204787741, 0.32446464665794233, -0.006103777735025324, -0.004949838432374482, 0, 1693075667.0441298]
[-0.42292450543851745, 0.3874601870461266, 0.3131117156976413, -0.011352930960301055, -0.0052491532252757316, 0, 1693075667.0941124]
[-0.43116069096030285, 0.3845503976755524, 0.2975306430558984, -0.015581072641742893, -0.004228141681441837, 0, 1693075667.149139]
[-0.4504606546384937, 0.3706261512950718, 0.2779183690465462, -0.019612274009352195, -0.004031201367609302, 0, 1693075667.2131054]
[-0.44424652664004594, 0.3669930244165217, 0.2537656450732767, -0.024152723973269515, -0.004540449963917319, 0, 1693075667.260403]
[-0.43722686353044554, 0.36840682039726524, 0.22605628782000953, -0.027709357253267175, -0.0035566332799976614, 0, 1693075667.3111086]
[-0.4445917559732999, 0.364806572490294, 0.19585948887897003, -0.03019679894103948, -0.0024874416877723048, 0, 1693075667.3635025]
[-0.44886602390876335, 0.34757798879345103, 0.16342137003895002, -0.03243811884002, -0.0022413198989805175, 0, 1693075667.4285176]
[-0.4466138134966321, 0.33468942988554345, 0.12875298890985917, -0.03466838112909085, -0.0022302622890708504, 0, 1693075667.4769456]
[-0.43995581921241345, 0.3347880668162707, 0.09223334486110957, -0.03651964404874961, -0.001851262919658765, 0, 1693075667.5275254]
[-0.4204421421376874, 0.3531016568673526, 0.05473597487012995, -0.03749736999097962, -0.000977725942230007, 0, 1693075667.5825443]
[-0.29757337881188023, 0.42878905923732213, 0.018077454009043294, -0.03665852086108665, 0.0008388491298929649, 0, 1693075667.677507]
[-0.24603557172322316, 0.44389694820807046, -0.010639829779357173, -0.028717283788400466, 0.007941237072686187, 0, 1693075667.727796]
[-0.2362869530687827, 0.4589555185682578, -0.029692405092589573, -0.0190525753132324, 0.009664708475168066, 0, 1693075667.7784238]
[-0.23885151379270625, 0.47470454723504424, -0.03904566437023062, -0.009353259277641046, 0.009699316035591354, 0, 1693075667.8314364]
[-0.2333442840341652, 0.4770225149057798, -0.03911595469882054, -7.029032858991632e-05, 0.00928296894905113, 0, 1693075667.8944957]
[-0.24562458442722712, 0.46635328779550117, -0.030570751147111285, 0.008545203551709252, 0.008615493880299169, 0, 1693075667.943965]
[-0.266404102141102, 0.4596295375438177, -0.0151236744752975, 0.015447076671813786, 0.006901873120104533, 0, 1693075667.9979808]
[-0.2892385563998513, 0.45703209856330823, 0.005472903455430285, 0.020596577930727784, 0.0051495012589139995, 0, 1693075668.0630026]
[-0.2898796965850651, 0.45445109906545483, 0.02964105811468221, 0.024168154659251925, 0.003571576728524141, 0, 1693075668.1107404]
[-0.2891563589401949, 0.4529879846987163, 0.0566663553825658, 0.027025297267883587, 0.0028571426086316624, 0, 1693075668.1610093]
[-0.2890906009724898, 0.45377708008781587, 0.08596476181961955, 0.029298406437053753, 0.0022731091691701646, 0, 1693075668.232974]
[-0.2864109637885905, 0.4521988893092811, 0.11703538561612092, 0.031070623796501363, 0.0017722173594476112, 0, 1693075668.2949889]
[-0.28402723746002356, 0.44961788980344036, 0.14943789921264997, 0.03240251359652904, 0.001331889800027678, 0, 1693075668.3445024]
[-0.28220245385720844, 0.4461327184892788, 0.18273134643859434, 0.03329344722594439, 0.0008909336294153462, 0, 1693075668.3937757]
[-0.2898632570931928, 0.4469711323438693, 0.2164729125194667, 0.033741566080872365, 0.0004481188549279699, 0, 1693075668.447494]
[-0.3144074185747544, 0.4376006245311023, 0.24997341039763127, 0.03350049787816457, -0.00024106820270779168, 0, 1693075668.498506]
[-0.3851629921932883, 0.3923262754720481, 0.28160073724999024, 0.03162732685235897, -0.0018731710258056023, 0, 1693075668.5608277]
[-0.43494177413410107, 0.3565539494026451, 0.306959931411855, 0.02535919416186478, -0.006268132690494194, 0, 1693075668.610844]
