Hokin_Third_Time_Right_Hand
Dev2/ai0 Dev2/ai1
[-0.00010077985975017328, 0.4822667112542258, 0.8427134763372438, 0.02174864119319537, 0.02174864119319537, 0, 1693075292.5943873]
[-6.79008779348525e-05, 0.4854888506941431, 0.8866711020924449, 0.043957625755201075, 0.022208984562005707, 0, 1693075292.6437886]
[-0.00013365884156376072, 0.49379079156538425, 0.9508902526037306, 0.06421915051128568, 0.0202615247560846, 0, 1693075292.6936445]
[-0.00010077985974930592, 0.5013529554865418, 1.033739815050522, 0.08284956244679127, 0.018630411935505586, 0, 1693075292.7431808]
[-0.00010077985974930592, 0.49860756119800725, 1.1336944089378833, 0.09995459388736135, 0.017105031440570077, 0, 1693075292.793718]
[-8.434036884121115e-05, 0.5025365985314393, 1.2490889634849665, 0.11539455454708324, 0.015439960659721889, 0, 1693075292.844943]
[-0.00010077985974930592, 0.5068930625077956, 1.3783092940364003, 0.12922033055143384, 0.013825776004350608, 0, 1693075292.8949578]
[-0.00015009833247272287, 0.5535976433877219, 1.5195736493417606, 0.14126435530536022, 0.012044024753926387, 0, 1693075292.9433312]
[-0.00015009833247272148, 0.5416461369216602, 1.6711842289787155, 0.15161057963695493, 0.010346224331594699, 0, 1693075292.9931984]
