HokinLeft_Hand
Dev2/ai0 Dev2/ai1
[-8.48299171e-02  9.84226540e-04  1.69204185e+09]
[-8.52080254e-02  1.01710552e-03  1.69204185e+09]
[-8.22982354e-02  1.04998450e-03  1.69204185e+09]
[-7.92898085e-02  1.06642399e-03  1.69204185e+09]
[-7.51470567e-02  1.06642399e-03  1.69204185e+09]
[-7.68074453e-02  1.09930298e-03  1.69204185e+09]
[-8.60135604e-02  1.00066603e-03  1.69204185e+09]
[-1.00381676e-01  9.84226540e-04  1.69204185e+09]
[-1.05543676e-01  1.04998450e-03  1.69204185e+09]
[-1.07763008e-01  1.04998450e-03  1.69204185e+09]
[-1.14897747e-01  1.00066603e-03  1.69204185e+09]
[-1.19139136e-01  1.04998450e-03  1.69204185e+09]
[-1.25649174e-01  9.84226540e-04  1.69204185e+09]
[-1.28904194e-01  9.51347558e-04  1.69204185e+09]
[-1.32323608e-01  1.01710552e-03  1.69204185e+09]
[-1.35299156e-01  1.01710552e-03  1.69204185e+09]
[-1.31666028e-01  9.51347558e-04  1.69204185e+09]
[-1.28986391e-01  8.69150104e-04  1.69204185e+09]
[-1.27178047e-01  9.51347558e-04  1.69204185e+09]
[-1.25090231e-01  9.51347558e-04  1.69204185e+09]
[-1.23002416e-01  9.84226540e-04  1.69204185e+09]
[-1.11018027e-01  9.84226540e-04  1.69204185e+09]
[-7.71197957e-02  9.18468576e-04  1.69204185e+09]
[-2.94452713e-02  1.00066603e-03  1.69204185e+09]
[-4.70383732e-03  9.34908067e-04  1.69204185e+09]
[-4.21065259e-03  1.55824944e-02  1.69204185e+09]
[-4.04625768e-03  3.16931954e-02  1.69204185e+09]
[-4.09557615e-03  3.71017878e-02  1.69204185e+09]
[-3.93118124e-03  4.84121574e-02  1.69204185e+09]
[-4.04625768e-03  5.51359091e-02  1.69204185e+09]
[-3.98049972e-03  6.50818009e-02  1.69204185e+09]
[-4.12845513e-03  6.37173232e-02  1.69204185e+09]
[-3.99693921e-03  5.94759346e-02  1.69204185e+09]
[-3.98049972e-03  4.47954695e-02  1.69204185e+09]
[-4.04625768e-03  1.37577109e-02  1.69204185e+09]
[-3.96406023e-03  3.31863425e-03  1.69204185e+09]
[-3.96406023e-03  1.83908007e-03  1.69204185e+09]
[-3.99693921e-03  1.19793992e-03  1.69204185e+09]
[-3.99693921e-03  9.84226540e-04  1.69204185e+09]
[-3.98049972e-03  7.86952649e-04  1.69204185e+09]
[-3.96406023e-03  7.70513158e-04  1.69204185e+09]
[-4.01337870e-03  7.21194686e-04  1.69204185e+09]
[-1.91870289e-02  6.06118249e-04  1.69204185e+09]
[-3.99501061e-02  5.73239267e-04  1.69204185e+09]
[-5.88883999e-02  5.40360286e-04  1.69204185e+09]
[-6.17981898e-02  5.56799776e-04  1.69204185e+09]
[-6.23735720e-02  6.38997231e-04  1.69204185e+09]
[-6.01542407e-02  5.23920795e-04  1.69204185e+09]
[-5.33154124e-02  4.58162831e-04  1.69204185e+09]
[-2.82451884e-02  4.74602322e-04  1.69204185e+09]
[-8.92878649e-03  4.25283849e-04  1.69204185e+09]
[-4.11201564e-03  1.28864179e-02  1.69204185e+09]
[-4.04625768e-03  3.50797305e-02  1.69204185e+09]
[-3.99693921e-03  4.71463166e-02  1.69204185e+09]
[-3.96406023e-03  5.86046416e-02  1.69204185e+09]
[-3.94762073e-03  6.65777945e-02  1.69204185e+09]
[-3.96406023e-03  6.84847754e-02  1.69204185e+09]
[-3.89830226e-03  7.22494187e-02  1.69204185e+09]
[-3.91474175e-03  7.30878328e-02  1.69204185e+09]
[-3.94762073e-03  7.12630493e-02  1.69204185e+09]
[-3.99693921e-03  7.23480557e-02  1.69204185e+09]
[-3.89830226e-03  6.99478901e-02  1.69204185e+09]
[-3.88186277e-03  7.03917563e-02  1.69204185e+09]
[-3.94762073e-03  6.44406607e-02  1.69204185e+09]
[-3.94762073e-03  5.44947689e-02  1.69204185e+09]
[-3.93118124e-03  3.03780361e-02  1.69204185e+09]
[-3.91474175e-03  1.70756414e-03  1.69204185e+09]
[-3.89830226e-03  1.52672974e-03  1.69204185e+09]
[-3.86542328e-03  1.57604821e-03  1.69204185e+09]
[-3.88186277e-03  1.49385076e-03  1.69204185e+09]
[-3.88186277e-03  1.54316923e-03  1.69204185e+09]
[-1.34496465e-02  1.55960872e-03  1.69204185e+09]
[-2.41024367e-02  1.39521381e-03  1.69204185e+09]
[-3.78294117e-02  1.49385076e-03  1.69204185e+09]
[-5.15235078e-02  1.46097178e-03  1.69204185e+09]
[-5.82965782e-02  1.46097178e-03  1.69204185e+09]
[-5.76225591e-02  1.51029025e-03  1.69204185e+09]
[-5.34962468e-02  1.42809279e-03  1.69204185e+09]
[-4.47011190e-02  1.37877432e-03  1.69204185e+09]
[-3.23221822e-02  1.36233483e-03  1.69204185e+09]
[-2.36750099e-02  1.39521381e-03  1.69204185e+09]
[-1.61128440e-02  1.39521381e-03  1.69204185e+09]
[-7.46567180e-03  1.36233483e-03  1.69204185e+09]
[-4.27641055e-03  1.32945585e-03  1.69204185e+09]
[-4.06269717e-03  1.37877432e-03  1.69204185e+09]
