HokinLeft_Hand
Dev2/ai0 Dev2/ai1
[-2.74232139e-02  2.21718836e-03  1.69204188e+09]
[-2.81136725e-02  2.28294632e-03  1.69204188e+09]
[-2.58285832e-02  2.38158327e-03  1.69204188e+09]
[-1.73293664e-02  2.38158327e-03  1.69204189e+09]
[-1.49949587e-02  2.36514378e-03  1.69204189e+09]
[-1.94993792e-02  2.33226479e-03  1.69204189e+09]
[-2.23105322e-02  2.31582530e-03  1.69204189e+09]
[-1.16906210e-02  4.53050937e-02  1.69204189e+09]
[-3.93118124e-03  1.34670163e-01  1.69204189e+09]
[-3.81610481e-03  1.70195901e-01  1.69204189e+09]
[-3.68458888e-03  1.85270913e-01  1.69204189e+09]
[-3.63527041e-03  1.85961372e-01  1.69204189e+09]
[-3.61883092e-03  1.81966576e-01  1.69204189e+09]
[-3.55307295e-03  1.78793754e-01  1.69204189e+09]
[-3.65170990e-03  1.77560793e-01  1.69204189e+09]
[-3.65170990e-03  1.75094869e-01  1.69204189e+09]
[-3.55307295e-03  1.71576818e-01  1.69204189e+09]
[-3.66814939e-03  1.67713538e-01  1.69204189e+09]
[-3.70102837e-03  1.58244392e-01  1.69204189e+09]
[-3.65170990e-03  1.13545419e-01  1.69204189e+09]
[-3.73390735e-03  3.21370616e-02  1.69204189e+09]
[-3.76678633e-03  3.59810559e-03  1.69204189e+09]
[-3.63527041e-03  3.61454508e-03  1.69204189e+09]
[-3.71746786e-03  3.54878712e-03  1.69204189e+09]
[-3.61883092e-03  3.38439221e-03  1.69204189e+09]
[-3.73390735e-03  3.33507374e-03  1.69204189e+09]
[-3.66814939e-03  3.33507374e-03  1.69204189e+09]
[-3.75034684e-03  3.35151323e-03  1.69204189e+09]
[-3.71746786e-03  3.28575527e-03  1.69204189e+09]
[-3.71746786e-03  3.30219476e-03  1.69204189e+09]
[-3.70102837e-03  3.18711832e-03  1.69204189e+09]
[-3.63527041e-03  3.20355781e-03  1.69204189e+09]
[-3.71746786e-03  3.25287628e-03  1.69204189e+09]
[-3.71746786e-03  3.20355781e-03  1.69204189e+09]
[-3.66814939e-03  3.21999730e-03  1.69204189e+09]
[-8.86302853e-03  3.20355781e-03  1.69204189e+09]
[-3.65635709e-02  3.05560239e-03  1.69204189e+09]
[-5.72608902e-02  3.20355781e-03  1.69204189e+09]
[-7.17276425e-02  3.07204188e-03  1.69204189e+09]
[-7.08234705e-02  3.15423934e-03  1.69204189e+09]
[-7.04618017e-02  3.15423934e-03  1.69204189e+09]
[-7.30099228e-02  3.08848137e-03  1.69204189e+09]
[-7.15632476e-02  3.08848137e-03  1.69204189e+09]
[-6.48394957e-02  3.08848137e-03  1.69204189e+09]
[-5.17043422e-02  3.12136036e-03  1.69204189e+09]
[-2.37736469e-02  3.05560239e-03  1.69204189e+09]
[-9.88227697e-03  3.05560239e-03  1.69204189e+09]
[-5.32853797e-03  3.00628392e-03  1.69204189e+09]
[-4.49012394e-03  3.00628392e-03  1.69204189e+09]
[-4.25997106e-03  3.07204188e-03  1.69204189e+09]
[-6.24914947e-03  3.00628392e-03  1.69204189e+09]
[-7.21907943e-03  3.03916290e-03  1.69204189e+09]
[-8.28764634e-03  3.05560239e-03  1.69204189e+09]
[-9.27401580e-03  3.05560239e-03  1.69204189e+09]
[-1.01617483e-02  3.02272341e-03  1.69204189e+09]
[-1.06056146e-02  2.92408647e-03  1.69204189e+09]
[-1.59813281e-02  2.94052596e-03  1.69204189e+09]
[-2.47600163e-02  3.03916290e-03  1.69204189e+09]
[-3.44921950e-02  3.00628392e-03  1.69204189e+09]
[-4.40764183e-02  3.03916290e-03  1.69204189e+09]
[-5.41209474e-02  2.98984443e-03  1.69204189e+09]
[-6.06474254e-02  3.02272341e-03  1.69204189e+09]
[-6.05159095e-02  3.03916290e-03  1.69204189e+09]
[-5.77211960e-02  3.00628392e-03  1.69204189e+09]
[-5.56826991e-02  2.98984443e-03  1.69204189e+09]
[-4.95507689e-02  3.05560239e-03  1.69204189e+09]
[-3.12536153e-02  2.89120748e-03  1.69204189e+09]
[-1.82499779e-02  2.92408647e-03  1.69204189e+09]
[-7.94241703e-03  2.92408647e-03  1.69204189e+09]
[-4.53944241e-03  2.95696545e-03  1.69204189e+09]
[-4.42436597e-03  2.98984443e-03  1.69204189e+09]
[-4.24353157e-03  4.27569726e-02  1.69204189e+09]
[-4.22709208e-03  6.31583805e-02  1.69204189e+09]
[-4.32572903e-03  7.50112531e-02  1.69204189e+09]
[-4.29285004e-03  7.73292213e-02  1.69204189e+09]
[-4.35860801e-03  7.15096417e-02  1.69204189e+09]
[-4.25997106e-03  4.54530491e-02  1.69204189e+09]
[-4.32572903e-03  1.93635773e-02  1.69204189e+09]
[-4.35860801e-03  4.91326486e-03  1.69204189e+09]
[-4.39148699e-03  1.37877432e-03  1.69204189e+09]
[-4.37504750e-03  1.16506094e-03  1.69204189e+09]
[-4.35860801e-03  1.16506094e-03  1.69204189e+09]
[-4.27641055e-03  1.21437941e-03  1.69204189e+09]
[-4.30928953e-03  1.14862145e-03  1.69204189e+09]
[-4.32572903e-03  1.19793992e-03  1.69204189e+09]
[-4.27641055e-03  1.14862145e-03  1.69204189e+09]
