HokinLeft_Hand
Dev2/ai0 Dev2/ai1
[-4.22709208e-03  1.62893925e-02  1.69204189e+09]
[-4.37504750e-03  1.67990167e-02  1.69204189e+09]
[-4.50656343e-03  1.72922015e-02  1.69204189e+09]
[-4.35860801e-03  1.77525072e-02  1.69204189e+09]
[-4.29285004e-03  1.95772907e-02  1.69204189e+09]
[-4.22709208e-03  2.71558959e-02  1.69204189e+09]
[-4.14489463e-03  6.35693677e-02  1.69204189e+09]
[-4.14489463e-03  1.21535011e-01  1.69204189e+09]
[-4.07913666e-03  1.54627704e-01  1.69204189e+09]
[-4.02981819e-03  1.70606888e-01  1.69204189e+09]
[-4.12845513e-03  1.82048773e-01  1.69204189e+09]
[-4.14489463e-03  1.87786155e-01  1.69204189e+09]
[-4.14489463e-03  1.90087684e-01  1.69204189e+09]
[-4.04625768e-03  1.90811021e-01  1.69204189e+09]
[-4.12845513e-03  1.85320232e-01  1.69204189e+09]
[-4.11201564e-03  1.77018289e-01  1.69204189e+09]
[-4.16133412e-03  1.68239602e-01  1.69204189e+09]
[-4.32572903e-03  1.52934437e-01  1.69204189e+09]
[-4.29285004e-03  1.36955253e-01  1.69204189e+09]
[-4.29285004e-03  1.28373839e-01  1.69204189e+09]
[-4.21065259e-03  1.11391845e-01  1.69204189e+09]
[-4.29285004e-03  6.92903104e-02  1.69204189e+09]
[-4.34216852e-03  3.50139725e-02  1.69204189e+09]
[-4.42436597e-03  7.32987002e-03  1.69204189e+09]
[-4.27641055e-03  3.86113745e-03  1.69204189e+09]
[-4.34216852e-03  3.45015017e-03  1.69204189e+09]
[-2.25078060e-02  3.30219476e-03  1.69204189e+09]
[-5.24441193e-02  3.33507374e-03  1.69204189e+09]
[-8.75259937e-02  3.26931577e-03  1.69204189e+09]
[-9.69787012e-02  3.28575527e-03  1.69204189e+09]
[-1.02337975e-01  3.18711832e-03  1.69204189e+09]
[-1.03587377e-01  3.07204188e-03  1.69204189e+09]
[-1.01450243e-01  3.17067883e-03  1.69204189e+09]
[-9.90336376e-02  3.17067883e-03  1.69204189e+09]
[-9.47264909e-02  3.17067883e-03  1.69204189e+09]
[-9.02056307e-02  3.08848137e-03  1.69204189e+09]
[-7.66759294e-02  3.12136036e-03  1.69204189e+09]
[-7.59032733e-02  3.13779985e-03  1.69204189e+09]
[-7.98980697e-02  3.12136036e-03  1.69204189e+09]
[-8.36462737e-02  3.21999730e-03  1.69204189e+09]
[-8.39586240e-02  3.10492087e-03  1.69204189e+09]
[-8.44518088e-02  3.05560239e-03  1.69204189e+09]
[-8.58820445e-02  3.13779985e-03  1.69204189e+09]
[-8.45175667e-02  3.12136036e-03  1.69204189e+09]
[-7.91254136e-02  3.02272341e-03  1.69204189e+09]
[-5.23619219e-02  2.98984443e-03  1.69204189e+09]
[-2.53025195e-02  3.00628392e-03  1.69204189e+09]
[-1.16906210e-02  2.94052596e-03  1.69204189e+09]
[-5.06550612e-03  3.07204188e-03  1.69204189e+09]
[-4.83535324e-03  3.08848137e-03  1.69204189e+09]
[-4.72027681e-03  3.02272341e-03  1.69204189e+09]
[-4.67095834e-03  2.95696545e-03  1.69204189e+09]
[-4.68739783e-03  2.97340494e-03  1.69204189e+09]
[-4.58876088e-03  3.07204188e-03  1.69204189e+09]
[-5.19702205e-03  2.98984443e-03  1.69204189e+09]
[-4.80247426e-03  2.98984443e-03  1.69204189e+09]
[-4.47368444e-03  2.98984443e-03  1.69204189e+09]
[-4.39148699e-03  2.97204565e-02  1.69204189e+09]
[-4.49012394e-03  5.06643676e-02  1.69204189e+09]
[-4.52300292e-03  5.86210811e-02  1.69204189e+09]
[-4.47368444e-03  5.67141002e-02  1.69204189e+09]
[-4.49012394e-03  5.01711829e-02  1.69204189e+09]
[-4.53944241e-03  3.72497433e-02  1.69204189e+09]
[-4.52300292e-03  2.55119469e-02  1.69204189e+09]
[-4.55588190e-03  1.92813799e-02  1.69204189e+09]
[-4.55588190e-03  1.94293353e-02  1.69204189e+09]
[-4.57232139e-03  1.83607684e-02  1.69204189e+09]
[-4.60520037e-03  1.42837747e-02  1.69204189e+09]
[-4.52300292e-03  6.82024580e-03  1.69204189e+09]
[-4.53944241e-03  3.33507374e-03  1.69204189e+09]
[-4.52300292e-03  3.21999730e-03  1.69204189e+09]
[-4.53944241e-03  3.21999730e-03  1.69204189e+09]
[-4.53944241e-03  3.17067883e-03  1.69204189e+09]
[-4.53944241e-03  3.15423934e-03  1.69204189e+09]
[-4.52300292e-03  3.15423934e-03  1.69204189e+09]
[-4.55588190e-03  3.07204188e-03  1.69204189e+09]
[-4.58876088e-03  3.10492087e-03  1.69204189e+09]
[-4.57232139e-03  3.12136036e-03  1.69204189e+09]
[-4.63807935e-03  3.17067883e-03  1.69204189e+09]
[-4.76959528e-03  3.10492087e-03  1.69204189e+09]
[-4.81891375e-03  3.07204188e-03  1.69204189e+09]
[-4.95042968e-03  3.08848137e-03  1.69204189e+09]
[-4.86823223e-03  3.13779985e-03  1.69204189e+09]
[-5.03262714e-03  3.08848137e-03  1.69204189e+09]
[-4.95042968e-03  3.13779985e-03  1.69204189e+09]
[-5.03262714e-03  3.07204188e-03  1.69204189e+09]
[-5.11482459e-03  3.02272341e-03  1.69204189e+09]
[-5.16414306e-03  3.12136036e-03  1.69204190e+09]
[-5.08194561e-03  3.08848137e-03  1.69204190e+09]
[-5.36141695e-03  3.18711832e-03  1.69204190e+09]
[-4.68739783e-03  3.12136036e-03  1.69204190e+09]
[-4.73671630e-03  3.13779985e-03  1.69204190e+09]
[-4.99974815e-03  3.13779985e-03  1.69204190e+09]
[-5.0983851e-03  3.2199973e-03  1.6920419e+09]
[-5.2792195e-03  3.0391629e-03  1.6920419e+09]
[-4.98330866e-03  3.02272341e-03  1.69204190e+09]
[-5.98611761e-03  3.12136036e-03  1.69204190e+09]
[-6.31490743e-03  3.17067883e-03  1.69204190e+09]
[-6.64369725e-03  3.20355781e-03  1.69204190e+09]
