HokinLeft_Hand
Dev2/ai0 Dev2/ai1
[-1.03919012e-02  1.29657687e-03  1.69204190e+09]
[-3.13358127e-02  1.26369789e-03  1.69204190e+09]
[-3.84705519e-02  1.31301636e-03  1.69204190e+09]
[-3.75992588e-02  1.24725839e-03  1.69204190e+09]
[-3.46565899e-02  1.24725839e-03  1.69204190e+09]
[-3.54456855e-02  1.29657687e-03  1.69204190e+09]
[-2.66012393e-02  2.39802276e-03  1.69204190e+09]
[-3.66814939e-03  8.71929156e-02  1.69204190e+09]
[-3.73390735e-03  1.47427208e-01  1.69204190e+09]
[-3.78322583e-03  1.74897595e-01  1.69204190e+09]
[-3.75034684e-03  1.90498671e-01  1.69204190e+09]
[-3.71746786e-03  1.95151047e-01  1.69204190e+09]
[-3.75034684e-03  1.95315442e-01  1.69204190e+09]
[-3.75034684e-03  1.90482232e-01  1.69204190e+09]
[-3.79966532e-03  1.84531136e-01  1.69204190e+09]
[-3.76678633e-03  1.76262073e-01  1.69204190e+09]
[-3.76678633e-03  1.71297347e-01  1.69204190e+09]
[-3.71746786e-03  1.69653398e-01  1.69204190e+09]
[-3.70102837e-03  1.67532704e-01  1.69204190e+09]
[-3.76678633e-03  1.60545921e-01  1.69204190e+09]
[-3.78322583e-03  1.13512540e-01  1.69204190e+09]
[-3.68458888e-03  4.06691573e-02  1.69204190e+09]
[-3.78322583e-03  1.07821631e-02  1.69204190e+09]
[-3.76678633e-03  8.80942420e-03  1.69204190e+09]
[-3.78322583e-03  8.39843693e-03  1.69204190e+09]
[-3.78322583e-03  8.15184456e-03  1.69204190e+09]
[-3.78322583e-03  8.00388915e-03  1.69204190e+09]
[-1.62936785e-02  7.97101017e-03  1.69204190e+09]
[-4.95343294e-02  7.90525220e-03  1.69204190e+09]
[-9.32962551e-02  7.77373627e-03  1.69204190e+09]
[-1.15095021e-01  7.75729678e-03  1.69204190e+09]
[-1.20881722e-01  7.72441780e-03  1.69204190e+09]
[-1.20059747e-01  7.70797831e-03  1.69204190e+09]
[-1.17182836e-01  7.64222035e-03  1.69204190e+09]
[-1.13483951e-01  7.69153882e-03  1.69204190e+09]
[-1.04162759e-01  7.52714391e-03  1.69204190e+09]
[-8.21995985e-02  7.46138595e-03  1.69204190e+09]
[-7.56073625e-02  7.51070442e-03  1.69204190e+09]
[-5.83458967e-02  7.42850697e-03  1.69204190e+09]
[-2.78177617e-02  7.44494646e-03  1.69204190e+09]
[-1.97788505e-02  7.42850697e-03  1.69204190e+09]
[-2.55984304e-02  7.39562799e-03  1.69204190e+09]
[-5.04878199e-02  7.32987002e-03  1.69204190e+09]
[-7.43086427e-02  7.34630951e-03  1.69204190e+09]
[-1.07187625e-01  7.32987002e-03  1.69204190e+09]
[-1.16985562e-01  7.31343053e-03  1.69204190e+09]
[-1.08338390e-01  7.32987002e-03  1.69204190e+09]
[-7.79417702e-02  7.26411206e-03  1.69204190e+09]
[-3.65635709e-02  7.29699104e-03  1.69204190e+09]
[-2.69629081e-02  7.28055155e-03  1.69204190e+09]
[-1.87267231e-02  7.24767257e-03  1.69204190e+09]
[-2.52203221e-02  7.18191460e-03  1.69204190e+09]
[-1.98610480e-02  7.24767257e-03  1.69204190e+09]
[-4.76959528e-03  7.29699104e-03  1.69204190e+09]
[-4.34216852e-03  7.21479359e-03  1.69204190e+09]
[-4.34216852e-03  7.19835409e-03  1.69204190e+09]
[-4.27641055e-03  7.31343053e-03  1.69204190e+09]
[-4.04625768e-03  3.69209534e-02  1.69204190e+09]
[-4.09557615e-03  5.34097626e-02  1.69204190e+09]
[-4.12845513e-03  6.57722595e-02  1.69204190e+09]
[-4.17777361e-03  6.65777945e-02  1.69204190e+09]
[-4.14489463e-03  6.51475588e-02  1.69204190e+09]
[-4.21065259e-03  5.78319855e-02  1.69204190e+09]
[-4.25997106e-03  3.31727496e-02  1.69204190e+09]
[-4.21065259e-03  1.26069466e-02  1.69204190e+09]
[-4.30928953e-03  5.07765977e-03  1.69204190e+09]
[-4.19421310e-03  4.71599097e-03  1.69204190e+09]
[-4.24353157e-03  4.60091454e-03  1.69204190e+09]
[-4.27641055e-03  4.61735403e-03  1.69204190e+09]
[-4.27641055e-03  4.56803555e-03  1.69204190e+09]
[-4.19421310e-03  4.53515657e-03  1.69204190e+09]
[-4.24353157e-03  4.60091454e-03  1.69204190e+09]
[-4.25997106e-03  4.48583810e-03  1.69204190e+09]
[-4.24353157e-03  4.55159606e-03  1.69204190e+09]
[-4.24353157e-03  4.53515657e-03  1.69204190e+09]
[-4.22709208e-03  4.53515657e-03  1.69204190e+09]
[-4.19421310e-03  4.61735403e-03  1.69204190e+09]
[-4.25997106e-03  4.40364065e-03  1.69204190e+09]
[-4.24353157e-03  4.53515657e-03  1.69204190e+09]
[-4.22709208e-03  4.48583810e-03  1.69204190e+09]
[-4.22709208e-03  4.50227759e-03  1.69204190e+09]
[-4.22709208e-03  4.43651963e-03  1.69204190e+09]
[-4.21065259e-03  4.55159606e-03  1.69204190e+09]
[-4.22709208e-03  4.50227759e-03  1.69204190e+09]
[-4.22709208e-03  4.46939861e-03  1.69204190e+09]
[-4.22709208e-03  4.51871708e-03  1.69204190e+09]
[-4.17777361e-03  4.43651963e-03  1.69204190e+09]
[-4.22709208e-03  4.48583810e-03  1.69204190e+09]
[-3.86349468e-02  4.50227759e-03  1.69204190e+09]
[-9.95597013e-02  4.37076166e-03  1.69204190e+09]
[-1.21999607e-01  4.42008014e-03  1.69204190e+09]
[-1.21621499e-01  4.28856421e-03  1.69204190e+09]
[-1.15752600e-01  4.40364065e-03  1.69204190e+09]
[-1.03833969e-01  4.38720115e-03  1.69204190e+09]
[-8.96138090e-02  4.35432217e-03  1.69204190e+09]
[-5.69156609e-02  4.25568523e-03  1.69204190e+09]
[-2.07323410e-02  4.28856421e-03  1.69204190e+09]
[-5.01618764e-03  4.35432217e-03  1.69204190e+09]
[-4.58876088e-03  4.25568523e-03  1.69204190e+09]
[-4.53944241e-03  4.33788268e-03  1.69204190e+09]
