HokinLeft_Hand
Dev2/ai0 Dev2/ai1
[-3.55307295e-03  6.24486362e-03  1.69204190e+09]
[-3.66814939e-03  6.22842413e-03  1.69204190e+09]
[-3.6517099e-03  6.1133477e-03  1.6920419e+09]
[-3.66814939e-03  1.11767109e-02  1.69204190e+09]
[-3.66814939e-03  1.85580423e-02  1.69204190e+09]
[-3.63527041e-03  2.86354501e-02  1.69204190e+09]
[-3.58595193e-03  5.55140174e-02  1.69204190e+09]
[-3.58595193e-03  1.05062642e-01  1.69204190e+09]
[-3.56951244e-03  1.12690565e-01  1.69204190e+09]
[-3.58595193e-03  1.10405476e-01  1.69204190e+09]
[-3.56951244e-03  1.30576730e-01  1.69204190e+09]
[-3.47087550e-03  1.59181443e-01  1.69204190e+09]
[-3.50375448e-03  1.76048360e-01  1.69204190e+09]
[-3.53663346e-03  1.83988633e-01  1.69204190e+09]
[-3.53663346e-03  1.83857117e-01  1.69204190e+09]
[-3.42155702e-03  1.84777729e-01  1.69204190e+09]
[-3.45443601e-03  1.85994251e-01  1.69204190e+09]
[-3.47087550e-03  1.93457779e-01  1.69204190e+09]
[-3.45443601e-03  2.07250511e-01  1.69204190e+09]
[-3.47087550e-03  2.22128249e-01  1.69204190e+09]
[-3.61883092e-03  2.39011605e-01  1.69204190e+09]
[-3.52019397e-03  2.83102314e-01  1.69204190e+09]
[-3.53663346e-03  3.62981789e-01  1.69204190e+09]
[-3.84898379e-03  4.50965928e-01  1.69204190e+09]
[-3.42155702e-03  4.77515700e-01  1.69204190e+09]
[-3.47087550e-03  4.68309587e-01  1.69204190e+09]
[-3.50375448e-03  4.59777493e-01  1.69204191e+09]
[-3.50375448e-03  4.54500418e-01  1.69204191e+09]
[-3.50375448e-03  4.47645151e-01  1.69204191e+09]
[-3.55307295e-03  4.39540484e-01  1.69204191e+09]
[-3.58595193e-03  4.30038460e-01  1.69204191e+09]
[-3.58595193e-03  4.03685962e-01  1.69204191e+09]
[-3.60239143e-03  3.68308183e-01  1.69204191e+09]
[-3.86542328e-03  1.29606800e-01  1.69204191e+09]
[-3.94762073e-03  9.53276180e-03  1.69204191e+09]
[-3.86542328e-03  8.05320762e-03  1.69204191e+09]
[-3.88186277e-03  7.88881271e-03  1.69204191e+09]
[-3.88186277e-03  7.85593373e-03  1.69204191e+09]
[-3.83254430e-03  7.79017577e-03  1.69204191e+09]
[-3.78322583e-03  7.70797831e-03  1.69204191e+09]
[-3.79966532e-03  5.15521001e-02  1.69204191e+09]
[-2.63246146e-03  1.25201017e-01  1.69204191e+09]
[-2.74753790e-03  1.38467686e-01  1.69204191e+09]
[-2.76397739e-03  1.36659342e-01  1.69204191e+09]
[-2.69821942e-03  1.28949221e-01  1.69204191e+09]
[-2.82973535e-03  8.19487181e-02  1.69204191e+09]
[-2.78041688e-03  7.42385971e-02  1.69204191e+09]
[-2.74753790e-03  8.26556162e-02  1.69204191e+09]
[-2.64890095e-03  1.33272807e-01  1.69204191e+09]
[-2.59958248e-03  1.72711143e-01  1.69204191e+09]
[-2.55026401e-03  2.15108587e-01  1.69204191e+09]
[-2.59958248e-03  2.15552453e-01  1.69204191e+09]
[-2.71465892e-03  1.74963353e-01  1.69204191e+09]
[-3.81417620e-02  3.39947241e-02  1.69204191e+09]
[-1.25468340e-01  8.06964711e-03  1.69204191e+09]
[-2.13995002e-01  7.95457067e-03  1.69204191e+09]
[-2.37881584e-01  7.82305475e-03  1.69204191e+09]
[-2.44556017e-01  7.80661526e-03  1.69204191e+09]
[-2.38983030e-01  7.72441780e-03  1.69204191e+09]
[-2.43635406e-01  7.67509933e-03  1.69204191e+09]
[-2.40265310e-01  7.60934137e-03  1.69204191e+09]
[-2.21738003e-01  7.62578086e-03  1.69204191e+09]
[-1.52001679e-01  7.54358340e-03  1.69204191e+09]
[-5.55840621e-02  7.57646238e-03  1.69204191e+09]
[-5.01618765e-03  7.67509933e-03  1.69204191e+09]
[-3.88186277e-03  7.64222035e-03  1.69204191e+09]
[-3.55307295e-03  3.09698578e-02  1.69204191e+09]
[-3.78322583e-03  6.15801894e-02  1.69204191e+09]
[-3.86542328e-03  8.35926672e-02  1.69204191e+09]
[-3.93118124e-03  9.80758582e-02  1.69204191e+09]
[-3.88186277e-03  1.07692960e-01  1.69204191e+09]
[-3.88186277e-03  1.21452813e-01  1.69204191e+09]
[-3.88186277e-03  1.22455622e-01  1.69204191e+09]
[-3.98049972e-03  1.20630839e-01  1.69204191e+09]
[-3.96406023e-03  1.15534597e-01  1.69204191e+09]
[-3.98049972e-03  1.12854960e-01  1.69204191e+09]
[-3.88186277e-03  1.11523361e-01  1.69204191e+09]
[-4.02981819e-03  1.11917909e-01  1.69204191e+09]
[-4.09557615e-03  1.06147648e-01  1.69204191e+09]
[-4.09557615e-03  6.26816353e-02  1.69204191e+09]
[-4.01337870e-03  2.78627940e-02  1.69204191e+09]
[-3.93118124e-03  1.49413543e-02  1.69204191e+09]
[-3.96406023e-03  8.16828406e-03  1.69204191e+09]
[-3.98049972e-03  7.70797831e-03  1.69204191e+09]
[-4.04625768e-03  7.51070442e-03  1.69204191e+09]
[-4.01337870e-03  7.39562799e-03  1.69204191e+09]
[-4.06269717e-03  7.32987002e-03  1.69204191e+09]
[-4.04625768e-03  7.37918849e-03  1.69204191e+09]
[-4.01337870e-03  7.32987002e-03  1.69204191e+09]
[-3.99693921e-03  7.26411206e-03  1.69204191e+09]
[-3.96406023e-03  7.31343053e-03  1.69204191e+09]
[-4.04625768e-03  7.23123308e-03  1.69204191e+09]
[-3.99693921e-03  7.26411206e-03  1.69204191e+09]
[-4.11201564e-03  7.19835409e-03  1.69204191e+09]
[-4.02981819e-03  2.37364819e-02  1.69204191e+09]
[-3.91474175e-03  3.08712209e-02  1.69204191e+09]
[-3.88186277e-03  4.73435905e-02  1.69204191e+09]
[-3.84898379e-03  5.39193868e-02  1.69204191e+09]
[-3.89830226e-03  4.54201701e-02  1.69204191e+09]
[-3.89830226e-03  1.73250805e-02  1.69204191e+09]
[-3.94762073e-03  2.21718836e-03  1.69204191e+09]
[-3.93118124e-03  2.13499090e-03  1.69204191e+09]
[-3.98049972e-03  2.28294632e-03  1.69204191e+09]
[-3.89830226e-03  2.28294632e-03  1.69204191e+09]
[-3.96406023e-03  2.36514378e-03  1.69204191e+09]
[-4.01337870e-03  2.39802276e-03  1.69204191e+09]
[-3.99693921e-03  2.56241767e-03  1.69204191e+09]
[-4.02981819e-03  2.48022021e-03  1.69204191e+09]
[-2.54997934e-02  2.48022021e-03  1.69204191e+09]
[-4.74958325e-02  2.49665970e-03  1.69204191e+09]
[-5.79677884e-02  2.61173614e-03  1.69204191e+09]
[-5.55018647e-02  2.57885716e-03  1.69204191e+09]
[-5.14248709e-02  2.79257054e-03  1.69204191e+09]
[-3.10727809e-02  2.46378072e-03  1.69204191e+09]
[-1.36797994e-02  2.49665970e-03  1.69204191e+09]
[-3.09276721e-03  2.52953868e-03  1.69204191e+09]
[-3.04344873e-03  2.61173614e-03  1.69204191e+09]
[-3.01056975e-03  2.52953868e-03  1.69204191e+09]
[-3.09276721e-03  2.66105461e-03  1.69204191e+09]
[-3.02700924e-03  2.72681258e-03  1.69204191e+09]
[-3.17496466e-03  2.71037308e-03  1.69204191e+09]
[-2.86261433e-03  2.32432971e-02  1.69204191e+09]
[-2.79685637e-03  6.43255843e-02  1.69204191e+09]
[-2.89549332e-03  8.09787882e-02  1.69204191e+09]
[-2.92837230e-03  7.42550366e-02  1.69204191e+09]
[-2.92837230e-03  3.63291318e-02  1.69204191e+09]
[-3.02700924e-03  1.80620108e-03  1.69204191e+09]
[-3.02700924e-03  1.14862145e-03  1.69204191e+09]
[-3.04344873e-03  1.23081890e-03  1.69204191e+09]
[-2.97769077e-03  1.37877432e-03  1.69204191e+09]
[-3.05988822e-03  1.39521381e-03  1.69204191e+09]
[-3.01056975e-03  1.44453229e-03  1.69204191e+09]
[-3.05988822e-03  1.36233483e-03  1.69204191e+09]
[-1.80855830e-02  1.41165330e-03  1.69204191e+09]
[-7.05439992e-02  1.46097178e-03  1.69204191e+09]
[-1.16722530e-01  1.52672974e-03  1.69204191e+09]
[-1.21391346e-01  1.54316923e-03  1.69204191e+09]
