HokinLeft_Hand
Dev2/ai0 Dev2/ai1
[-2.49408507e-02  1.90483803e-03  1.69204191e+09]
[-1.19700923e-02  1.75387938e-02  1.69204191e+09]
[-3.68458888e-03  3.57866286e-02  1.69204191e+09]
[-3.52019397e-03  3.11671317e-02  1.69204191e+09]
[-3.47087550e-03  4.18992726e-03  1.69204191e+09]
[-3.52019397e-03  1.36233483e-03  1.69204191e+09]
[-3.47087550e-03  1.32945585e-03  1.69204191e+09]
[-6.20941007e-02  1.36233483e-03  1.69204191e+09]
[-1.41644799e-01  1.39521381e-03  1.69204191e+09]
[-1.94777236e-01  1.41165330e-03  1.69204191e+09]
[-2.25732799e-01  1.47741127e-03  1.69204191e+09]
[-2.37980221e-01  1.49385076e-03  1.69204191e+09]
[-2.35629373e-01  1.46097178e-03  1.69204191e+09]
[-2.33130571e-01  1.46097178e-03  1.69204191e+09]
[-2.28856303e-01  1.52672974e-03  1.69204191e+09]
[-2.19978977e-01  1.49385076e-03  1.69204191e+09]
[-1.97867861e-01  1.49385076e-03  1.69204191e+09]
[-1.23676435e-01  1.39521381e-03  1.69204191e+09]
[-4.94521319e-02  1.39521381e-03  1.69204191e+09]
[-7.51499027e-03  1.34589534e-03  1.69204191e+09]
[-4.29285004e-03  1.46097178e-03  1.69204191e+09]
[-4.22709208e-03  1.47741127e-03  1.69204191e+09]
[-4.19421310e-03  3.33507374e-03  1.69204191e+09]
[-4.16133412e-03  4.23459854e-02  1.69204191e+09]
[-4.22709208e-03  1.04569457e-01  1.69204191e+09]
[-4.17777361e-03  1.36133278e-01  1.69204191e+09]
[-4.12845513e-03  1.42511800e-01  1.69204191e+09]
[-4.11201564e-03  1.40456864e-01  1.69204191e+09]
[-4.25997106e-03  1.33552278e-01  1.69204191e+09]
[-4.27641055e-03  1.16389450e-01  1.69204191e+09]
[-4.32572903e-03  7.08520620e-02  1.69204191e+09]
[-4.27641055e-03  2.18295009e-02  1.69204191e+09]
[-4.35860801e-03  4.17348777e-03  1.69204191e+09]
[-4.40792648e-03  2.94052596e-03  1.69204191e+09]
[-4.27641055e-03  2.74325207e-03  1.69204191e+09]
[-1.31537357e-02  2.71037308e-03  1.69204191e+09]
[-9.15893936e-03  2.64461512e-03  1.69204191e+09]
[-3.37223855e-03  4.05047624e-02  1.69204191e+09]
[-3.27360161e-03  1.08630011e-01  1.69204191e+09]
[-3.24072262e-03  1.40276029e-01  1.69204191e+09]
[-3.25716212e-03  1.60907589e-01  1.69204191e+09]
[-3.22428313e-03  1.71017876e-01  1.69204191e+09]
[-3.25716212e-03  1.74946914e-01  1.69204191e+09]
[-3.29004110e-03  1.71576818e-01  1.69204191e+09]
[-3.25716212e-03  1.62814570e-01  1.69204191e+09]
[-3.42155702e-03  1.00212992e-01  1.69204191e+09]
[-3.52019397e-03  1.91663034e-02  1.69204191e+09]
[-3.38867804e-03  4.42008014e-03  1.69204191e+09]
[-3.45443601e-03  4.23924574e-03  1.69204191e+09]
[-3.43799652e-03  4.25568523e-03  1.69204191e+09]
[-3.56951244e-03  4.20636676e-03  1.69204191e+09]
[-5.83816219e-03  4.15704828e-03  1.69204191e+09]
[-1.64909523e-02  4.07485083e-03  1.69204191e+09]
[-1.44524555e-02  4.04197185e-03  1.69204191e+09]
[-6.42998387e-03  4.07485083e-03  1.69204191e+09]
[-3.25716212e-03  4.04197185e-03  1.69204191e+09]
[-3.27360161e-03  4.12416930e-03  1.69204191e+09]
[-3.29004110e-03  3.99265337e-03  1.69204191e+09]
[-2.74889718e-02  3.99265337e-03  1.69204191e+09]
[-7.27633305e-02  3.99265337e-03  1.69204192e+09]
[-1.15308734e-01  4.00909286e-03  1.69204192e+09]
[-1.25451900e-01  3.92689541e-03  1.69204192e+09]
[-1.14338804e-01  3.95977439e-03  1.69204192e+09]
[-7.00179354e-02  3.82825846e-03  1.69204192e+09]
[-2.98562585e-02  3.87757694e-03  1.69204192e+09]
[-1.77567931e-02  3.94333490e-03  1.69204192e+09]
[-9.91515595e-03  3.94333490e-03  1.69204192e+09]
[-8.63287565e-03  3.89401643e-03  1.69204192e+09]
[-3.06453541e-02  3.89401643e-03  1.69204192e+09]
[-6.54641964e-02  3.89401643e-03  1.69204192e+09]
[-8.30544520e-02  3.86113745e-03  1.69204192e+09]
[-9.80472681e-02  3.82825846e-03  1.69204192e+09]
[-1.02864039e-01  3.81181897e-03  1.69204192e+09]
[-1.02913358e-01  3.89401643e-03  1.69204192e+09]
[-1.01926988e-01  3.84469796e-03  1.69204192e+09]
[-9.50388412e-02  3.87757694e-03  1.69204192e+09]
[-7.42428847e-02  3.84469796e-03  1.69204192e+09]
[-3.65635709e-02  3.71318203e-03  1.69204192e+09]
[-8.33696482e-03  3.76250050e-03  1.69204192e+09]
[-4.57232139e-03  3.79537948e-03  1.69204192e+09]
[-4.42436597e-03  3.82825846e-03  1.69204192e+09]
[-1.22002452e-02  3.84469796e-03  1.69204192e+09]
[-1.74115638e-02  3.82825846e-03  1.69204192e+09]
[-2.33626596e-02  3.79537948e-03  1.69204192e+09]
[-3.04973987e-02  3.82825846e-03  1.69204192e+09]
[-4.22351953e-02  3.89401643e-03  1.69204192e+09]
[-5.26249537e-02  3.89401643e-03  1.69204192e+09]
[-4.74465140e-02  3.92689541e-03  1.69204192e+09]
[-3.30290803e-02  3.79537948e-03  1.69204192e+09]
[-1.25454745e-02  3.81181897e-03  1.69204192e+09]
[-4.60520037e-03  3.89401643e-03  1.69204192e+09]
[-4.35860801e-03  3.77893999e-03  1.69204192e+09]
[-4.29285004e-03  3.86113745e-03  1.69204192e+09]
[-4.34216852e-03  3.89401643e-03  1.69204192e+09]
[-4.22709208e-03  3.86113745e-03  1.69204192e+09]
[-4.21065259e-03  3.92689541e-03  1.69204192e+09]
[-4.17777361e-03  3.91045592e-03  1.69204192e+09]
[-4.17777361e-03  3.89401643e-03  1.69204192e+09]
[-4.21065259e-03  3.77893999e-03  1.69204192e+09]
[-4.24353157e-03  3.92689541e-03  1.69204192e+09]
[-4.50656343e-03  3.92689541e-03  1.69204192e+09]
[-4.19421310e-03  3.94333490e-03  1.69204192e+09]
[-4.16133412e-03  3.86113745e-03  1.69204192e+09]
[-4.21065259e-03  3.91045592e-03  1.69204192e+09]
[-1.28742643e-02  3.89401643e-03  1.69204192e+09]
[-5.07672912e-02  3.91045592e-03  1.69204192e+09]
[-8.76410701e-02  3.86113745e-03  1.69204192e+09]
[-9.37401214e-02  3.87757694e-03  1.69204192e+09]
[-9.18495799e-02  3.86113745e-03  1.69204192e+09]
[-8.88082740e-02  3.86113745e-03  1.69204192e+09]
[-8.24133119e-02  3.82825846e-03  1.69204192e+09]
[-4.73478771e-02  3.76250050e-03  1.69204192e+09]
[-7.72870365e-03  3.74606101e-03  1.69204192e+09]
[-4.16133412e-03  3.72962152e-03  1.69204192e+09]
[-4.01337870e-03  3.76250050e-03  1.69204192e+09]
[-4.02981819e-03  3.77893999e-03  1.69204192e+09]
[-4.06269717e-03  3.82825846e-03  1.69204192e+09]
[-5.06550612e-03  3.72962152e-03  1.69204192e+09]
[-2.89685260e-02  3.81181897e-03  1.69204192e+09]
[-2.32640226e-02  3.74606101e-03  1.69204192e+09]
[-8.12325143e-03  3.86113745e-03  1.69204192e+09]
[-3.32292008e-03  3.81181897e-03  1.69204192e+09]
[-3.25716212e-03  3.79537948e-03  1.69204192e+09]
[-3.27360161e-03  3.77893999e-03  1.69204192e+09]
[-3.19140415e-03  4.14060879e-03  1.69204192e+09]
[-3.22428313e-03  3.84469796e-03  1.69204192e+09]
[-3.30648059e-03  3.81181897e-03  1.69204192e+09]
[-6.33134692e-03  3.81181897e-03  1.69204192e+09]
[-9.20825784e-03  3.82825846e-03  1.69204192e+09]
[-8.55067820e-03  3.81181897e-03  1.69204192e+09]
[-6.21627048e-03  3.82825846e-03  1.69204192e+09]
[-4.17777361e-03  3.76250050e-03  1.69204192e+09]
[-4.04625768e-03  3.86113745e-03  1.69204192e+09]
[-4.39148699e-03  3.82825846e-03  1.69204192e+09]
[-4.16133412e-03  9.20397198e-03  1.69204192e+09]
[-4.19421310e-03  9.33548791e-03  1.69204192e+09]
[-4.12845513e-03  7.65865984e-03  1.69204192e+09]
[-4.42436597e-03  6.62297191e-03  1.69204192e+09]
