HokinLeft_Hand
Dev2/ai0 Dev2/ai1
[-3.09276721e-03  3.84469796e-03  1.69204193e+09]
[-3.10920670e-03  3.89401643e-03  1.69204193e+09]
[-3.07632772e-03  3.82825846e-03  1.69204193e+09]
[-3.09276721e-03  3.79537948e-03  1.69204193e+09]
[-3.09276721e-03  3.89401643e-03  1.69204193e+09]
[-3.09276721e-03  3.84469796e-03  1.69204193e+09]
[-3.14208568e-03  3.87757694e-03  1.69204193e+09]
[-3.17496466e-03  3.82825846e-03  1.69204193e+09]
[-3.99501061e-02  3.77893999e-03  1.69204193e+09]
[-1.02009186e-01  3.81181897e-03  1.69204193e+09]
[-1.36038933e-01  3.89401643e-03  1.69204193e+09]
[-1.48401430e-01  3.79537948e-03  1.69204193e+09]
[-1.54648437e-01  3.81181897e-03  1.69204193e+09]
[-1.56111552e-01  3.77893999e-03  1.69204193e+09]
[-1.58199367e-01  3.76250050e-03  1.69204193e+09]
[-1.56588297e-01  3.86113745e-03  1.69204193e+09]
[-1.55306017e-01  3.81181897e-03  1.69204193e+09]
[-1.54763514e-01  3.81181897e-03  1.69204193e+09]
[-1.52133195e-01  3.81181897e-03  1.69204193e+09]
[-1.50982431e-01  3.81181897e-03  1.69204193e+09]
[-1.48927494e-01  3.82825846e-03  1.69204193e+09]
[-1.44603908e-01  3.82825846e-03  1.69204193e+09]
[-1.40115927e-01  3.82825846e-03  1.69204193e+09]
[-1.34986805e-01  3.77893999e-03  1.69204193e+09]
[-1.32800353e-01  3.87757694e-03  1.69204193e+09]
[-1.32849671e-01  3.81181897e-03  1.69204193e+09]
[-1.30104276e-01  3.84469796e-03  1.69204193e+09]
[-1.21029677e-01  3.74606101e-03  1.69204193e+09]
[-7.03467253e-02  3.74606101e-03  1.69204193e+09]
[-1.71649715e-02  3.79537948e-03  1.69204193e+09]
[-4.25997106e-03  1.31823288e-02  1.69204193e+09]
[-4.09557615e-03  5.07958836e-02  1.69204193e+09]
[-4.06269717e-03  7.00958455e-02  1.69204193e+09]
[-4.11201564e-03  7.74771767e-02  1.69204193e+09]
[-4.11201564e-03  8.22117500e-02  1.69204193e+09]
[-4.02981819e-03  8.64531385e-02  1.69204193e+09]
[-3.99693921e-03  8.87053487e-02  1.69204193e+09]
[-4.14489463e-03  9.19932467e-02  1.69204193e+09]
[-4.01337870e-03  9.58236480e-02  1.69204193e+09]
[-4.09557615e-03  9.63497117e-02  1.69204193e+09]
[-4.09557615e-03  9.92923805e-02  1.69204193e+09]
[-4.06269717e-03  1.01248680e-01  1.69204193e+09]
[-4.09557615e-03  1.02465202e-01  1.69204193e+09]
[-4.07913666e-03  1.06344922e-01  1.69204193e+09]
[-4.07913666e-03  1.09961610e-01  1.69204193e+09]
[-4.01337870e-03  1.15748310e-01  1.69204193e+09]
[-4.07913666e-03  1.28390278e-01  1.69204193e+09]
[-4.02981819e-03  1.37842985e-01  1.69204193e+09]
[-4.01337870e-03  1.38977310e-01  1.69204193e+09]
[-4.11201564e-03  1.33075533e-01  1.69204193e+09]
[-4.14489463e-03  1.23984495e-01  1.69204193e+09]
[-4.12845513e-03  9.26015079e-02  1.69204193e+09]
[-4.04625768e-03  6.37337626e-02  1.69204193e+09]
[-4.24353157e-03  2.23884436e-02  1.69204193e+09]
[-4.14489463e-03  5.75167890e-03  1.69204193e+09]
[-4.21065259e-03  5.30781264e-03  1.69204193e+09]
[-4.14489463e-03  5.12697824e-03  1.69204193e+09]
[-4.17777361e-03  5.12697824e-03  1.69204193e+09]
[-4.16133412e-03  5.11053875e-03  1.69204193e+09]
[-3.78129722e-02  4.94614384e-03  1.69204193e+09]
[-7.14974896e-02  4.91326486e-03  1.69204193e+09]
[-8.68519745e-02  4.96258334e-03  1.69204193e+09]
[-9.24414016e-02  4.84750690e-03  1.69204193e+09]
[-9.56142234e-02  4.81462792e-03  1.69204193e+09]
[-1.01483122e-01  4.84750690e-03  1.69204193e+09]
[-1.04902536e-01  4.81462792e-03  1.69204193e+09]
[-1.05675192e-01  4.71599097e-03  1.69204193e+09]
[-1.04853218e-01  4.71599097e-03  1.69204193e+09]
[-1.04162759e-01  4.74886995e-03  1.69204193e+09]
[-9.89350006e-02  4.76530945e-03  1.69204193e+09]
[-8.10817131e-02  4.79818843e-03  1.69204193e+09]
[-7.19906744e-02  4.73243046e-03  1.69204193e+09]
[-4.31886858e-02  4.71599097e-03  1.69204193e+09]
[-1.33181306e-02  4.61735403e-03  1.69204193e+09]
[-4.55588190e-03  4.71599097e-03  1.69204193e+09]
[-4.37504750e-03  4.68311199e-03  1.69204193e+09]
[-4.27641055e-03  4.65023301e-03  1.69204193e+09]
[-4.22709208e-03  4.68311199e-03  1.69204193e+09]
[-4.19421310e-03  4.60091454e-03  1.69204193e+09]
[-4.30928953e-03  4.69955148e-03  1.69204193e+09]
[-4.29285004e-03  4.61735403e-03  1.69204193e+09]
[-4.29285004e-03  4.69955148e-03  1.69204193e+09]
[-4.27641055e-03  4.65023301e-03  1.69204193e+09]
[-4.21065259e-03  5.62016297e-03  1.69204193e+09]
[-4.21065259e-03  7.49426493e-03  1.69204193e+09]
[-4.22709208e-03  8.61215031e-03  1.69204193e+09]
[-4.24353157e-03  8.92450064e-03  1.69204193e+09]
[-4.24353157e-03  8.62858980e-03  1.69204193e+09]
[-4.17777361e-03  5.68592093e-03  1.69204193e+09]
[-4.14489463e-03  4.73243046e-03  1.69204193e+09]
[-4.27641055e-03  4.50227759e-03  1.69204193e+09]
[-4.21065259e-03  4.43651963e-03  1.69204193e+09]
[-5.59156983e-03  4.51871708e-03  1.69204193e+09]
[-7.66294569e-03  4.50227759e-03  1.69204193e+09]
[-9.43841071e-03  4.73243046e-03  1.69204193e+09]
[-1.03261432e-02  4.73243046e-03  1.69204193e+09]
[-1.03097037e-02  4.58447505e-03  1.69204193e+09]
[-1.10330413e-02  4.66667250e-03  1.69204193e+09]
[-1.10001624e-02  4.55159606e-03  1.69204193e+09]
[-1.13453917e-02  4.56803555e-03  1.69204193e+09]
[-1.16084235e-02  4.60091454e-03  1.69204193e+09]
[-1.20194108e-02  4.51871708e-03  1.69204193e+09]
[-1.26605509e-02  4.51871708e-03  1.69204193e+09]
[-1.47812453e-02  4.56803555e-03  1.69204193e+09]
[-1.71814110e-02  4.50227759e-03  1.69204193e+09]
[-2.54833539e-02  4.50227759e-03  1.69204193e+09]
[-2.76862457e-02  4.53515657e-03  1.69204193e+09]
[-2.57957043e-02  4.50227759e-03  1.69204193e+09]
[-2.62888890e-02  4.50227759e-03  1.69204193e+09]
[-2.50559272e-02  4.51871708e-03  1.69204193e+09]
[-2.21790162e-02  4.51871708e-03  1.69204193e+09]
[-1.98774875e-02  4.48583810e-03  1.69204193e+09]
[-1.84965702e-02  4.50227759e-03  1.69204193e+09]
[-1.76252772e-02  4.45295912e-03  1.69204193e+09]
[-1.67704237e-02  4.48583810e-03  1.69204193e+09]
[-1.48798822e-02  4.50227759e-03  1.69204193e+09]
[-1.31044172e-02  4.56803555e-03  1.69204193e+09]
[-1.10823598e-02  4.55159606e-03  1.69204193e+09]
[-8.32052532e-03  4.46939861e-03  1.69204193e+09]
[-8.43560176e-03  4.56803555e-03  1.69204193e+09]
[-9.61924511e-03  5.37357061e-03  1.69204193e+09]
[-1.13125127e-02  7.16547511e-03  1.69204193e+09]
[-9.94803493e-03  8.92450064e-03  1.69204193e+09]
[-7.71226416e-03  1.17027746e-02  1.69204193e+09]
[-6.16695201e-03  1.51386282e-02  1.69204193e+09]
[-5.18058255e-03  1.77360677e-02  1.69204193e+09]
[-4.68739783e-03  1.95279722e-02  1.69204193e+09]
[-4.50656343e-03  2.35556475e-02  1.69204193e+09]
[-4.72027681e-03  2.51667176e-02  1.69204193e+09]
[-4.72027681e-03  2.59722526e-02  1.69204193e+09]
