HokinRight_Hand
Dev2/ai0 Dev2/ai1
[-1.37025302e-01  9.68071721e-03  1.69204450e+09]
[-1.41644799e-01  9.64783823e-03  1.69204450e+09]
[-1.43831252e-01  9.66427772e-03  1.69204450e+09]
[-1.48023322e-01  9.73003569e-03  1.69204450e+09]
[-1.55273138e-01  9.64783823e-03  1.69204450e+09]
[-1.65301228e-01  9.54920129e-03  1.69204450e+09]
[-1.67454801e-01  9.61495925e-03  1.69204450e+09]
[-1.58462399e-01  1.14068638e-02  1.69204450e+09]
[-1.02239338e-01  5.97882849e-02  1.69204450e+09]
[-3.00864114e-02  1.32105603e-01  1.69204450e+09]
[-3.50218961e-05  1.95496276e-01  1.69204450e+09]
[-1.33658842e-04  2.07842333e-01  1.69204450e+09]
[-6.79008779e-05  2.55648368e-01  1.69204450e+09]
[-3.50218961e-05  2.49352043e-01  1.69204450e+09]
[-3.50218961e-05  2.42447458e-01  1.69204450e+09]
[-1.00779860e-04  2.35148325e-01  1.69204450e+09]
[-6.79008779e-05  2.25169554e-01  1.69204450e+09]
[-1.00779860e-04  2.17475873e-01  1.69204450e+09]
[3.07360675e-05 2.24150306e-01 1.69204450e+09]
[-1.33658842e-04  2.21618625e-01  1.69204450e+09]
[-1.33658842e-04  2.14434568e-01  1.69204450e+09]
[-8.73435933e-04  2.09963027e-01  1.69204450e+09]
[-6.79008779e-05  2.08680747e-01  1.69204450e+09]
[-6.79008779e-05  2.07036798e-01  1.69204450e+09]
[-3.50218961e-05  2.01348734e-01  1.69204450e+09]
[-1.07206910e-02  1.76853895e-01  1.69204450e+09]
[-6.97549036e-02  1.00936329e-01  1.69204450e+09]
[-1.24317575e-01  3.52112464e-02  1.69204450e+09]
[-1.39195315e-01  1.16205771e-02  1.69204450e+09]
[-1.49996061e-01  1.10616344e-02  1.69204450e+09]
[-1.49289163e-01  1.07986026e-02  1.69204450e+09]
[-1.44554589e-01  1.06177682e-02  1.69204450e+09]
[-1.39474787e-01  1.05684497e-02  1.69204450e+09]
[-1.41825634e-01  1.04040548e-02  1.69204450e+09]
[-1.35348474e-01  1.03218574e-02  1.69204450e+09]
[-1.30153595e-01  1.02725389e-02  1.69204450e+09]
[-1.16673212e-01  1.02889784e-02  1.69204450e+09]
[-1.02124262e-01  1.01903414e-02  1.69204450e+09]
[-1.06382090e-01  1.02067809e-02  1.69204450e+09]
[-1.28131537e-01  1.00752650e-02  1.69204450e+09]
[-1.34033315e-01  1.01245835e-02  1.69204450e+09]
[-1.29907003e-01  1.02067809e-02  1.69204450e+09]
[-1.32948308e-01  1.00423860e-02  1.69204450e+09]
[-1.24202499e-01  1.00423860e-02  1.69204450e+09]
[-1.01877670e-01  1.00588255e-02  1.69204450e+09]
[-5.40716290e-02  9.96018856e-03  1.69204450e+09]
[-1.32194936e-02  1.00423860e-02  1.69204450e+09]
[-8.43403688e-05  9.99306754e-03  1.69204450e+09]
[-8.43403688e-05  9.91087009e-03  1.69204450e+09]
[-1.50098332e-04  3.27288833e-02  1.69204450e+09]
[-1.66537823e-04  4.99081511e-02  1.69204450e+09]
[-1.00779860e-04  6.61174888e-02  1.69204450e+09]
[-1.17219351e-04  8.72422340e-02  1.69204450e+09]
[-8.43403688e-05  1.02136412e-01  1.69204450e+09]
[-1.00779860e-04  1.08087508e-01  1.69204450e+09]
[-3.50218961e-05  1.06081890e-01  1.69204450e+09]
[-3.50218961e-05  9.62675142e-02  1.69204450e+09]
[-8.43403688e-05  7.48304187e-02  1.69204450e+09]
[-1.33658842e-04  4.46475141e-02  1.69204450e+09]
[-1.00779860e-04  1.11931504e-02  1.69204450e+09]
[-8.43403688e-05  9.79579365e-03  1.69204450e+09]
[-8.43403688e-05  9.69715671e-03  1.69204450e+09]
[-1.85824052e-05  9.63139874e-03  1.69204450e+09]
[-5.14613870e-05  9.54920129e-03  1.69204450e+09]
[-4.61642337e-02  9.51632231e-03  1.69204450e+09]
[-8.79369809e-02  9.53276180e-03  1.69204450e+09]
[-1.17856855e-01  9.51632231e-03  1.69204450e+09]
[-1.39573424e-01  9.53276180e-03  1.69204450e+09]
[-1.48204157e-01  9.46700383e-03  1.69204450e+09]
[-1.56391023e-01  9.35192740e-03  1.69204450e+09]
[-1.59021342e-01  9.43412485e-03  1.69204450e+09]
[-1.60599533e-01  9.36836689e-03  1.69204450e+09]
[-1.59037782e-01  9.43412485e-03  1.69204450e+09]
[-1.51179705e-01  9.45056434e-03  1.69204450e+09]
[-1.32159213e-01  9.33548791e-03  1.69204450e+09]
[-8.47477196e-02  9.36836689e-03  1.69204450e+09]
[-3.32263542e-02  9.40124587e-03  1.69204450e+09]
[-1.71184997e-03  9.35192740e-03  1.69204450e+09]
[-1.17219351e-04  9.41768536e-03  1.69204450e+09]
[-5.14613870e-05  9.38480638e-03  1.69204450e+09]
[-6.79008779e-05  9.30260893e-03  1.69204450e+09]
[-1.85824052e-05  9.33548791e-03  1.69204450e+09]
[-1.50098332e-04  5.39193868e-02  1.69204450e+09]
[-1.66537823e-04  8.99547499e-02  1.69204450e+09]
[-6.79008779e-05  1.14005724e-01  1.69204450e+09]
[-1.00779860e-04  1.25875036e-01  1.69204450e+09]
[-1.17219351e-04  1.25710641e-01  1.69204450e+09]
[-3.50218961e-05  1.23195399e-01  1.69204450e+09]
