HokinRight_Hand
Dev2/ai0 Dev2/ai1
[-6.74204958e-02  9.68071721e-03  1.69204450e+09]
[-9.69787012e-02  9.73003569e-03  1.69204450e+09]
[-1.16508817e-01  9.63139874e-03  1.69204450e+09]
[-1.12366065e-01  9.61495925e-03  1.69204450e+09]
[-1.02864039e-01  9.63139874e-03  1.69204450e+09]
[-9.53511915e-02  9.46700383e-03  1.69204450e+09]
[-8.02432990e-02  9.45056434e-03  1.69204450e+09]
[-3.86020678e-02  3.35508578e-02  1.69204450e+09]
[-3.50218961e-05  7.86115016e-02  1.69204450e+09]
[-8.43403688e-05  1.10438355e-01  1.69204450e+09]
[-5.14613870e-05  1.31464463e-01  1.69204450e+09]
[-5.14613870e-05  1.42692635e-01  1.69204450e+09]
[-1.85824052e-05  1.49695857e-01  1.69204450e+09]
[-8.43403688e-05  1.56649762e-01  1.69204450e+09]
[-1.00779860e-04  1.59428035e-01  1.69204450e+09]
[-5.14613870e-05  1.58754016e-01  1.69204450e+09]
[-1.17219351e-04  1.56616883e-01  1.69204451e+09]
[-1.17219351e-04  1.56057940e-01  1.69204451e+09]
[1.42965766e-05 1.56107258e-01 1.69204451e+09]
[-1.00779860e-04  1.57208704e-01  1.69204451e+09]
[-6.79008779e-05  1.59132125e-01  1.69204451e+09]
[-1.17219351e-04  1.60397965e-01  1.69204451e+09]
[-1.85824052e-05  1.62600857e-01  1.69204451e+09]
[-5.14613870e-05  1.62962526e-01  1.69204451e+09]
[-7.92597754e-03  1.62502220e-01  1.69204451e+09]
[-8.07393296e-03  1.66020271e-01  1.69204451e+09]
[-1.43237862e-03  1.76015481e-01  1.69204451e+09]
[-8.43403688e-05  1.85155837e-01  1.69204451e+09]
[-1.17219351e-04  1.92602926e-01  1.69204451e+09]
[-1.00779860e-04  2.02269346e-01  1.69204451e+09]
[-8.43403688e-05  2.09552040e-01  1.69204451e+09]
[-1.00779860e-04  2.16653899e-01  1.69204451e+09]
[-1.00779860e-04  2.22818708e-01  1.69204451e+09]
[-6.79008779e-05  2.25925771e-01  1.69204451e+09]
[-5.14613870e-05  2.30594586e-01  1.69204451e+09]
[-1.00779860e-04  2.32189216e-01  1.69204451e+09]
[-5.14613870e-05  2.30594586e-01  1.69204451e+09]
[-6.79008779e-05  2.26123045e-01  1.69204451e+09]
[-1.85824052e-05  2.14171536e-01  1.69204451e+09]
[-1.14111496e-02  1.56666201e-01  1.69204451e+09]
[-3.89308576e-02  5.92786607e-02  1.69204451e+09]
[-6.68779926e-02  2.11554818e-02  1.69204451e+09]
[-8.41558979e-02  1.01574624e-02  1.69204451e+09]
[-9.55649049e-02  1.00917045e-02  1.69204451e+09]
[-1.01499561e-01  1.00095070e-02  1.69204451e+09]
[-1.00841982e-01  9.96018856e-03  1.69204451e+09]
[-1.03718893e-01  9.97662805e-03  1.69204451e+09]
[-1.09209683e-01  9.97662805e-03  1.69204451e+09]
[-1.16212906e-01  9.91087009e-03  1.69204451e+09]
[-1.20076187e-01  9.94374907e-03  1.69204451e+09]
[-1.26257435e-01  9.84511212e-03  1.69204451e+09]
[-1.31945499e-01  9.77935416e-03  1.69204451e+09]
[-1.36466360e-01  9.76291467e-03  1.69204451e+09]
[-1.40329640e-01  9.81223314e-03  1.69204451e+09]
[-1.43732615e-01  9.71359620e-03  1.69204451e+09]
[-1.44061405e-01  9.68071721e-03  1.69204451e+09]
[-1.41496844e-01  9.73003569e-03  1.69204451e+09]
[-1.41151615e-01  9.76291467e-03  1.69204451e+09]
[-1.37962353e-01  9.73003569e-03  1.69204451e+09]
[-1.28756238e-01  9.73003569e-03  1.69204451e+09]
[-1.25188868e-01  9.66427772e-03  1.69204451e+09]
[-1.26257435e-01  9.73003569e-03  1.69204451e+09]
[-1.27852066e-01  9.74647518e-03  1.69204451e+09]
[-1.21621499e-01  9.73003569e-03  1.69204451e+09]
[-1.04244956e-01  9.69715671e-03  1.69204451e+09]
[-6.96727061e-02  9.66427772e-03  1.69204451e+09]
[-3.30290803e-02  9.66427772e-03  1.69204451e+09]
[-4.93399019e-03  9.59851976e-03  1.69204451e+09]
[-6.79008779e-05  1.88539531e-02  1.69204451e+09]
[-1.00779860e-04  2.82737813e-02  1.69204451e+09]
[-5.14613870e-05  2.90299979e-02  1.69204451e+09]
[-6.79008779e-05  2.30460233e-02  1.69204451e+09]
[-8.43403688e-05  5.27493366e-03  1.69204451e+09]
[-3.50218961e-05  4.61735403e-03  1.69204451e+09]
[-1.00779860e-04  4.73243046e-03  1.69204451e+09]
[-2.09460544e-02  4.81462792e-03  1.69204451e+09]
[-9.95432618e-02  4.88038588e-03  1.69204451e+09]
[-1.58922705e-01  4.89682537e-03  1.69204451e+09]
[-1.82891484e-01  4.89682537e-03  1.69204451e+09]
[-1.88168561e-01  4.96258334e-03  1.69204451e+09]
[-1.92903134e-01  5.14341774e-03  1.69204451e+09]
[-1.94366249e-01  5.12697824e-03  1.69204451e+09]
[-1.97243160e-01  5.17629672e-03  1.69204451e+09]
[-2.00498179e-01  5.20917570e-03  1.69204451e+09]
[-2.03983352e-01  5.19273621e-03  1.69204451e+09]
[-2.05643740e-01  5.19273621e-03  1.69204451e+09]
[-1.91407141e-01  5.34069163e-03  1.69204451e+09]
[-1.41809194e-01  5.25849417e-03  1.69204451e+09]
[-3.19769529e-02  5.25849417e-03  1.69204451e+09]
[-6.79008779e-05  5.22561519e-03  1.69204451e+09]
[-1.33658842e-04  5.29137315e-03  1.69204451e+09]
[-1.33658842e-04  5.69606925e-02  1.69204451e+09]
[-8.43403688e-05  9.72210047e-02  1.69204451e+09]
[-8.43403688e-05  1.38286851e-01  1.69204451e+09]
[-5.14613870e-05  1.56173016e-01  1.69204451e+09]
[-1.00779860e-04  1.65543526e-01  1.69204451e+09]
[-8.43403688e-05  1.68831424e-01  1.69204451e+09]
[-3.50218961e-05  1.69012258e-01  1.69204451e+09]
[-1.33658842e-04  1.52293297e-01  1.69204451e+09]
[-5.14613870e-05  5.89169919e-02  1.69204451e+09]
[-5.14613870e-05  1.29686154e-02  1.69204451e+09]
[-3.50218961e-05  1.18178510e-02  1.69204451e+09]
[-3.50218961e-05  1.12917873e-02  1.69204451e+09]
[-6.76835277e-02  1.08150421e-02  1.69204451e+09]
[-1.28969951e-01  1.09465580e-02  1.69204451e+09]
[-1.56078673e-01  1.07328446e-02  1.69204451e+09]
[-1.64150463e-01  1.07164051e-02  1.69204451e+09]
[-1.66715024e-01  1.07328446e-02  1.69204451e+09]
[-1.62983260e-01  1.07328446e-02  1.69204451e+09]
[-1.59202176e-01  1.06506472e-02  1.69204451e+09]
[-1.54862151e-01  1.05848892e-02  1.69204451e+09]
[-1.55815641e-01  1.04533733e-02  1.69204451e+09]
[-1.52659259e-01  1.05191312e-02  1.69204451e+09]
[-1.12809931e-01  1.04533733e-02  1.69204451e+09]
[-3.81910805e-02  1.04040548e-02  1.69204451e+09]
[-1.00779860e-04  1.03876153e-02  1.69204451e+09]
[-6.79008779e-05  1.03711758e-02  1.69204451e+09]
[-1.66537823e-04  1.03218574e-02  1.69204451e+09]
[-5.14613870e-05  1.03218574e-02  1.69204451e+09]
[-6.79008779e-05  5.59743231e-02  1.69204451e+09]
[-6.79008779e-05  6.74655270e-02  1.69204451e+09]
[-1.66537823e-04  8.04362850e-02  1.69204451e+09]
[-1.00779860e-04  9.21247627e-02  1.69204451e+09]
[-3.50218961e-05  1.08432737e-01  1.69204451e+09]
[-1.00779860e-04  1.09895852e-01  1.69204451e+09]
[-3.50218961e-05  1.01462393e-01  1.69204451e+09]
[-1.33658842e-04  6.64462786e-02  1.69204451e+09]
[-6.79008779e-05  1.30179339e-02  1.69204451e+09]
[-1.00779860e-04  1.10451950e-02  1.69204451e+09]
[-8.43403688e-05  1.05191312e-02  1.69204451e+09]
[-1.00779860e-04  1.02889784e-02  1.69204451e+09]
[-3.50218961e-05  3.09040997e-02  1.69204451e+09]
[-1.00779860e-04  6.70216608e-02  1.69204451e+09]
[-3.50218961e-05  6.36515652e-02  1.69204451e+09]
[-1.00779860e-04  5.74374378e-02  1.69204451e+09]
[-1.00779860e-04  5.04835332e-02  1.69204451e+09]
[-5.14613870e-05  2.04814627e-02  1.69204451e+09]
[-8.43403688e-05  5.40644959e-03  1.69204451e+09]
[-1.33658842e-04  5.58728399e-03  1.69204451e+09]
[-5.14613870e-05  5.68592093e-03  1.69204451e+09]
[-5.14613870e-05  5.75167890e-03  1.69204451e+09]
[-8.43403688e-05  5.89963432e-03  1.69204451e+09]
[-5.14613870e-05  5.89963432e-03  1.69204451e+09]
[-1.00779860e-04  5.91607381e-03  1.69204451e+09]
[1.42965766e-05 5.96539228e-03 1.69204451e+09]
[-3.50218961e-05  5.98183177e-03  1.69204451e+09]
[-1.50098332e-04  6.06402922e-03  1.69204451e+09]
[-8.43403688e-05  6.06402922e-03  1.69204451e+09]
