HokinRight_Hand
Dev2/ai0 Dev2/ai1
[-6.57107887e-02  5.14341774e-03  1.69204451e+09]
[-1.22427034e-01  4.89682537e-03  1.69204451e+09]
[-1.57903457e-01  4.15704828e-03  1.69204451e+09]
[-1.78403503e-01  3.56522661e-03  1.69204451e+09]
[-1.80458439e-01  3.03916290e-03  1.69204451e+09]
[-1.71761948e-01  2.85832850e-03  1.69204451e+09]
[-1.64528572e-01  2.92408647e-03  1.69204451e+09]
[-1.49650832e-01  4.74093485e-02  1.69204451e+09]
[-7.84020760e-02  1.59132124e-01  1.69204451e+09]
[-2.21296978e-02  2.44502394e-01  1.69204451e+09]
[-1.66537823e-04  2.64591450e-01  1.69204451e+09]
[-6.79008779e-05  2.70674061e-01  1.69204451e+09]
[-1.33658842e-04  2.70427468e-01  1.69204451e+09]
[-1.33658842e-04  2.65265469e-01  1.69204451e+09]
[-8.43403688e-05  2.59133539e-01  1.69204451e+09]
[-8.43403688e-05  2.50749400e-01  1.69204451e+09]
[-1.17219351e-04  2.46097024e-01  1.69204451e+09]
[-1.33658842e-04  2.26928580e-01  1.69204451e+09]
[-3.50218961e-05  2.19432173e-01  1.69204451e+09]
[-1.85824052e-05  2.15914122e-01  1.69204451e+09]
[-6.79008779e-05  2.02039193e-01  1.69204451e+09]
[-1.17219351e-04  1.56551125e-01  1.69204451e+09]
[-1.17219351e-04  7.57674697e-02  1.69204451e+09]
[-1.53895064e-02  2.09910869e-02  1.69204451e+09]
[-3.46072715e-02  1.06013287e-02  1.69204451e+09]
[-4.02953354e-02  1.01574624e-02  1.69204451e+09]
[-4.79725777e-02  1.00095070e-02  1.69204451e+09]
[-5.77705145e-02  9.91087009e-03  1.69204451e+09]
[-7.07083941e-02  9.82867263e-03  1.69204451e+09]
[-7.85500314e-02  9.74647518e-03  1.69204451e+09]
[-8.03583754e-02  9.66427772e-03  1.69204451e+09]
[-8.40901400e-02  9.63139874e-03  1.69204451e+09]
[-8.71972038e-02  9.56564078e-03  1.69204451e+09]
[-9.41675482e-02  9.54920129e-03  1.69204451e+09]
[-1.02617447e-01  9.63139874e-03  1.69204451e+09]
[-1.05165568e-01  9.58208027e-03  1.69204451e+09]
[-1.06973912e-01  9.58208027e-03  1.69204451e+09]
[-1.12530460e-01  9.59851976e-03  1.69204452e+09]
[-1.17544505e-01  9.53276180e-03  1.69204452e+09]
[-1.25714932e-01  9.48344332e-03  1.69204452e+09]
[-1.39030920e-01  9.51632231e-03  1.69204452e+09]
[-1.57804820e-01  9.40124587e-03  1.69204452e+09]
[-1.82727089e-01  9.46700383e-03  1.69204452e+09]
[-2.04509415e-01  9.53276180e-03  1.69204452e+09]
[-2.26982201e-01  9.45056434e-03  1.69204452e+09]
[-2.38933711e-01  9.53276180e-03  1.69204452e+09]
[-2.44177909e-01  9.43412485e-03  1.69204452e+09]
[-2.42139412e-01  9.49988282e-03  1.69204452e+09]
[-2.27130156e-01  9.51632231e-03  1.69204452e+09]
[-2.11150970e-01  9.41768536e-03  1.69204452e+09]
[-1.63032578e-01  9.41768536e-03  1.69204452e+09]
[-7.14810502e-02  9.41768536e-03  1.69204452e+09]
[-4.60520037e-03  9.45056434e-03  1.69204452e+09]
[-1.17219351e-04  9.40124587e-03  1.69204452e+09]
[-6.79008779e-05  9.41768536e-03  1.69204452e+09]
[-6.79008779e-05  2.49036857e-02  1.69204452e+09]
[-6.79008779e-05  2.46406539e-02  1.69204452e+09]
[-6.79008779e-05  1.07986026e-02  1.69204452e+09]
[-8.43403688e-05  7.52714391e-03  1.69204452e+09]
[-5.14613870e-05  7.51070442e-03  1.69204452e+09]
[-1.50098332e-04  2.48214882e-02  1.69204452e+09]
[-6.79008779e-05  3.71839853e-02  1.69204452e+09]
[-8.43403688e-05  4.88724632e-02  1.69204452e+09]
[-2.14291431e-06  7.71648264e-02  1.69204452e+09]
[-5.14613870e-05  9.08589219e-02  1.69204452e+09]
[-8.43403688e-05  9.39824251e-02  1.69204452e+09]
[-6.79008779e-05  8.81135270e-02  1.69204452e+09]
[-3.50218961e-05  6.38817181e-02  1.69204452e+09]
[-3.50218961e-05  1.70949276e-02  1.69204452e+09]
[-5.14613870e-05  9.36836689e-03  1.69204452e+09]
[-8.43403688e-05  9.18753249e-03  1.69204452e+09]
[-1.00779860e-04  9.07245605e-03  1.69204452e+09]
[-5.14613870e-05  8.94094013e-03  1.69204452e+09]
[-6.79008779e-05  8.84230318e-03  1.69204452e+09]
[-1.17219351e-04  8.80942420e-03  1.69204452e+09]
[-6.79008779e-05  8.85874267e-03  1.69204452e+09]
[-1.33658842e-04  8.72722675e-03  1.69204452e+09]
[-6.79008779e-05  8.69434776e-03  1.69204452e+09]
[-1.00779860e-04  8.72722675e-03  1.69204452e+09]
[-6.79008779e-05  8.72722675e-03  1.69204452e+09]
[-5.14613870e-05  8.62858980e-03  1.69204452e+09]
[-6.79008779e-05  8.67790827e-03  1.69204452e+09]
[-1.85824052e-05  8.61215031e-03  1.69204452e+09]
[-1.00779860e-04  8.64502929e-03  1.69204452e+09]
[-1.85824052e-05  8.57927133e-03  1.69204452e+09]
[-1.13646779e-03  8.66146878e-03  1.69204452e+09]
[-1.82692641e-03  8.57927133e-03  1.69204452e+09]
[-1.56389455e-03  8.57927133e-03  1.69204452e+09]
[-9.88512369e-04  8.52995285e-03  1.69204452e+09]
[-2.15856296e-04  8.56283184e-03  1.69204452e+09]
[-2.15856296e-04  8.51351336e-03  1.69204452e+09]
[-1.85824052e-05  8.61215031e-03  1.69204452e+09]
[-5.14613870e-05  8.61215031e-03  1.69204452e+09]
[-1.00779860e-04  8.54639235e-03  1.69204452e+09]
[-8.43403688e-05  8.56283184e-03  1.69204452e+09]
[-6.79008779e-05  8.56283184e-03  1.69204452e+09]
[-3.50218961e-05  8.51351336e-03  1.69204452e+09]
[-6.79008779e-05  8.54639235e-03  1.69204452e+09]
[-1.00779860e-04  8.43131591e-03  1.69204452e+09]
[-1.17219351e-04  8.56283184e-03  1.69204452e+09]
[-3.14493242e-04  8.48063438e-03  1.69204452e+09]
[-5.93964587e-04  8.52995285e-03  1.69204452e+09]
[-2.15856296e-04  8.48063438e-03  1.69204452e+09]
[-2.48735278e-04  8.56283184e-03  1.69204452e+09]
[-1.85824052e-05  8.49707387e-03  1.69204452e+09]
[-6.79008779e-05  8.51351336e-03  1.69204452e+09]
[-1.33658842e-04  8.56283184e-03  1.69204452e+09]
[-3.79966532e-03  8.49707387e-03  1.69204452e+09]
[-2.17187105e-02  8.48063438e-03  1.69204452e+09]
[-2.27543984e-02  8.52995285e-03  1.69204452e+09]
[-2.48093348e-02  8.56283184e-03  1.69204452e+09]
[-7.29277254e-02  8.48063438e-03  1.69204452e+09]
[-1.43190112e-01  8.49707387e-03  1.69204452e+09]
[-1.95155345e-01  8.56283184e-03  1.69204452e+09]
[-2.13978563e-01  8.57927133e-03  1.69204452e+09]
[-2.14652582e-01  8.56283184e-03  1.69204452e+09]
[-1.94349810e-01  8.56283184e-03  1.69204452e+09]
[-1.67717833e-01  8.56283184e-03  1.69204452e+09]
[-1.16032072e-01  8.49707387e-03  1.69204452e+09]
[-8.52080254e-02  8.52995285e-03  1.69204452e+09]
[-6.19954637e-02  8.48063438e-03  1.69204452e+09]
[-4.09557615e-03  8.48063438e-03  1.69204452e+09]
[-1.17219351e-04  8.39843693e-03  1.69204452e+09]
[-1.33658842e-04  4.96286797e-02  1.69204452e+09]
[-1.50098332e-04  1.03796801e-01  1.69204452e+09]
[-8.43403688e-05  1.38796475e-01  1.69204452e+09]
[-1.17219351e-04  1.52211099e-01  1.69204452e+09]
[-1.17219351e-04  1.56337411e-01  1.69204452e+09]
[-1.33658842e-04  1.41065125e-01  1.69204452e+09]
[-8.43403688e-05  6.38488391e-02  1.69204452e+09]
[-8.43403688e-05  1.23603542e-02  1.69204452e+09]
[-1.00779860e-04  7.24767257e-03  1.69204452e+09]
[-5.14613870e-05  7.11615664e-03  1.69204452e+09]
[-5.45976927e-02  7.00108020e-03  1.69204452e+09]
[-1.08387708e-01  7.00108020e-03  1.69204452e+09]
[-1.32504442e-01  7.05039868e-03  1.69204452e+09]
[-1.34214149e-01  6.98464071e-03  1.69204452e+09]
[-1.31715347e-01  7.05039868e-03  1.69204452e+09]
[-1.37502048e-01  6.98464071e-03  1.69204452e+09]
[-1.44160042e-01  6.90244326e-03  1.69204452e+09]
[-1.46330055e-01  6.95176173e-03  1.69204452e+09]
[-1.47563016e-01  7.00108020e-03  1.69204452e+09]
[-1.43009277e-01  7.00108020e-03  1.69204452e+09]
[-1.41052978e-01  7.01751970e-03  1.69204452e+09]
[-1.25780690e-01  6.96820122e-03  1.69204452e+09]
[-1.17347231e-01  6.98464071e-03  1.69204452e+09]
[-9.13563951e-02  6.96820122e-03  1.69204452e+09]
[-3.58402333e-02  6.96820122e-03  1.69204452e+09]
[-8.43403688e-05  7.00108020e-03  1.69204452e+09]
[-1.00779860e-04  6.90244326e-03  1.69204452e+09]
[-6.79008779e-05  6.96820122e-03  1.69204452e+09]
[-1.33658842e-04  6.98464071e-03  1.69204452e+09]
[-1.00779860e-04  6.95176173e-03  1.69204452e+09]
[-6.79008779e-05  6.91888275e-03  1.69204452e+09]
[-1.00779860e-04  6.93532224e-03  1.69204452e+09]
[-1.00779860e-04  6.96820122e-03  1.69204452e+09]
[-1.33658842e-04  6.98464071e-03  1.69204452e+09]
[-3.50218961e-05  6.98464071e-03  1.69204452e+09]
[-2.31653857e-02  6.98464071e-03  1.69204452e+09]
[-4.49477114e-02  6.96820122e-03  1.69204452e+09]
[-5.57484571e-02  6.95176173e-03  1.69204452e+09]
[-4.99781957e-02  7.00108020e-03  1.69204452e+09]
[-5.51073169e-02  7.03395919e-03  1.69204452e+09]
[-5.94637821e-02  6.93532224e-03  1.69204452e+09]
[-5.80993043e-02  6.93532224e-03  1.69204452e+09]
[-5.62909603e-02  6.98464071e-03  1.69204452e+09]
[-5.57155781e-02  6.95176173e-03  1.69204452e+09]
[-4.71834822e-02  6.93532224e-03  1.69204452e+09]
[-2.83767043e-02  6.96820122e-03  1.69204452e+09]
[-3.02700924e-03  6.95176173e-03  1.69204452e+09]
[-1.85824052e-05  6.91888275e-03  1.69204452e+09]
[-1.17219351e-04  6.95176173e-03  1.69204452e+09]
[-6.79008779e-05  6.91888275e-03  1.69204452e+09]
[-3.97692717e-02  7.00108020e-03  1.69204452e+09]
[-6.47572982e-02  6.96820122e-03  1.69204452e+09]
[-7.73992670e-02  6.86956428e-03  1.69204452e+09]
[-7.85829104e-02  7.00108020e-03  1.69204452e+09]
[-7.32729547e-02  7.06683817e-03  1.69204452e+09]
[-7.77773753e-02  6.98464071e-03  1.69204452e+09]
[-8.12296685e-02  7.05039868e-03  1.69204452e+09]
[-8.53395413e-02  6.98464071e-03  1.69204452e+09]
[-8.25119488e-02  6.96820122e-03  1.69204452e+09]
[-6.27845593e-02  7.05039868e-03  1.69204452e+09]
[-1.23646401e-02  6.93532224e-03  1.69204452e+09]
[-5.14613870e-05  6.91888275e-03  1.69204452e+09]
[-8.43403688e-05  6.93532224e-03  1.69204452e+09]
[-8.43403688e-05  6.93532224e-03  1.69204452e+09]
[-8.43403688e-05  6.98464071e-03  1.69204452e+09]
[-1.17219351e-04  6.95176173e-03  1.69204452e+09]
[-3.50218961e-05  7.03395919e-03  1.69204452e+09]
[-1.50098332e-04  6.91888275e-03  1.69204452e+09]
[-5.14613870e-05  6.95176173e-03  1.69204452e+09]
[-8.43403688e-05  6.96820122e-03  1.69204452e+09]
[-5.14613870e-05  6.98464071e-03  1.69204452e+09]
[-1.00779860e-04  6.85312479e-03  1.69204452e+09]
[-5.14613870e-05  7.00108020e-03  1.69204452e+09]
[-8.43403688e-05  7.03395919e-03  1.69204452e+09]
[-3.50218961e-05  7.05039868e-03  1.69204452e+09]
[-1.50098332e-04  7.00108020e-03  1.69204452e+09]
[-1.17219351e-04  6.96820122e-03  1.69204452e+09]
[-8.43403688e-05  7.00108020e-03  1.69204452e+09]
[-5.14613870e-05  6.96820122e-03  1.69204452e+09]
[-1.85824052e-05  6.96820122e-03  1.69204452e+09]
[-6.79008779e-05  7.00108020e-03  1.69204452e+09]
[-1.00779860e-04  6.96820122e-03  1.69204452e+09]
[-6.79008779e-05  7.00108020e-03  1.69204452e+09]
