HokinRight_Hand
Dev2/ai0 Dev2/ai1
[-1.03768211e-01  3.10492087e-03  1.69204452e+09]
[-1.28147977e-01  2.61173614e-03  1.69204453e+09]
[-1.61668100e-01  2.28294632e-03  1.69204453e+09]
[-1.76299248e-01  2.08567243e-03  1.69204453e+09]
[-1.83861414e-01  1.97059599e-03  1.69204453e+09]
[-1.89385083e-01  2.06923294e-03  1.69204453e+09]
[-1.81757159e-01  2.06923294e-03  1.69204453e+09]
[-1.79702222e-01  2.01991447e-03  1.69204453e+09]
[-1.57229437e-01  1.53194626e-02  1.69204453e+09]
[-8.54710572e-02  1.03994075e-01  1.69204453e+09]
[-9.68500307e-03  2.06362779e-01  1.69204453e+09]
[-1.33658842e-04  2.21454230e-01  1.69204453e+09]
[-6.79008779e-05  2.19415733e-01  1.69204453e+09]
[-1.66537823e-04  2.13645472e-01  1.69204453e+09]
[-5.14613870e-05  2.08269759e-01  1.69204453e+09]
[-1.00779860e-04  2.04011932e-01  1.69204453e+09]
[-5.14613870e-05  2.03370791e-01  1.69204453e+09]
[-2.14291431e-06  2.01447371e-01  1.69204453e+09]
[-3.50218961e-05  1.99606148e-01  1.69204453e+09]
[-3.50218961e-05  1.95973021e-01  1.69204453e+09]
[-6.79008779e-05  1.95085289e-01  1.69204453e+09]
[-1.85824052e-05  1.92849518e-01  1.69204453e+09]
[-8.43403688e-05  1.90695945e-01  1.69204453e+09]
[-5.14613870e-05  1.88525932e-01  1.69204453e+09]
[-6.79008779e-05  1.86997060e-01  1.69204453e+09]
[-1.33658842e-04  1.84251665e-01  1.69204453e+09]
[-6.79008779e-05  1.76229194e-01  1.69204453e+09]
[-1.85824052e-05  1.61893959e-01  1.69204453e+09]
[-1.00779860e-04  1.15715431e-01  1.69204453e+09]
[-1.85824052e-05  3.91567242e-02  1.69204453e+09]
[-5.14613870e-05  7.31343053e-03  1.69204453e+09]
[-3.50218961e-05  6.82024580e-03  1.69204453e+09]
[-4.51285458e-02  6.67229039e-03  1.69204453e+09]
[-8.85288026e-02  6.80380631e-03  1.69204453e+09]
[-1.05132689e-01  6.86956428e-03  1.69204453e+09]
[-1.12892129e-01  6.85312479e-03  1.69204453e+09]
[-1.07121867e-01  6.96820122e-03  1.69204453e+09]
[-1.02370854e-01  6.91888275e-03  1.69204453e+09]
[-9.82609815e-02  6.95176173e-03  1.69204453e+09]
[-9.40689112e-02  6.90244326e-03  1.69204453e+09]
[-8.66875796e-02  6.90244326e-03  1.69204453e+09]
[-7.69225218e-02  6.95176173e-03  1.69204453e+09]
[-6.26859223e-02  7.01751970e-03  1.69204453e+09]
[-4.67396159e-02  6.96820122e-03  1.69204453e+09]
[-4.30900489e-02  6.95176173e-03  1.69204453e+09]
[-7.52456937e-02  7.01751970e-03  1.69204453e+09]
[-8.94658536e-02  6.90244326e-03  1.69204453e+09]
[-1.06299893e-01  6.95176173e-03  1.69204453e+09]
[-1.10212492e-01  6.93532224e-03  1.69204453e+09]
[-1.19961110e-01  6.98464071e-03  1.69204453e+09]
[-1.22969537e-01  6.95176173e-03  1.69204453e+09]
[-1.33441493e-01  7.03395919e-03  1.69204453e+09]
[-1.48631583e-01  6.90244326e-03  1.69204453e+09]
[-1.56275947e-01  7.06683817e-03  1.69204453e+09]
[-1.54533361e-01  7.01751970e-03  1.69204453e+09]
[-1.33720965e-01  7.03395919e-03  1.69204453e+09]
[-8.21831590e-02  6.91888275e-03  1.69204453e+09]
[-1.92034684e-02  6.95176173e-03  1.69204453e+09]
[-5.14613870e-05  1.23274752e-02  1.69204453e+09]
[-8.43403688e-05  6.54434697e-02  1.69204453e+09]
[-5.14613870e-05  8.36419856e-02  1.69204453e+09]
[-5.14613870e-05  8.55818455e-02  1.69204453e+09]
[-1.33658842e-04  8.40858519e-02  1.69204453e+09]
[-5.14613870e-05  8.54503296e-02  1.69204453e+09]
[-1.17219351e-04  8.39214570e-02  1.69204453e+09]
[-1.00779860e-04  7.55866353e-02  1.69204453e+09]
[1.42965766e-05 5.43139345e-02 1.69204453e+09]
[-1.17219351e-04  1.96923671e-02  1.69204453e+09]
[-5.14613870e-05  8.57927133e-03  1.69204453e+09]
[-1.85824052e-05  8.48063438e-03  1.69204453e+09]
[-1.85824052e-05  8.26692100e-03  1.69204453e+09]
[-6.79008779e-05  8.08608660e-03  1.69204453e+09]
[-1.00779860e-04  8.15184456e-03  1.69204453e+09]
[-8.43403688e-05  8.10252609e-03  1.69204453e+09]
[-5.14613870e-05  8.03676813e-03  1.69204453e+09]
[-1.17219351e-04  7.97101017e-03  1.69204453e+09]
[-6.79008779e-05  7.97101017e-03  1.69204453e+09]
[-6.79008779e-05  7.90525220e-03  1.69204453e+09]
[-5.14613870e-05  7.97101017e-03  1.69204453e+09]
[-6.79008779e-05  7.83949424e-03  1.69204453e+09]
[-8.43403688e-05  7.95457067e-03  1.69204453e+09]
[-5.14613870e-05  7.88881271e-03  1.69204453e+09]
[-8.43403688e-05  7.83949424e-03  1.69204453e+09]
[-4.06076857e-02  9.23685096e-03  1.69204453e+09]
[-7.97007958e-02  8.49707387e-03  1.69204453e+09]
[-1.03028434e-01  7.88881271e-03  1.69204453e+09]
[-1.10672798e-01  7.98744966e-03  1.69204453e+09]
[-1.13023645e-01  7.95457067e-03  1.69204453e+09]
[-1.14914186e-01  7.92169169e-03  1.69204453e+09]
[-1.16180027e-01  7.97101017e-03  1.69204453e+09]
