HokinRight_Hand
Dev2/ai0 Dev2/ai1
[-5.97103744e-02  6.45857701e-03  1.69204453e+09]
[-6.85876997e-02  6.44213751e-03  1.69204453e+09]
[-7.66266109e-02  6.47501650e-03  1.69204453e+09]
[-8.56190127e-02  6.45857701e-03  1.69204453e+09]
[-9.32798156e-02  6.44213751e-03  1.69204453e+09]
[-9.86884083e-02  6.50789548e-03  1.69204453e+09]
[-1.05543676e-01  6.40925853e-03  1.69204453e+09]
[-1.14749791e-01  6.47501650e-03  1.69204453e+09]
[-1.28953512e-01  6.50789548e-03  1.69204453e+09]
[-1.41431086e-01  6.49145599e-03  1.69204453e+09]
[-1.51722208e-01  6.52433497e-03  1.69204453e+09]
[-1.57328074e-01  6.55721395e-03  1.69204453e+09]
[-1.61553024e-01  6.55721395e-03  1.69204453e+09]
[-1.58856947e-01  6.49145599e-03  1.69204453e+09]
[-1.59432329e-01  6.50789548e-03  1.69204453e+09]
[-1.61717419e-01  6.52433497e-03  1.69204453e+09]
[-1.64232661e-01  6.52433497e-03  1.69204453e+09]
[-1.64594330e-01  6.42569802e-03  1.69204453e+09]
[-1.64857362e-01  6.57365344e-03  1.69204453e+09]
[-1.66912298e-01  6.57365344e-03  1.69204453e+09]
[-1.67734273e-01  6.57365344e-03  1.69204453e+09]
[-1.66271158e-01  6.50789548e-03  1.69204453e+09]
[-1.60928323e-01  6.50789548e-03  1.69204453e+09]
[-1.55996476e-01  6.44213751e-03  1.69204453e+09]
[-1.55404654e-01  6.49145599e-03  1.69204453e+09]
[-1.52478424e-01  6.47501650e-03  1.69204453e+09]
[-1.42203742e-01  6.49145599e-03  1.69204453e+09]
[-1.32208531e-01  6.45857701e-03  1.69204453e+09]
[-1.11133103e-01  6.47501650e-03  1.69204453e+09]
[-7.79417702e-02  6.45857701e-03  1.69204453e+09]
[-6.16831134e-02  6.47501650e-03  1.69204453e+09]
[-5.24112403e-02  6.57365344e-03  1.69204453e+09]
[-5.60936864e-02  6.50789548e-03  1.69204453e+09]
[-5.89541578e-02  6.47501650e-03  1.69204453e+09]
[-5.52881513e-02  6.50789548e-03  1.69204453e+09]
[-4.69533293e-02  6.45857701e-03  1.69204453e+09]
[-3.33085517e-02  6.55721395e-03  1.69204453e+09]
[-2.35270545e-02  6.47501650e-03  1.69204453e+09]
[-2.04199907e-02  6.47501650e-03  1.69204453e+09]
[-2.05843856e-02  6.55721395e-03  1.69204453e+09]
[-2.47106978e-02  6.57365344e-03  1.69204453e+09]
[-3.07275516e-02  6.54077446e-03  1.69204453e+09]
[-5.74746036e-02  6.47501650e-03  1.69204453e+09]
[-9.21619302e-02  6.55721395e-03  1.69204453e+09]
[-1.20240582e-01  6.57365344e-03  1.69204453e+09]
[-1.45097093e-01  6.55721395e-03  1.69204453e+09]
[-1.51541373e-01  6.67229039e-03  1.69204453e+09]
[-1.48023322e-01  6.52433497e-03  1.69204453e+09]
[-1.46182099e-01  6.63941141e-03  1.69204453e+09]
[-1.46264297e-01  6.65585090e-03  1.69204453e+09]
[-1.45146411e-01  6.60653242e-03  1.69204453e+09]
[-1.38521296e-01  6.62297191e-03  1.69204453e+09]
[-1.23939467e-01  6.62297191e-03  1.69204453e+09]
[-1.00398115e-01  6.59009293e-03  1.69204453e+09]
[-8.46326432e-02  6.54077446e-03  1.69204453e+09]
[-5.92007502e-02  6.57365344e-03  1.69204453e+09]
[-3.85034308e-02  6.59009293e-03  1.69204453e+09]
[-2.93795133e-02  6.60653242e-03  1.69204453e+09]
[-1.45346529e-02  6.50789548e-03  1.69204453e+09]
[-3.83254430e-03  6.57365344e-03  1.69204453e+09]
[-5.14613870e-05  1.37412715e-02  1.69204453e+09]
[-1.00779860e-04  1.56318129e-02  1.69204453e+09]
[-8.43403688e-05  1.81799340e-02  1.69204453e+09]
[-8.43403688e-05  1.97581251e-02  1.69204453e+09]
[-6.79008779e-05  2.11390423e-02  1.69204453e+09]
[-3.50218961e-05  2.20267748e-02  1.69204453e+09]
[-1.00779860e-04  2.60708896e-02  1.69204453e+09]
[-1.85824052e-05  2.88984820e-02  1.69204453e+09]
[-8.43403688e-05  3.27453228e-02  1.69204453e+09]
[-1.17219351e-04  3.98965013e-02  1.69204453e+09]
[-3.50218961e-05  4.39241765e-02  1.69204453e+09]
[-8.43403688e-05  4.72613931e-02  1.69204453e+09]
[-8.43403688e-05  4.87080682e-02  1.69204453e+09]
[-1.00779860e-04  4.89382211e-02  1.69204453e+09]
[-1.17219351e-04  4.90861765e-02  1.69204453e+09]
[-5.14613870e-05  4.93985269e-02  1.69204453e+09]
[-3.50218961e-05  5.02862593e-02  1.69204453e+09]
[-1.00779860e-04  5.09438390e-02  1.69204453e+09]
[-8.43403688e-05  5.25220301e-02  1.69204453e+09]
[-6.79008779e-05  5.30480938e-02  1.69204453e+09]
[-8.43403688e-05  5.13219473e-02  1.69204454e+09]
[-1.00779860e-04  4.96779982e-02  1.69204454e+09]
[-6.79008779e-05  4.91848135e-02  1.69204454e+09]
[-1.17219351e-04  4.85601128e-02  1.69204454e+09]
[-1.00779860e-04  4.85765523e-02  1.69204454e+09]
[-1.50098332e-04  4.74751065e-02  1.69204454e+09]
[-1.17219351e-04  4.75573039e-02  1.69204454e+09]
[-8.43403688e-05  4.80998071e-02  1.69204454e+09]
[-1.33658842e-04  4.81984440e-02  1.69204454e+09]
[-1.33658842e-04  4.74751065e-02  1.69204454e+09]
[-6.79008779e-05  4.54366096e-02  1.69204454e+09]
[-3.50218961e-05  4.35625077e-02  1.69204454e+09]
[-5.14613870e-05  3.66743611e-02  1.69204454e+09]
[-1.00779860e-04  3.16931954e-02  1.69204454e+09]
[-3.50218961e-05  3.04766731e-02  1.69204454e+09]
[-1.00779860e-04  3.23014565e-02  1.69204454e+09]
[-6.79008779e-05  3.13150871e-02  1.69204454e+09]
[-1.17219351e-04  2.23884436e-02  1.69204454e+09]
[-8.43403688e-05  8.28336049e-03  1.69204454e+09]
[-8.43403688e-05  5.68592093e-03  1.69204454e+09]
[-1.17219351e-04  5.65304195e-03  1.69204454e+09]
[-1.50098332e-04  5.57084450e-03  1.69204454e+09]
[-2.16365130e-02  5.52152603e-03  1.69204454e+09]
[-3.65306919e-02  5.47220755e-03  1.69204454e+09]
[-4.71341637e-02  5.45576806e-03  1.69204454e+09]
[-5.84774126e-02  5.40644959e-03  1.69204454e+09]
[-6.69601901e-02  5.45576806e-03  1.69204454e+09]
[-6.96233876e-02  5.52152603e-03  1.69204454e+09]
[-7.26646935e-02  5.50508653e-03  1.69204454e+09]
[-7.13824132e-02  5.55440501e-03  1.69204454e+09]
[-6.22091771e-02  5.45576806e-03  1.69204454e+09]
