HokinRight_Hand
Dev2/ai0 Dev2/ai1
[-1.41529723e-01  5.45576806e-03  1.69204454e+09]
[-1.48960373e-01  5.34069163e-03  1.69204454e+09]
[-1.57426711e-01  5.45576806e-03  1.69204454e+09]
[-1.60533775e-01  5.39001010e-03  1.69204454e+09]
[-1.57196558e-01  5.43932857e-03  1.69204454e+09]
[-1.49486437e-01  5.47220755e-03  1.69204454e+09]
[-1.50111138e-01  5.45576806e-03  1.69204454e+09]
[-1.61142036e-01  5.30781264e-03  1.69204454e+09]
[-1.80474879e-01  5.39001010e-03  1.69204454e+09]
[-2.03868275e-01  5.39001010e-03  1.69204454e+09]
[-2.12482569e-01  5.45576806e-03  1.69204454e+09]
[-2.07484963e-01  5.42288908e-03  1.69204454e+09]
[-1.90913956e-01  5.45576806e-03  1.69204454e+09]
[-1.71071489e-01  5.37357061e-03  1.69204454e+09]
[-1.58462399e-01  5.40644959e-03  1.69204454e+09]
[-1.49469997e-01  5.40644959e-03  1.69204454e+09]
[-1.41726997e-01  5.39001010e-03  1.69204454e+09]
[-1.33540130e-01  5.37357061e-03  1.69204454e+09]
[-1.23216129e-01  5.42288908e-03  1.69204454e+09]
[-1.13812740e-01  5.45576806e-03  1.69204454e+09]
[-1.03340784e-01  5.53796552e-03  1.69204454e+09]
[-8.97453250e-02  5.42288908e-03  1.69204454e+09]
[-6.08775783e-02  5.43932857e-03  1.69204454e+09]
[-2.58285832e-02  5.37357061e-03  1.69204454e+09]
[-1.00959903e-02  5.48864704e-03  1.69204454e+09]
[-1.82692641e-03  5.40644959e-03  1.69204454e+09]
[-9.60280562e-03  5.40644959e-03  1.69204454e+09]
[-2.90836025e-02  5.48864704e-03  1.69204454e+09]
[-4.52765012e-02  5.47220755e-03  1.69204454e+09]
[-4.87123548e-02  5.48864704e-03  1.69204454e+09]
[-7.15468081e-02  5.43932857e-03  1.69204454e+09]
[-1.34658016e-01  5.45576806e-03  1.69204454e+09]
[-1.73685369e-01  5.43932857e-03  1.69204454e+09]
[-1.88267198e-01  5.47220755e-03  1.69204454e+09]
[-1.81625643e-01  5.52152603e-03  1.69204454e+09]
[-1.47875367e-01  5.42288908e-03  1.69204454e+09]
[-1.05560116e-01  5.45576806e-03  1.69204454e+09]
[-9.23098856e-02  5.47220755e-03  1.69204454e+09]
[-9.35428475e-02  5.45576806e-03  1.69204454e+09]
[-9.60745291e-02  5.42288908e-03  1.69204454e+09]
[-6.60724575e-02  5.39001010e-03  1.69204454e+09]
[-3.55307295e-03  5.32425214e-03  1.69204454e+09]
[-1.85824052e-05  5.42288908e-03  1.69204454e+09]
[-1.17219351e-04  5.43932857e-03  1.69204454e+09]
[-1.33658842e-04  5.47220755e-03  1.69204454e+09]
[-5.14613870e-05  5.40644959e-03  1.69204454e+09]
[-6.79008779e-05  5.50508653e-03  1.69204454e+09]
[-1.85824052e-05  5.47220755e-03  1.69204454e+09]
[-1.00779860e-04  5.47220755e-03  1.69204454e+09]
[-8.43403688e-05  5.47220755e-03  1.69204454e+09]
[-8.43403688e-05  5.43932857e-03  1.69204454e+09]
[-8.43403688e-05  5.50508653e-03  1.69204454e+09]
[-5.14613870e-05  5.48864704e-03  1.69204454e+09]
[-2.14291430e-06  5.53796552e-03  1.69204454e+09]
[-5.14613870e-05  5.43932857e-03  1.69204454e+09]
[-1.50098332e-04  5.52152603e-03  1.69204454e+09]
[-3.50218961e-05  5.55440501e-03  1.69204454e+09]
[-1.00779860e-04  5.47220755e-03  1.69204454e+09]
[-1.00779860e-04  5.52152603e-03  1.69204454e+09]
[-1.33658842e-04  5.47220755e-03  1.69204454e+09]
[-3.18618765e-02  5.40644959e-03  1.69204454e+09]
[-9.10111658e-02  5.55440501e-03  1.69204454e+09]
[-1.22016047e-01  5.43932857e-03  1.69204454e+09]
[-1.28690480e-01  5.39001010e-03  1.69204454e+09]
[-1.15473129e-01  5.40644959e-03  1.69204454e+09]
[-8.01446621e-02  5.37357061e-03  1.69204454e+09]
[-2.96589846e-02  5.40644959e-03  1.69204454e+09]
[-1.41593913e-03  5.40644959e-03  1.69204454e+09]
[-1.00779860e-04  5.37357061e-03  1.69204454e+09]
[-5.14613870e-05  4.46146351e-02  1.69204454e+09]
[-6.79008779e-05  1.05901056e-01  1.69204454e+09]
[-1.85824052e-05  1.40128074e-01  1.69204454e+09]
[-6.79008779e-05  1.54331793e-01  1.69204454e+09]
[-5.14613870e-05  1.63965335e-01  1.69204454e+09]
[-3.50218961e-05  1.75094869e-01  1.69204454e+09]
[-6.79008779e-05  1.77708748e-01  1.69204454e+09]
[-8.43403688e-05  1.75111309e-01  1.69204454e+09]
[-8.43403688e-05  1.69423245e-01  1.69204454e+09]
[-1.00779860e-04  1.64672233e-01  1.69204454e+09]
[-3.50218961e-05  1.62600857e-01  1.69204454e+09]
[-5.14613870e-05  1.61943277e-01  1.69204454e+09]
[-1.17219351e-04  1.63094042e-01  1.69204454e+09]
[-1.33658842e-04  1.65165417e-01  1.69204454e+09]
[-8.43403688e-05  1.68190283e-01  1.69204454e+09]
[-6.79008779e-05  1.67039519e-01  1.69204454e+09]
[-1.00779860e-04  1.60397965e-01  1.69204454e+09]
[-1.17219351e-04  1.33749552e-01  1.69204454e+09]
[-6.79008779e-05  1.00410266e-01  1.69204454e+09]
[-1.33658842e-04  6.99972085e-02  1.69204454e+09]
[-5.14613870e-05  3.63455713e-02  1.69204454e+09]
[-1.33658842e-04  8.15184456e-03  1.69204454e+09]
[-2.14291431e-06  7.46138595e-03  1.69204454e+09]
[-6.79008779e-05  7.41206748e-03  1.69204454e+09]
[-2.83438254e-02  7.32987002e-03  1.69204454e+09]
[-7.19742349e-02  7.39562799e-03  1.69204454e+09]
[-1.17018441e-01  7.39562799e-03  1.69204454e+09]
[-1.38652812e-01  7.34630951e-03  1.69204454e+09]
[-1.48993252e-01  7.32987002e-03  1.69204454e+09]
[-1.45425882e-01  7.36274900e-03  1.69204454e+09]
[-1.40543354e-01  7.36274900e-03  1.69204454e+09]
[-1.33474372e-01  7.31343053e-03  1.69204454e+09]
[-1.28180856e-01  7.36274900e-03  1.69204454e+09]
[-1.19024059e-01  7.37918849e-03  1.69204454e+09]
[-1.07384899e-01  7.34630951e-03  1.69204454e+09]
[-9.94939434e-02  7.37918849e-03  1.69204454e+09]
[-9.36908029e-02  7.32987002e-03  1.69204454e+09]
[-8.97453250e-02  7.31343053e-03  1.69204454e+09]
[-8.71643248e-02  7.29699104e-03  1.69204454e+09]
[-8.58820445e-02  7.28055155e-03  1.69204454e+09]
[-8.66382611e-02  7.34630951e-03  1.69204454e+09]
[-8.64738662e-02  7.31343053e-03  1.69204454e+09]
[-8.19530061e-02  7.29699104e-03  1.69204454e+09]
[-6.83575468e-02  7.34630951e-03  1.69204454e+09]
[-3.53963670e-02  7.28055155e-03  1.69204454e+09]
[-4.67095834e-03  7.28055155e-03  1.69204454e+09]
[-1.00779860e-04  7.28055155e-03  1.69204454e+09]
[-1.17219351e-04  2.92437113e-02  1.69204454e+09]
[-1.85824052e-05  7.43536735e-02  1.69204454e+09]
[-6.79008779e-05  1.06624393e-01  1.69204454e+09]
[-1.00779860e-04  1.11917909e-01  1.69204454e+09]
[-6.79008779e-05  1.07002501e-01  1.69204454e+09]
[-1.17219351e-04  1.01988457e-01  1.69204454e+09]
[-1.17219351e-04  9.70237308e-02  1.69204454e+09]
[-8.43403688e-05  8.78833742e-02  1.69204454e+09]
[-8.43403688e-05  7.92690812e-02  1.69204454e+09]
[-1.85824052e-05  6.64955971e-02  1.69204454e+09]
[-6.79008779e-05  4.78532147e-02  1.69204454e+09]
[-1.17219351e-04  2.36542844e-02  1.69204454e+09]
[-3.50218961e-05  7.93813118e-03  1.69204454e+09]
[-5.14613870e-05  7.54358340e-03  1.69204454e+09]
[-1.00779860e-04  7.36274900e-03  1.69204454e+09]
[-3.50218961e-05  7.29699104e-03  1.69204454e+09]
[-1.00779860e-04  7.24767257e-03  1.69204454e+09]
[-6.79008779e-05  7.18191460e-03  1.69204454e+09]
[-1.50098332e-04  7.13259613e-03  1.69204454e+09]
[-1.17219351e-04  7.19835409e-03  1.69204454e+09]
[-1.17219351e-04  7.14903562e-03  1.69204454e+09]
[-5.14613870e-05  7.16547511e-03  1.69204454e+09]
[-8.43403688e-05  7.13259613e-03  1.69204455e+09]
[-2.14291431e-06  7.06683817e-03  1.69204455e+09]
[-6.79008779e-05  7.11615664e-03  1.69204455e+09]
[-1.00779860e-04  8.11896558e-03  1.69204455e+09]
[-6.79008779e-05  5.57084450e-03  1.69204455e+09]
[-1.00779860e-04  7.18191460e-03  1.69204455e+09]
[-1.17219351e-04  7.56002289e-03  1.69204455e+09]
[1.42965766e-05 4.69955148e-03 1.69204455e+09]
