HokinRight_Hand
Dev2/ai0 Dev2/ai1
[-2.57792648e-02  6.82024580e-03  1.69204455e+09]
[-3.25194561e-02  6.85312479e-03  1.69204455e+09]
[-5.50579984e-02  6.86956428e-03  1.69204455e+09]
[-7.66101714e-02  6.50789548e-03  1.69204455e+09]
[-9.81294656e-02  6.08046872e-03  1.69204455e+09]
[-1.25895767e-01  6.04758973e-03  1.69204455e+09]
[-1.49239845e-01  5.53796552e-03  1.69204455e+09]
[-1.62588712e-01  5.24205468e-03  1.69204455e+09]
[-1.70693381e-01  4.86394639e-03  1.69204455e+09]
[-1.76825311e-01  4.94614384e-03  1.69204455e+09]
[-1.83910732e-01  5.01190181e-03  1.69204455e+09]
[-1.91900325e-01  5.15985723e-03  1.69204455e+09]
[-1.93692230e-01  5.19273621e-03  1.69204455e+09]
[-2.02059931e-01  4.88038588e-03  1.69204455e+09]
[-2.06662989e-01  4.83106741e-03  1.69204455e+09]
[-2.09572779e-01  4.43651963e-03  1.69204455e+09]
[-2.08158983e-01  4.28856421e-03  1.69204455e+09]
[-2.00531058e-01  4.35432217e-03  1.69204455e+09]
[-1.82184586e-01  4.38720115e-03  1.69204455e+09]
[-1.38882965e-01  4.28856421e-03  1.69204455e+09]
[-9.63540005e-02  4.40364065e-03  1.69204455e+09]
[-8.59642420e-02  4.35432217e-03  1.69204455e+09]
[-9.11098028e-02  4.37076166e-03  1.69204455e+09]
[-9.47922488e-02  4.40364065e-03  1.69204455e+09]
[-8.16242163e-02  4.42008014e-03  1.69204455e+09]
[-3.76814563e-02  4.38720115e-03  1.69204455e+09]
[-4.62448660e-04  4.38720115e-03  1.69204455e+09]
[-5.14613870e-05  4.40364065e-03  1.69204455e+09]
[-1.00779860e-04  4.46939861e-03  1.69204455e+09]
[-1.00779860e-04  4.42008014e-03  1.69204455e+09]
[-6.79008779e-05  4.42008014e-03  1.69204455e+09]
[-3.54785645e-02  4.43651963e-03  1.69204455e+09]
[-1.10327568e-01  4.46939861e-03  1.69204455e+09]
[-1.84469675e-01  4.45295912e-03  1.69204455e+09]
[-2.26949322e-01  4.40364065e-03  1.69204455e+09]
[-2.64595758e-01  4.46939861e-03  1.69204455e+09]
[-2.82202454e-01  4.50227759e-03  1.69204455e+09]
[-2.83238142e-01  4.48583810e-03  1.69204455e+09]
[-2.82268212e-01  4.45295912e-03  1.69204455e+09]
[-2.72815504e-01  4.60091454e-03  1.69204455e+09]
[-2.56096541e-01  4.55159606e-03  1.69204455e+09]
[-2.37519915e-01  4.50227759e-03  1.69204455e+09]
[-2.21080423e-01  4.55159606e-03  1.69204455e+09]
[-1.95533453e-01  4.53515657e-03  1.69204455e+09]
[-1.64857362e-01  4.48583810e-03  1.69204455e+09]
[-1.61109157e-01  3.00985648e-02  1.69204455e+09]
[-1.73964840e-01  7.10822149e-02  1.69204455e+09]
[-1.87198631e-01  1.50600029e-01  1.69204455e+09]
[-2.11594836e-01  2.33422178e-01  1.69204455e+09]
[-2.54107362e-01  3.04243497e-01  1.69204455e+09]
[-3.05875322e-01  3.42087200e-01  1.69204455e+09]
[-3.45889046e-01  3.55567580e-01  1.69204455e+09]
[-3.66389092e-01  3.57145771e-01  1.69204455e+09]
[-3.77173399e-01  3.51589224e-01  1.69204455e+09]
[-3.78340603e-01  3.47199881e-01  1.69204455e+09]
[-3.71403137e-01  3.46558741e-01  1.69204455e+09]
[-3.68213876e-01  3.42514626e-01  1.69204455e+09]
[-3.67342583e-01  3.38733544e-01  1.69204455e+09]
[-3.65189009e-01  3.38075965e-01  1.69204455e+09]
[-3.58547455e-01  3.38717105e-01  1.69204455e+09]
[-3.51462034e-01  3.41889926e-01  1.69204455e+09]
[-3.41203791e-01  3.41166588e-01  1.69204455e+09]
[-3.29942738e-01  3.39210289e-01  1.69204455e+09]
[-3.24501267e-01  3.35889513e-01  1.69204455e+09]
[-3.16544553e-01  3.33867455e-01  1.69204455e+09]
[-3.05990399e-01  3.30661755e-01  1.69204455e+09]
[-2.94860863e-01  3.21833750e-01  1.69204455e+09]
[-2.88449461e-01  3.11065885e-01  1.69204455e+09]
[-2.84832773e-01  3.04506529e-01  1.69204455e+09]
[-2.82021619e-01  3.03125612e-01  1.69204455e+09]
[-2.79605014e-01  2.96862167e-01  1.69204455e+09]
[-2.73834752e-01  2.88297193e-01  1.69204455e+09]
[-2.71862013e-01  2.83858531e-01  1.69204455e+09]
[-2.64793032e-01  2.80800786e-01  1.69204455e+09]
[-2.62655898e-01  2.79830856e-01  1.69204455e+09]
[-2.59154286e-01  2.72778315e-01  1.69204455e+09]
[-2.57822687e-01  2.64936679e-01  1.69204455e+09]
[-2.55027974e-01  2.63374928e-01  1.69204455e+09]
[-2.54436152e-01  2.62700908e-01  1.69204455e+09]
[-2.51789394e-01  2.57275877e-01  1.69204455e+09]
[-2.50211203e-01  2.55483973e-01  1.69204455e+09]
[-2.51789394e-01  2.55023667e-01  1.69204455e+09]
[-2.52479853e-01  2.54925030e-01  1.69204455e+09]
[-2.48797406e-01  2.53133126e-01  1.69204455e+09]
[-2.47021941e-01  2.45981948e-01  1.69204455e+09]
[-2.46397241e-01  2.43943451e-01  1.69204455e+09]
[-2.44079272e-01  2.42792687e-01  1.69204455e+09]
[-2.40068036e-01  2.39323955e-01  1.69204455e+09]
[-2.35645813e-01  2.33208465e-01  1.69204455e+09]
[-2.30122144e-01  2.26073726e-01  1.69204455e+09]
[-2.28954940e-01  2.24429777e-01  1.69204455e+09]
[-2.20439283e-01  2.24364020e-01  1.69204455e+09]
[-2.16312971e-01  2.24248943e-01  1.69204455e+09]
[-2.08685046e-01  2.25646300e-01  1.69204455e+09]
[-2.05824575e-01  2.26402516e-01  1.69204455e+09]
[-2.02651753e-01  2.28309497e-01  1.69204455e+09]
[-1.99659765e-01  2.29230108e-01  1.69204455e+09]
[-1.95730727e-01  2.28835561e-01  1.69204455e+09]
[-1.92968892e-01  2.27898510e-01  1.69204455e+09]
[-1.95960880e-01  2.26254561e-01  1.69204455e+09]
[-1.95566332e-01  2.24709249e-01  1.69204455e+09]
[-1.94399128e-01  2.21470669e-01  1.69204455e+09]
[-1.91538657e-01  2.12231676e-01  1.69204455e+09]
[-1.89450841e-01  2.04373600e-01  1.69204455e+09]
[-1.85423166e-01  2.00362365e-01  1.69204455e+09]
[-1.70792018e-01  1.86191525e-01  1.69204455e+09]
[-1.53662068e-01  1.81193920e-01  1.69204455e+09]
