HokinRight_Hand
Dev2/ai0 Dev2/ai1
[-1.85824052e-05  8.31623947e-03  1.69204457e+09]
[-5.14613870e-05  8.03676813e-03  1.69204457e+09]
[-1.17219351e-04  8.05320762e-03  1.69204457e+09]
[-1.33658842e-04  7.92169169e-03  1.69204457e+09]
[-1.99416805e-04  7.93813118e-03  1.69204457e+09]
[-2.35299011e-03  7.85593373e-03  1.69204457e+09]
[-1.99416805e-04  7.77373627e-03  1.69204457e+09]
[-1.00495186e-03  7.92169169e-03  1.69204457e+09]
[-3.14493242e-04  7.79017577e-03  1.69204457e+09]
[-1.50098332e-04  7.80661526e-03  1.69204457e+09]
[-1.66537823e-04  7.85593373e-03  1.69204457e+09]
[-1.00779860e-04  7.79017577e-03  1.69204457e+09]
[-1.00779860e-04  7.83949424e-03  1.69204457e+09]
