HokinRight_Hand
Dev2/ai0 Dev2/ai1
[-6.79008779e-05  6.31090620e-02  1.69204457e+09]
[-1.66537823e-04  2.12691982e-01  1.69204457e+09]
[-1.17219351e-04  3.17411527e-01  1.69204457e+09]
[-1.17219351e-04  3.57589637e-01  1.69204457e+09]
[-8.43403688e-05  3.57836229e-01  1.69204457e+09]
[-6.79008779e-05  3.48038294e-01  1.69204457e+09]
[-8.43403688e-05  3.39144531e-01  1.69204457e+09]
[-2.14291431e-06  3.37089595e-01  1.69204457e+09]
[-1.00779860e-04  3.66483400e-01  1.69204457e+09]
[-8.43403688e-05  3.57770472e-01  1.69204457e+09]
[-1.00779860e-04  3.34212685e-01  1.69204457e+09]
[-8.43403688e-05  1.67023080e-01  1.69204457e+09]
[-1.17219351e-04  2.82080233e-02  1.69204457e+09]
[-6.79008779e-05  9.03957707e-03  1.69204457e+09]
[-2.44805450e-02  8.99025860e-03  1.69204457e+09]
[-8.04076939e-02  9.05601656e-03  1.69204457e+09]
[-1.41661239e-01  8.90806114e-03  1.69204457e+09]
[-1.97407555e-01  8.90806114e-03  1.69204457e+09]
[-2.48896043e-01  8.90806114e-03  1.69204457e+09]
[-2.78404931e-01  8.90806114e-03  1.69204457e+09]
[-2.89254996e-01  8.79298471e-03  1.69204457e+09]
[-2.87101422e-01  8.89162165e-03  1.69204457e+09]
[-2.83665569e-01  8.89162165e-03  1.69204457e+09]
[-2.89271435e-01  8.84230318e-03  1.69204457e+09]
[-2.85753384e-01  8.82586369e-03  1.69204457e+09]
[-2.69626243e-01  8.79298471e-03  1.69204457e+09]
[-2.40495463e-01  8.89162165e-03  1.69204457e+09]
[-1.71203005e-01  8.90806114e-03  1.69204457e+09]
[-1.27473958e-01  8.85874267e-03  1.69204457e+09]
[-1.11149543e-01  8.80942420e-03  1.69204457e+09]
[-1.13599027e-01  8.80942420e-03  1.69204457e+09]
[-1.20980359e-01  8.87518216e-03  1.69204457e+09]
[-1.23101053e-01  8.77654522e-03  1.69204457e+09]
[-1.24038104e-01  8.82586369e-03  1.69204457e+09]
[-1.21095435e-01  8.79298471e-03  1.69204457e+09]
[-1.11971517e-01  8.76010573e-03  1.69204457e+09]
[-9.84418159e-02  8.61215031e-03  1.69204457e+09]
[-7.99309487e-02  8.77654522e-03  1.69204457e+09]
[-5.28057881e-02  8.79298471e-03  1.69204457e+09]
[-2.37243284e-02  8.84230318e-03  1.69204457e+09]
[-5.14613870e-05  8.77654522e-03  1.69204457e+09]
[-3.50218961e-05  1.45961250e-02  1.69204457e+09]
[-1.33658842e-04  7.88087754e-02  1.69204457e+09]
[-1.00779860e-04  1.30346577e-01  1.69204457e+09]
[-5.14613870e-05  1.63833819e-01  1.69204457e+09]
[-6.79008779e-05  1.82278926e-01  1.69204457e+09]
[-1.00779860e-04  1.85632582e-01  1.69204457e+09]
[-5.14613870e-05  1.85287353e-01  1.69204457e+09]
[-6.79008779e-05  1.80667856e-01  1.69204457e+09]
[-8.43403688e-05  1.74059181e-01  1.69204457e+09]
[-5.14613870e-05  1.69571201e-01  1.69204457e+09]
[-1.85824052e-05  1.70376736e-01  1.69204457e+09]
[3.07360675e-05 1.72415232e-01 1.69204457e+09]
[1.42965766e-05 1.72744022e-01 1.69204457e+09]
[-1.50098332e-04  1.66727169e-01  1.69204457e+09]
[-8.43403688e-05  1.52934437e-01  1.69204457e+09]
[-6.79008779e-05  1.39421176e-01  1.69204457e+09]
[-1.82977314e-04  1.39503373e-01  1.69204457e+09]
[-4.70383732e-03  1.43498170e-01  1.69204457e+09]
[-1.24468376e-02  1.45224316e-01  1.69204457e+09]
[-1.32194936e-02  1.43777641e-01  1.69204457e+09]
[-1.17070605e-02  1.36708660e-01  1.69204457e+09]
[-6.06831506e-03  8.93464888e-02  1.69204457e+09]
[-8.43403688e-05  2.43611825e-02  1.69204457e+09]
[-6.79008779e-05  1.25083096e-02  1.69204457e+09]
[-8.43403688e-05  1.13082268e-02  1.69204457e+09]
[-5.14613870e-05  1.11931504e-02  1.69204457e+09]
[-2.36256914e-02  1.10451950e-02  1.69204457e+09]
[-4.64601446e-02  1.09629975e-02  1.69204457e+09]
[-3.73855455e-02  1.09301185e-02  1.69204457e+09]
[-1.33674491e-02  1.07986026e-02  1.69204458e+09]
[-5.28206623e-04  1.07164051e-02  1.69204458e+09]
[-1.28442321e-03  5.34755205e-02  1.69204458e+09]
[-1.50098332e-04  1.06986062e-01  1.69204458e+09]
[-1.77760793e-03  1.36297673e-01  1.69204458e+09]
[-2.07351877e-03  1.36527826e-01  1.69204458e+09]
[-1.44881811e-03  1.30987718e-01  1.69204458e+09]
[-1.08714931e-03  1.15945584e-01  1.69204458e+09]
[-1.00779860e-04  6.51311193e-02  1.69204458e+09]
[-3.50218961e-05  1.14068638e-02  1.69204458e+09]
[-1.85824052e-05  1.12260294e-02  1.69204458e+09]
[-1.00779860e-04  1.12095899e-02  1.69204458e+09]
[-3.50218961e-05  1.11602714e-02  1.69204458e+09]
[-3.50218961e-05  1.11767109e-02  1.69204458e+09]
[-3.50218961e-05  1.10780739e-02  1.69204458e+09]
[-1.17219351e-04  1.10945134e-02  1.69204458e+09]
[-5.14613870e-05  1.11109529e-02  1.69204458e+09]
[-8.43403688e-05  3.99293802e-02  1.69204458e+09]
[-5.14613870e-05  1.01856941e-01  1.69204458e+09]
[-1.50098332e-04  1.43037864e-01  1.69204458e+09]
[-8.43403688e-05  1.66414819e-01  1.69204458e+09]
[-1.82977314e-04  1.78974589e-01  1.69204458e+09]
[-1.33658842e-04  1.84892805e-01  1.69204458e+09]
[-1.17219351e-04  1.78399207e-01  1.69204458e+09]
[-8.43403688e-05  1.56814156e-01  1.69204458e+09]
[-6.79008779e-05  1.18444387e-01  1.69204458e+09]
[-8.43403688e-05  1.11786393e-01  1.69204458e+09]
[-3.50218961e-05  1.19430756e-01  1.69204458e+09]
[-5.14613870e-05  1.21584329e-01  1.69204458e+09]
[-1.85824052e-05  1.06755909e-01  1.69204458e+09]
[-2.14291431e-06  2.62188450e-02  1.69204458e+09]
[-8.43403688e-05  8.72722675e-03  1.69204458e+09]
[-5.14613870e-05  8.64502929e-03  1.69204458e+09]
[-6.79008779e-05  8.66146878e-03  1.69204458e+09]
[-8.43403688e-05  8.71078725e-03  1.69204458e+09]
[-6.79008779e-05  8.62858980e-03  1.69204458e+09]
[-1.42880606e-02  8.62858980e-03  1.69204458e+09]
[-7.34209101e-02  8.57927133e-03  1.69204458e+09]
[-9.81459051e-02  8.51351336e-03  1.69204458e+09]
[-1.02880479e-01  8.57927133e-03  1.69204458e+09]
[-9.35428475e-02  8.59571082e-03  1.69204458e+09]
[-7.42593242e-02  8.54639235e-03  1.69204458e+09]
[-3.52977301e-02  8.56283184e-03  1.69204458e+09]
[-8.43403688e-05  8.56283184e-03  1.69204458e+09]
[-1.50098332e-04  8.59571082e-03  1.69204458e+09]
[-5.14613870e-05  3.90416477e-02  1.69204458e+09]
[-1.99416805e-04  8.25405398e-02  1.69204458e+09]
[-3.50218961e-05  9.42783359e-02  1.69204458e+09]
[-6.79008779e-05  9.92266225e-02  1.69204458e+09]
[-1.00779860e-04  1.03468011e-01  1.69204458e+09]
[-1.00779860e-04  9.99170811e-02  1.69204458e+09]
[-6.79008779e-05  8.96917181e-02  1.69204458e+09]
[-5.14613870e-05  8.06171194e-02  1.69204458e+09]
[-2.14291431e-06  4.43680427e-02  1.69204458e+09]
[-4.26790616e-02  1.14068638e-02  1.69204458e+09]
[-9.31976182e-02  1.08643606e-02  1.69204458e+09]
[-1.29528894e-01  1.07492841e-02  1.69204458e+09]
[-1.44406634e-01  1.05684497e-02  1.69204458e+09]
[-1.51294781e-01  1.05026918e-02  1.69204458e+09]
[-1.49009692e-01  1.04862523e-02  1.69204458e+09]
[-1.44801182e-01  1.05520102e-02  1.69204458e+09]
[-1.46346494e-01  1.04698128e-02  1.69204458e+09]
[-1.47858927e-01  1.05026918e-02  1.69204458e+09]
[-1.45803991e-01  1.04204943e-02  1.69204458e+09]
[-1.44127163e-01  1.04533733e-02  1.69204458e+09]
[-1.42894201e-01  1.03711758e-02  1.69204458e+09]
[-1.40707748e-01  1.03547363e-02  1.69204458e+09]
[-1.41151615e-01  1.03054179e-02  1.69204458e+09]
[-1.43650417e-01  1.03218574e-02  1.69204458e+09]
[-1.43272309e-01  1.03054179e-02  1.69204458e+09]
[-1.41283131e-01  1.03382968e-02  1.69204458e+09]
[-1.38504857e-01  1.03547363e-02  1.69204458e+09]
[-1.33211340e-01  1.02560994e-02  1.69204458e+09]
[-1.28082219e-01  1.03054179e-02  1.69204458e+09]
[-1.21029677e-01  1.02560994e-02  1.69204458e+09]
[-1.14092212e-01  1.03054179e-02  1.69204458e+09]
[-1.10672798e-01  1.02560994e-02  1.69204458e+09]
[-1.05839587e-01  1.02725389e-02  1.69204458e+09]
[-9.11591212e-02  1.03382968e-02  1.69204458e+09]
[-6.05487885e-02  1.02232204e-02  1.69204458e+09]
[-2.49901692e-02  1.02232204e-02  1.69204458e+09]
[-1.00779860e-04  1.02889784e-02  1.69204458e+09]
[-1.00779860e-04  1.03054179e-02  1.69204458e+09]
[-1.00779860e-04  1.03054179e-02  1.69204458e+09]
[-1.00779860e-04  2.09253289e-02  1.69204458e+09]
[-3.50218961e-05  3.04273546e-02  1.69204458e+09]
[-1.00779860e-04  4.75408644e-02  1.69204458e+09]
[-1.00779860e-04  6.45228582e-02  1.69204458e+09]
[-1.00779860e-04  7.84471066e-02  1.69204458e+09]
[-8.43403688e-05  7.88909729e-02  1.69204458e+09]
[-2.14291431e-06  6.89779601e-02  1.69204458e+09]
[-8.43403688e-05  4.25761382e-02  1.69204458e+09]
[1.42965766e-05 1.12424688e-02 1.69204458e+09]
[-8.43403688e-05  9.46700383e-03  1.69204458e+09]
[-1.00779860e-04  9.38480638e-03  1.69204458e+09]
[-6.79008779e-05  9.26972994e-03  1.69204458e+09]
[-6.79008779e-05  9.17109300e-03  1.69204458e+09]
[-1.17219351e-04  9.28616943e-03  1.69204458e+09]
[-5.14613870e-05  9.28616943e-03  1.69204458e+09]
[-8.43403688e-05  9.30260893e-03  1.69204458e+09]
[-5.14613870e-05  9.22041147e-03  1.69204458e+09]
[-1.00779860e-04  9.23685096e-03  1.69204458e+09]
[-1.33658842e-04  9.10533503e-03  1.69204458e+09]
[-6.79008779e-05  9.13821402e-03  1.69204458e+09]
[-6.79008779e-05  9.15465351e-03  1.69204458e+09]
[-2.14291431e-06  9.18753249e-03  1.69204458e+09]
[-1.33658842e-04  9.12177453e-03  1.69204458e+09]
[-1.00779860e-04  9.17109300e-03  1.69204458e+09]
[-1.17219351e-04  9.02313758e-03  1.69204458e+09]
[-1.00779860e-04  9.12177453e-03  1.69204458e+09]
[-6.79008779e-05  9.12177453e-03  1.69204458e+09]
[-3.50218961e-05  9.10533503e-03  1.69204458e+09]
[-5.14613870e-05  9.10533503e-03  1.69204458e+09]
[-1.00779860e-04  9.05601656e-03  1.69204458e+09]
[-3.50218961e-05  3.71346668e-02  1.69204458e+09]
[-1.00779860e-04  7.38604888e-02  1.69204458e+09]
[-1.00779860e-04  8.74559474e-02  1.69204458e+09]
[-1.00779860e-04  8.04198455e-02  1.69204458e+09]
[-1.33658842e-04  5.58263677e-02  1.69204458e+09]
[-1.17219351e-04  2.60873290e-02  1.69204458e+09]
[-6.79008779e-05  2.04485837e-02  1.69204458e+09]
[-8.43403688e-05  1.98403225e-02  1.69204458e+09]
[-5.14613870e-05  1.03218574e-02  1.69204458e+09]
[-1.00779860e-04  9.26972994e-03  1.69204458e+09]
[-5.14613870e-05  9.02313758e-03  1.69204458e+09]
[-3.50218961e-05  3.17753928e-02  1.69204458e+09]
[-1.00779860e-04  4.43516032e-02  1.69204458e+09]
[-1.33658842e-04  6.22870875e-02  1.69204458e+09]
[-5.14613870e-05  8.06171194e-02  1.69204458e+09]
[-2.14291431e-06  8.65353359e-02  1.69204458e+09]
[-8.43403688e-05  8.64860175e-02  1.69204458e+09]
[-8.43403688e-05  8.26556162e-02  1.69204458e+09]
[-8.43403688e-05  7.30713933e-02  1.69204458e+09]
[-1.17219351e-04  5.21932403e-02  1.69204458e+09]
[-6.79008779e-05  1.83607684e-02  1.69204458e+09]
[-8.43403688e-05  1.05848892e-02  1.69204458e+09]
