HokinRight_Hand
Dev2/ai0 Dev2/ai1
[-5.14613870e-05  3.88608133e-02  1.69204458e+09]
[-6.79008779e-05  5.14370237e-02  1.69204458e+09]
[-6.79008779e-05  5.22261192e-02  1.69204458e+09]
[-6.79008779e-05  4.68997243e-02  1.69204458e+09]
[-6.79008779e-05  4.30200045e-02  1.69204458e+09]
[-6.79008779e-05  4.55845650e-02  1.69204458e+09]
[-3.50218961e-05  5.66647817e-02  1.69204458e+09]
[-3.50218961e-05  8.51708582e-02  1.69204458e+09]
[-8.43403688e-05  1.34390692e-01  1.69204458e+09]
[-8.43403688e-05  1.77084047e-01  1.69204458e+09]
[-3.50218961e-05  1.98603339e-01  1.69204458e+09]
[-1.33658842e-04  2.12428950e-01  1.69204458e+09]
[-1.33658842e-04  2.17196402e-01  1.69204458e+09]
[-1.00779860e-04  2.19777402e-01  1.69204458e+09]
[-3.50218961e-05  2.32435809e-01  1.69204458e+09]
[-1.33658842e-04  2.43137916e-01  1.69204458e+09]
[-6.79008779e-05  2.41148738e-01  1.69204458e+09]
[-1.33658842e-04  2.36249770e-01  1.69204458e+09]
[-1.85824052e-05  2.28868440e-01  1.69204458e+09]
[-1.00779860e-04  2.22391281e-01  1.69204458e+09]
[-3.50218961e-05  2.14056460e-01  1.69204458e+09]
[-3.50218961e-05  1.84218786e-01  1.69204458e+09]
[-8.43403688e-05  1.23343355e-01  1.69204458e+09]
[-5.14613870e-05  1.02465202e-01  1.69204458e+09]
[-8.43403688e-05  1.07610763e-01  1.69204458e+09]
[-8.43403688e-05  1.07413489e-01  1.69204458e+09]
[-1.50098332e-04  6.33392149e-02  1.69204458e+09]
[-1.33658842e-04  8.13540507e-03  1.69204458e+09]
[-1.00779860e-04  6.78736682e-03  1.69204458e+09]
[-1.00779860e-04  6.86956428e-03  1.69204458e+09]
[-8.43403688e-05  7.00108020e-03  1.69204458e+09]
[-5.14613870e-05  7.08327766e-03  1.69204458e+09]
[-5.11767132e-04  7.09971715e-03  1.69204458e+09]
[-1.99416805e-04  7.14903562e-03  1.69204459e+09]
[-1.00779860e-04  7.19835409e-03  1.69204459e+09]
[-1.85824052e-05  7.14903562e-03  1.69204459e+09]
[-1.17219351e-04  7.19835409e-03  1.69204459e+09]
[-8.43403688e-05  7.21479359e-03  1.69204459e+09]
[-3.50218961e-05  7.24767257e-03  1.69204459e+09]
[-8.43403688e-05  7.11615664e-03  1.69204459e+09]
[-3.50218961e-05  7.29699104e-03  1.69204459e+09]
[-1.00779860e-04  7.80661526e-03  1.69204459e+09]
[-1.00779860e-04  9.56756926e-02  1.69204459e+09]
[-1.50098332e-04  1.81456952e-01  1.69204459e+09]
[-1.50098332e-04  1.95496276e-01  1.69204459e+09]
[-8.43403688e-05  1.84629773e-01  1.69204459e+09]
[-8.43403688e-05  1.74174258e-01  1.69204459e+09]
[-6.79008779e-05  1.50287679e-01  1.69204459e+09]
[-2.48735278e-04  1.31661737e-01  1.69204459e+09]
[-7.74798987e-04  1.26828527e-01  1.69204459e+09]
[-2.40230859e-03  1.04651654e-01  1.69204459e+09]
[-1.90912386e-03  4.29049280e-02  1.69204459e+09]
[-1.44881811e-03  2.65969533e-02  1.69204459e+09]
[-2.98053751e-04  1.24261122e-02  1.69204459e+09]
[-1.00779860e-04  8.18472355e-03  1.69204459e+09]
[-5.14613870e-05  8.00388915e-03  1.69204459e+09]
[-6.79008779e-05  7.87237322e-03  1.69204459e+09]
[-6.79008779e-05  7.85593373e-03  1.69204459e+09]
[-3.31277173e-02  7.75729678e-03  1.69204459e+09]
[-9.66499113e-02  7.70797831e-03  1.69204459e+09]
[-1.31057767e-01  7.83949424e-03  1.69204459e+09]
[-1.40970780e-01  7.79017577e-03  1.69204459e+09]
[-1.38176067e-01  7.69153882e-03  1.69204459e+09]
[-1.33638767e-01  7.72441780e-03  1.69204459e+09]
[-1.30498824e-01  7.79017577e-03  1.69204459e+09]
[-1.34526500e-01  7.75729678e-03  1.69204459e+09]
[-1.38850086e-01  7.77373627e-03  1.69204459e+09]
[-1.36038933e-01  7.70797831e-03  1.69204459e+09]
[-1.11231740e-01  7.65865984e-03  1.69204459e+09]
[-5.90363553e-02  7.62578086e-03  1.69204459e+09]
[-3.14208568e-03  7.65865984e-03  1.69204459e+09]
[-1.00779860e-04  7.60934137e-03  1.69204459e+09]
[-5.14613870e-05  7.60934137e-03  1.69204459e+09]
[-6.79008779e-05  7.64222035e-03  1.69204459e+09]
[-1.33658842e-04  7.67509933e-03  1.69204459e+09]
[-8.43403688e-05  7.67509933e-03  1.69204459e+09]
[-1.17219351e-04  7.75729678e-03  1.69204459e+09]
[-1.33658842e-04  7.70797831e-03  1.69204459e+09]
[-1.50098332e-04  7.75729678e-03  1.69204459e+09]
[-8.43403688e-05  7.77373627e-03  1.69204459e+09]
[-1.17219351e-04  7.92169169e-03  1.69204459e+09]
[-8.43403688e-05  7.85593373e-03  1.69204459e+09]
[-1.33658842e-04  7.80661526e-03  1.69204459e+09]
[-8.43403688e-05  7.82305475e-03  1.69204459e+09]
[-8.43403688e-05  7.83949424e-03  1.69204459e+09]
[-1.17219351e-04  7.83949424e-03  1.69204459e+09]
[-1.50098332e-04  7.85593373e-03  1.69204459e+09]
[-1.00779860e-04  7.83949424e-03  1.69204459e+09]
[-8.43403688e-05  7.82305475e-03  1.69204459e+09]
[-8.43403688e-05  7.77373627e-03  1.69204459e+09]
[-6.79008779e-05  5.35905970e-02  1.69204459e+09]
[-1.85824052e-05  8.10774251e-02  1.69204459e+09]
[-6.79008779e-05  8.36419856e-02  1.69204459e+09]
[-1.33658842e-04  7.22822977e-02  1.69204459e+09]
[-5.14613870e-05  4.08335522e-02  1.69204459e+09]
[-5.14613870e-05  1.99553990e-02  1.69204459e+09]
[-5.14613870e-05  1.83443289e-02  1.69204459e+09]
[-1.17219351e-04  2.68928641e-02  1.69204459e+09]
[-6.79008779e-05  3.03780361e-02  1.69204459e+09]
[-1.00779860e-04  2.22404882e-02  1.69204459e+09]
[-8.43403688e-05  9.28616943e-03  1.69204459e+09]
[-1.17219351e-04  8.56283184e-03  1.69204459e+09]
[3.07360675e-05 7.41206748e-03 1.69204459e+09]
[-6.79008779e-05  6.88600377e-03  1.69204459e+09]
[-1.08404148e-01  6.78736682e-03  1.69204459e+09]
[-2.03260014e-01  6.75448784e-03  1.69204459e+09]
[-2.41399635e-01  6.62297191e-03  1.69204459e+09]
[-2.62129834e-01  6.73804835e-03  1.69204459e+09]
[-2.88383703e-01  6.63941141e-03  1.69204459e+09]
[-2.94466315e-01  6.60653242e-03  1.69204459e+09]
[-2.98214519e-01  6.59009293e-03  1.69204459e+09]
[-2.95699277e-01  6.55721395e-03  1.69204459e+09]
[-2.87824760e-01  6.60653242e-03  1.69204459e+09]
[-2.79605014e-01  6.54077446e-03  1.69204459e+09]
[-2.63034006e-01  6.52433497e-03  1.69204459e+09]
[-2.19946098e-01  6.52433497e-03  1.69204459e+09]
[-1.34460742e-01  6.45857701e-03  1.69204459e+09]
[-6.97055851e-02  6.59009293e-03  1.69204459e+09]
[-4.41421763e-02  6.54077446e-03  1.69204459e+09]
[-1.84472518e-02  6.57365344e-03  1.69204459e+09]
[-3.63811714e-04  6.47501650e-03  1.69204459e+09]
[-8.43403688e-05  6.50789548e-03  1.69204459e+09]
[-6.79008779e-05  6.57365344e-03  1.69204459e+09]
[-8.43403688e-05  6.52433497e-03  1.69204459e+09]
[-1.00779860e-04  2.34241315e-02  1.69204459e+09]
[-1.00779860e-04  4.71627561e-02  1.69204459e+09]
[-6.79008779e-05  7.28741194e-02  1.69204459e+09]
[-8.43403688e-05  8.86560302e-02  1.69204459e+09]
[-1.17219351e-04  8.61736671e-02  1.69204459e+09]
[1.42965766e-05 6.77285588e-02 1.69204459e+09]
[-6.79008779e-05  3.28768387e-02  1.69204459e+09]
[-8.43403688e-05  9.56564078e-03  1.69204459e+09]
[-1.00779860e-04  8.64502929e-03  1.69204459e+09]
[-6.79008779e-05  8.29979998e-03  1.69204459e+09]
[-1.33658842e-04  8.15184456e-03  1.69204459e+09]
[-1.00779860e-04  8.13540507e-03  1.69204459e+09]
[-6.79008779e-05  2.52817940e-02  1.69204459e+09]
[-8.43403688e-05  7.79539219e-02  1.69204459e+09]
[-6.79008779e-05  1.09156075e-01  1.69204459e+09]
[-8.43403688e-05  1.19529393e-01  1.69204459e+09]
[-8.43403688e-05  1.21863801e-01  1.69204459e+09]
[-1.50098332e-04  1.23310476e-01  1.69204459e+09]
[-6.79008779e-05  1.28045049e-01  1.69204459e+09]
[-1.50098332e-04  1.35607214e-01  1.69204459e+09]
[-1.85824052e-05  1.45306513e-01  1.69204459e+09]
[-3.50218961e-05  1.43991354e-01  1.69204459e+09]
[-1.00779860e-04  1.37251163e-01  1.69204459e+09]
[-1.85824052e-05  1.17359380e-01  1.69204459e+09]
[-5.14613870e-05  6.17117053e-02  1.69204459e+09]
[-8.43403688e-05  2.67613482e-02  1.69204459e+09]
[-8.43403688e-05  8.49707387e-03  1.69204459e+09]
[-1.17219351e-04  8.00388915e-03  1.69204459e+09]
[-1.85824052e-05  7.93813118e-03  1.69204459e+09]
[-8.43403688e-05  7.95457067e-03  1.69204459e+09]
[-8.43403688e-05  7.93813118e-03  1.69204459e+09]
[-8.43403688e-05  7.92169169e-03  1.69204459e+09]
[-8.43403688e-05  7.95457067e-03  1.69204459e+09]
[-1.17219351e-04  6.29775461e-02  1.69204459e+09]
[-6.79008779e-05  1.03517329e-01  1.69204459e+09]
[-2.14291431e-06  1.15698992e-01  1.69204459e+09]
[-1.00779860e-04  1.16109979e-01  1.69204459e+09]
[-1.17219351e-04  1.11030177e-01  1.69204459e+09]
[-8.43403688e-05  1.07758718e-01  1.69204459e+09]
[-1.85824052e-05  1.04388622e-01  1.69204459e+09]
[-6.79008779e-05  1.00015718e-01  1.69204459e+09]
[-5.14613870e-05  9.59387244e-02  1.69204459e+09]
[-1.00779860e-04  9.32919665e-02  1.69204459e+09]
[-1.85824052e-05  8.72751130e-02  1.69204459e+09]
[-1.00779860e-04  8.74066289e-02  1.69204459e+09]
[-1.00779860e-04  9.29302977e-02  1.69204459e+09]
[-1.17219351e-04  9.88978327e-02  1.69204459e+09]
[-3.50218961e-05  1.04092712e-01  1.69204459e+09]
[-1.85824052e-05  1.07101138e-01  1.69204459e+09]
[-6.79008779e-05  1.10306839e-01  1.69204459e+09]
[-1.33658842e-04  1.14581106e-01  1.69204459e+09]
[-5.14613870e-05  1.32253558e-01  1.69204459e+09]
[-3.50218961e-05  1.55268844e-01  1.69204459e+09]
[3.07360675e-05 1.74733200e-01 1.69204459e+09]
[-1.33658842e-04  1.84942124e-01  1.69204459e+09]
[-3.50218961e-05  1.85188716e-01  1.69204459e+09]
[-6.79008779e-05  1.81177480e-01  1.69204459e+09]
[-8.43403688e-05  1.75505856e-01  1.69204459e+09]
[-5.14613870e-05  1.71264468e-01  1.69204459e+09]
[-1.17219351e-04  1.69258850e-01  1.69204459e+09]
[-3.50218961e-05  1.68667029e-01  1.69204459e+09]
[-6.79008779e-05  1.64639354e-01  1.69204459e+09]
[-1.00779860e-04  1.57389539e-01  1.69204459e+09]
[-5.14613870e-05  1.44303705e-01  1.69204459e+09]
[-8.43403688e-05  1.36231915e-01  1.69204459e+09]
[-6.79008779e-05  1.27420348e-01  1.69204459e+09]
[-3.50218961e-05  1.08531374e-01  1.69204459e+09]
[-1.17219351e-04  3.76607305e-02  1.69204459e+09]
[-6.79008779e-05  5.04478079e-03  1.69204459e+09]
[-3.50218961e-05  5.40644959e-03  1.69204459e+09]
[-4.15118577e-02  5.50508653e-03  1.69204459e+09]
[-7.48840248e-02  5.57084450e-03  1.69204459e+09]
[-9.88856822e-02  5.65304195e-03  1.69204459e+09]
[-1.12481142e-01  5.60372348e-03  1.69204459e+09]
[-1.20651569e-01  5.73523941e-03  1.69204459e+09]
[-1.25369703e-01  5.76811839e-03  1.69204459e+09]
[-1.28986391e-01  5.70236043e-03  1.69204459e+09]
[-1.33309977e-01  5.80099737e-03  1.69204459e+09]
[-1.38241825e-01  5.83387635e-03  1.69204459e+09]
[-1.37765079e-01  5.85031584e-03  1.69204459e+09]
[-1.36532118e-01  5.78455788e-03  1.69204459e+09]
[-1.34000436e-01  5.85031584e-03  1.69204459e+09]
[-1.30219353e-01  5.83387635e-03  1.69204459e+09]
[-1.28016461e-01  5.85031584e-03  1.69204459e+09]
[-1.24416212e-01  5.85031584e-03  1.69204459e+09]
[-1.22953098e-01  5.86675533e-03  1.69204459e+09]
[-1.21983168e-01  5.83387635e-03  1.69204459e+09]
[-1.20733766e-01  5.85031584e-03  1.69204459e+09]
[-1.16097830e-01  5.88319482e-03  1.69204459e+09]
[-1.09867262e-01  5.86675533e-03  1.69204459e+09]
[-1.03094192e-01  5.88319482e-03  1.69204459e+09]
[-9.77842362e-02  5.93251330e-03  1.69204459e+09]
[-9.79486312e-02  5.91607381e-03  1.69204459e+09]
[-1.01811912e-01  5.93251330e-03  1.69204459e+09]
[-9.99542491e-02  5.88319482e-03  1.69204459e+09]
[-1.01433803e-01  5.93251330e-03  1.69204459e+09]
[-9.98556122e-02  5.91607381e-03  1.69204459e+09]
[-9.58114973e-02  5.89963432e-03  1.69204459e+09]
[-9.04357836e-02  5.93251330e-03  1.69204459e+09]
[-8.39586240e-02  5.96539228e-03  1.69204459e+09]
[-7.44894771e-02  6.03115024e-03  1.69204459e+09]
[-6.36065339e-02  5.91607381e-03  1.69204459e+09]
[-5.08166097e-02  5.93251330e-03  1.69204459e+09]
[-2.62724495e-02  5.98183177e-03  1.69204459e+09]
[-7.39991383e-03  5.96539228e-03  1.69204459e+09]
[-6.79008779e-05  5.99827126e-03  1.69204459e+09]
[-1.33658842e-04  5.94895279e-03  1.69204459e+09]
[-1.00779860e-04  6.01471075e-03  1.69204459e+09]
[-5.14613870e-05  5.98183177e-03  1.69204459e+09]
[-6.79008779e-05  3.45701063e-02  1.69204460e+09]
[-6.79008779e-05  7.87923359e-02  1.69204460e+09]
[-5.14613870e-05  9.51167499e-02  1.69204460e+09]
[-8.43403688e-05  9.71223677e-02  1.69204460e+09]
[-8.43403688e-05  9.27001448e-02  1.69204460e+09]
[-8.43403688e-05  7.94827945e-02  1.69204460e+09]
[-6.79008779e-05  4.84450364e-02  1.69204460e+09]
[-1.17219351e-04  2.08102525e-02  1.69204460e+09]
[-6.79008779e-05  9.81223314e-03  1.69204460e+09]
[-6.79008779e-05  9.35192740e-03  1.69204460e+09]
[-8.43403688e-05  9.25329045e-03  1.69204460e+09]
[-1.17219351e-04  9.12177453e-03  1.69204460e+09]
[1.42965766e-05 9.08889554e-03 1.69204460e+09]
[-8.43403688e-05  8.99025860e-03  1.69204460e+09]
[-1.33658842e-04  8.97381911e-03  1.69204460e+09]
[-1.50098332e-04  8.99025860e-03  1.69204460e+09]
[-1.31701752e-02  8.89162165e-03  1.69204460e+09]
[-4.22023163e-02  8.90806114e-03  1.69204460e+09]
[-6.35078969e-02  8.87518216e-03  1.69204460e+09]
[-7.83363180e-02  8.89162165e-03  1.69204460e+09]
[-8.60299999e-02  8.84230318e-03  1.69204460e+09]
[-9.03207072e-02  8.82586369e-03  1.69204460e+09]
[-9.22276882e-02  8.82586369e-03  1.69204460e+09]
[-9.09125289e-02  8.76010573e-03  1.69204460e+09]
[-8.77890255e-02  8.80942420e-03  1.69204460e+09]
[-8.55368152e-02  8.77654522e-03  1.69204460e+09]
[-8.33668023e-02  8.76010573e-03  1.69204460e+09]
[-8.21009615e-02  8.74366624e-03  1.69204460e+09]
[-8.01939805e-02  8.74366624e-03  1.69204460e+09]
[-7.31743178e-02  8.71078725e-03  1.69204460e+09]
[-5.15892658e-02  8.69434776e-03  1.69204460e+09]
[-2.28859143e-02  8.66146878e-03  1.69204460e+09]
[-3.19140415e-03  8.66146878e-03  1.69204460e+09]
[-1.17219351e-04  8.59571082e-03  1.69204460e+09]
[-1.00779860e-04  8.64502929e-03  1.69204460e+09]
[-6.79008779e-05  3.09698578e-02  1.69204460e+09]
[-1.33658842e-04  4.36940236e-02  1.69204460e+09]
[-1.00779860e-04  4.89546606e-02  1.69204460e+09]
[-1.00779860e-04  4.68504058e-02  1.69204460e+09]
[-6.79008779e-05  4.01102146e-02  1.69204460e+09]
[-1.00779860e-04  3.84827051e-02  1.69204460e+09]
[-1.00779860e-04  4.07842338e-02  1.69204460e+09]
[-8.43403688e-05  4.21487115e-02  1.69204460e+09]
[-6.79008779e-05  3.66250426e-02  1.69204460e+09]
[-1.17219351e-04  2.21911697e-02  1.69204460e+09]
[-1.00779860e-04  7.70797831e-03  1.69204460e+09]
