HokinRight_Hand
Dev2/ai0 Dev2/ai1
[-1.17219351e-04  9.02313758e-03  1.69204460e+09]
[-6.79008779e-05  8.97381911e-03  1.69204460e+09]
[-1.00779860e-04  9.00669809e-03  1.69204460e+09]
[-5.1461387e-05  8.9902586e-03  1.6920446e+09]
[-8.43403688e-05  9.00669809e-03  1.69204460e+09]
[-1.33658842e-04  9.03957707e-03  1.69204460e+09]
[-1.17219351e-04  8.92450064e-03  1.69204460e+09]
[-4.61642337e-02  8.90806114e-03  1.69204460e+09]
[-1.22065365e-01  8.84230318e-03  1.69204460e+09]
[-1.68391852e-01  8.84230318e-03  1.69204460e+09]
[-2.02388721e-01  8.82586369e-03  1.69204460e+09]
[-2.08389136e-01  8.76010573e-03  1.69204460e+09]
[-2.07517842e-01  8.77654522e-03  1.69204460e+09]
[-2.03358651e-01  8.69434776e-03  1.69204460e+09]
[-2.03901154e-01  8.72722675e-03  1.69204460e+09]
[-2.01517428e-01  8.80942420e-03  1.69204460e+09]
[-1.91259185e-01  8.72722675e-03  1.69204460e+09]
[-1.78222668e-01  8.82586369e-03  1.69204460e+09]
[-1.65843731e-01  8.69434776e-03  1.69204460e+09]
[-1.54516921e-01  8.66146878e-03  1.69204460e+09]
[-1.41233812e-01  8.67790827e-03  1.69204460e+09]
[-1.29808366e-01  8.64502929e-03  1.69204460e+09]
[-1.19500804e-01  8.62858980e-03  1.69204460e+09]
[-1.05971103e-01  8.67790827e-03  1.69204460e+09]
[-8.89891084e-02  8.57927133e-03  1.69204460e+09]
[-7.90596556e-02  8.62858980e-03  1.69204460e+09]
[-7.43744006e-02  8.66146878e-03  1.69204460e+09]
[-7.50977382e-02  8.62858980e-03  1.69204460e+09]
[-7.36181840e-02  8.57927133e-03  1.69204460e+09]
[-7.05111202e-02  8.64502929e-03  1.69204460e+09]
[-6.71739034e-02  8.64502929e-03  1.69204460e+09]
[-5.9628177e-02  8.6285898e-03  1.6920446e+09]
[-5.43511003e-02  8.62858980e-03  1.69204460e+09]
[-5.69321004e-02  8.66146878e-03  1.69204460e+09]
[-8.45668852e-02  8.77654522e-03  1.69204460e+09]
[-1.21128314e-01  8.67790827e-03  1.69204460e+09]
[-1.52330469e-01  8.67790827e-03  1.69204460e+09]
[-1.68095941e-01  8.66146878e-03  1.69204460e+09]
[-1.80540637e-01  8.59571082e-03  1.69204460e+09]
[-1.86721885e-01  8.62858980e-03  1.69204460e+09]
[-1.89220688e-01  8.49707387e-03  1.69204460e+09]
[-1.95648529e-01  8.52995285e-03  1.69204460e+09]
[-2.00284466e-01  8.49707387e-03  1.69204460e+09]
[-2.04657371e-01  8.59571082e-03  1.69204460e+09]
[-2.08553530e-01  8.54639235e-03  1.69204460e+09]
[-2.12285295e-01  8.51351336e-03  1.69204460e+09]
[-2.12959314e-01  8.46419489e-03  1.69204460e+09]
[-2.07632919e-01  8.52995285e-03  1.69204460e+09]
[-2.04986161e-01  8.54639235e-03  1.69204460e+09]
[-2.06301320e-01  8.48063438e-03  1.69204460e+09]
[-2.03276454e-01  8.49707387e-03  1.69204460e+09]
[-1.96930810e-01  8.59571082e-03  1.69204460e+09]
[-1.85456045e-01  8.51351336e-03  1.69204460e+09]
[-1.57936336e-01  8.44775540e-03  1.69204460e+09]
[-9.10933633e-02  8.43131591e-03  1.69204460e+09]
[-2.65847998e-02  8.52995285e-03  1.69204460e+09]
[-1.25154422e-03  4.48941064e-02  1.69204460e+09]
[-1.33658842e-04  7.32686671e-02  1.69204460e+09]
[-6.79008779e-05  8.61572277e-02  1.69204460e+09]
[-8.43403688e-05  9.11383932e-02  1.69204460e+09]
[-1.33658842e-04  9.63825907e-02  1.69204460e+09]
[-8.43403688e-05  1.05621584e-01  1.69204460e+09]
[-1.00779860e-04  1.11802833e-01  1.69204460e+09]
[-3.89830226e-03  1.18247113e-01  1.69204460e+09]
[-6.21627048e-03  1.22718654e-01  1.69204460e+09]
[-4.83535324e-03  1.25135259e-01  1.69204460e+09]
[-4.14489463e-03  1.23885858e-01  1.69204460e+09]
[-3.79966532e-03  1.20154094e-01  1.69204460e+09]
[-2.92837230e-03  1.13841329e-01  1.69204460e+09]
[-2.68177993e-03  9.12534697e-02  1.69204460e+09]
[-1.26798371e-03  4.58969153e-02  1.69204460e+09]
[-1.33658842e-04  1.10780739e-02  1.69204460e+09]
[-5.14613870e-05  8.97381911e-03  1.69204460e+09]
[-8.43403688e-05  9.00669809e-03  1.69204460e+09]
[-2.19324239e-02  8.79298471e-03  1.69204460e+09]
[-4.75122720e-02  8.87518216e-03  1.69204460e+09]
[-5.85924890e-02  8.89162165e-03  1.69204460e+09]
[-6.35407759e-02  8.82586369e-03  1.69204460e+09]
[-6.00884827e-02  8.74366624e-03  1.69204460e+09]
[-3.42949211e-02  8.79298471e-03  1.69204460e+09]
[-1.06056146e-02  8.79298471e-03  1.69204460e+09]
[-1.00779860e-04  8.69434776e-03  1.69204460e+09]
[-8.43403688e-05  8.67790827e-03  1.69204460e+09]
[-8.43403688e-05  1.32316472e-02  1.69204460e+09]
[-1.00779860e-04  1.91663034e-02  1.69204460e+09]
[-3.50218961e-05  1.17520931e-02  1.69204460e+09]
[-6.79008779e-05  8.57927133e-03  1.69204460e+09]
[-1.00779860e-04  8.52995285e-03  1.69204460e+09]
[-8.43403688e-05  8.54639235e-03  1.69204460e+09]
[-1.17219351e-04  8.59571082e-03  1.69204460e+09]
[-3.50218961e-05  8.62858980e-03  1.69204460e+09]
[-1.00779860e-04  8.59571082e-03  1.69204460e+09]
[-8.43403688e-05  8.57927133e-03  1.69204460e+09]
[-5.14613870e-05  4.19514376e-02  1.69204460e+09]
[-8.43403688e-05  6.91094761e-02  1.69204460e+09]
[-3.50218961e-05  6.44077818e-02  1.69204460e+09]
[-6.79008779e-05  5.72401639e-02  1.69204460e+09]
[-5.14613870e-05  5.23247562e-02  1.69204460e+09]
[-8.43403688e-05  4.53708516e-02  1.69204460e+09]
[-1.00779860e-04  4.76888198e-02  1.69204460e+09]
[3.07360675e-05 4.35789472e-02 1.69204460e+09]
[-1.00779860e-04  1.79333416e-02  1.69204460e+09]
[-2.77355642e-02  7.23123308e-03  1.69204460e+09]
[-1.06184816e-01  7.41206748e-03  1.69204460e+09]
[-1.47332864e-01  7.39562799e-03  1.69204460e+09]
[-1.46921876e-01  7.46138595e-03  1.69204460e+09]
[-1.45425882e-01  7.42850697e-03  1.69204460e+09]
[-1.39491226e-01  7.47782544e-03  1.69204460e+09]
[-1.38044551e-01  7.52714391e-03  1.69204460e+09]
[-1.35825219e-01  7.52714391e-03  1.69204460e+09]
[-1.33408614e-01  7.44494646e-03  1.69204460e+09]
[-1.32290729e-01  7.54358340e-03  1.69204460e+09]
[-1.31534512e-01  7.52714391e-03  1.69204460e+09]
[-1.33014066e-01  7.46138595e-03  1.69204460e+09]
[-1.37123939e-01  7.56002289e-03  1.69204460e+09]
[-1.42647608e-01  7.54358340e-03  1.69204460e+09]
[-1.48401430e-01  7.59290188e-03  1.69204460e+09]
[-1.48993252e-01  7.59290188e-03  1.69204460e+09]
[-1.49437118e-01  7.56002289e-03  1.69204460e+09]
[-1.42368137e-01  7.60934137e-03  1.69204460e+09]
[-1.31945499e-01  7.57646238e-03  1.69204460e+09]
[-1.14864868e-01  7.59290188e-03  1.69204460e+09]
[-9.96747778e-02  7.64222035e-03  1.69204460e+09]
[-8.57834076e-02  7.60934137e-03  1.69204461e+09]
[-5.24769983e-02  7.59290188e-03  1.69204461e+09]
[-2.48915322e-02  7.57646238e-03  1.69204461e+09]
[-1.62965251e-03  7.64222035e-03  1.69204461e+09]
[-1.33658842e-04  7.64222035e-03  1.69204461e+09]
[-5.14613870e-05  7.57646238e-03  1.69204461e+09]
[-5.14613870e-05  7.64222035e-03  1.69204461e+09]
[-8.43403688e-05  7.67509933e-03  1.69204461e+09]
[-5.14613870e-05  7.59290188e-03  1.69204461e+09]
[-1.87267231e-02  7.52714391e-03  1.69204461e+09]
[-7.57388784e-02  7.64222035e-03  1.69204461e+09]
[-1.22427034e-01  7.65865984e-03  1.69204461e+09]
[-1.40510475e-01  7.65865984e-03  1.69204461e+09]
[-1.43042156e-01  7.65865984e-03  1.69204461e+09]
[-1.40428277e-01  7.64222035e-03  1.69204461e+09]
[-1.38110309e-01  7.69153882e-03  1.69204461e+09]
[-1.38028111e-01  7.65865984e-03  1.69204461e+09]
[-1.37682882e-01  7.69153882e-03  1.69204461e+09]
[-1.31501633e-01  7.65865984e-03  1.69204461e+09]
[-1.27868506e-01  7.69153882e-03  1.69204461e+09]
[-1.26520467e-01  7.70797831e-03  1.69204461e+09]
[-1.29035709e-01  7.69153882e-03  1.69204461e+09]
[-1.27523276e-01  7.72441780e-03  1.69204461e+09]
[-1.26684862e-01  7.72441780e-03  1.69204461e+09]
[-1.21325588e-01  7.65865984e-03  1.69204461e+09]
[-1.07039670e-01  7.72441780e-03  1.69204461e+09]
[-7.82541206e-02  7.59290188e-03  1.69204461e+09]
[-6.23242535e-02  7.65865984e-03  1.69204461e+09]
[-4.08213991e-02  7.59290188e-03  1.69204461e+09]
[-1.95486977e-02  7.69153882e-03  1.69204461e+09]
[-1.04740986e-02  7.69153882e-03  1.69204461e+09]
[-3.02700924e-03  7.70797831e-03  1.69204461e+09]
[-3.50218961e-05  7.56002289e-03  1.69204461e+09]
[-8.43403688e-05  7.69153882e-03  1.69204461e+09]
[-1.50098332e-04  7.74085729e-03  1.69204461e+09]
[-1.25290350e-02  7.62578086e-03  1.69204461e+09]
[-6.94589927e-02  7.77373627e-03  1.69204461e+09]
[-1.27638353e-01  7.77373627e-03  1.69204461e+09]
[-1.55897839e-01  7.79017577e-03  1.69204461e+09]
[-1.75279999e-01  7.80661526e-03  1.69204461e+09]
[-1.80902305e-01  7.77373627e-03  1.69204461e+09]
[-1.79620025e-01  7.67509933e-03  1.69204461e+09]
[-1.73225063e-01  7.70797831e-03  1.69204461e+09]
[-1.67964425e-01  7.79017577e-03  1.69204461e+09]
[-1.54878590e-01  7.72441780e-03  1.69204461e+09]
[-1.30597461e-01  7.74085729e-03  1.69204461e+09]
[-1.02091383e-01  7.67509933e-03  1.69204461e+09]
[-6.97549036e-02  7.70797831e-03  1.69204461e+09]
[-3.62019021e-02  7.62578086e-03  1.69204461e+09]
[-9.15893936e-03  7.62578086e-03  1.69204461e+09]
[-8.43403688e-05  7.72441780e-03  1.69204461e+09]
[-8.43403688e-05  7.69153882e-03  1.69204461e+09]
[-1.17219351e-04  7.67509933e-03  1.69204461e+09]
[-8.43403688e-05  7.70797831e-03  1.69204461e+09]
[-6.79008779e-05  2.48050488e-02  1.69204461e+09]
[-5.14613870e-05  5.13548262e-02  1.69204461e+09]
[-3.50218961e-05  6.72518136e-02  1.69204461e+09]
[-5.14613870e-05  7.23480557e-02  1.69204461e+09]
[-1.85824052e-05  7.00136480e-02  1.69204461e+09]
[-6.79008779e-05  7.07205461e-02  1.69204461e+09]
[-1.33658842e-04  7.38933678e-02  1.69204461e+09]
[-1.17219351e-04  6.97177372e-02  1.69204461e+09]
[-1.17219351e-04  4.08664312e-02  1.69204461e+09]
[-5.14613870e-05  9.03957707e-03  1.69204461e+09]
[-6.79008779e-05  7.18191460e-03  1.69204461e+09]
[-3.50218961e-05  7.16547511e-03  1.69204461e+09]
[-3.50218961e-05  7.21479359e-03  1.69204461e+09]
[-1.50098332e-04  7.23123308e-03  1.69204461e+09]
[-1.00779860e-04  7.29699104e-03  1.69204461e+09]
[-8.43403688e-05  7.28055155e-03  1.69204461e+09]
[-1.33658842e-04  7.26411206e-03  1.69204461e+09]
[-4.36325521e-02  7.28055155e-03  1.69204461e+09]
[-1.04902536e-01  8.92450064e-03  1.69204461e+09]
[-1.51245463e-01  8.85874267e-03  1.69204461e+09]
[-1.71153687e-01  7.06683817e-03  1.69204461e+09]
[-1.80277605e-01  7.03395919e-03  1.69204461e+09]
[-1.80491318e-01  7.06683817e-03  1.69204461e+09]
[-1.72468846e-01  7.06683817e-03  1.69204461e+09]
[-1.57048603e-01  6.91888275e-03  1.69204461e+09]
[-1.33901799e-01  6.90244326e-03  1.69204461e+09]
[-1.18202085e-01  7.03395919e-03  1.69204461e+09]
[-1.05938224e-01  7.00108020e-03  1.69204461e+09]
[-8.94822931e-02  7.06683817e-03  1.69204461e+09]
[-6.05652280e-02  6.95176173e-03  1.69204461e+09]
[-2.50230482e-02  6.95176173e-03  1.69204461e+09]
[-6.76162042e-04  6.93532224e-03  1.69204461e+09]
[-6.79008779e-05  6.95176173e-03  1.69204461e+09]
[-1.33658842e-04  3.48824566e-02  1.69204461e+09]
[-8.43403688e-05  8.26227372e-02  1.69204461e+09]
[-3.50218961e-05  1.18756737e-01  1.69204461e+09]
[-8.43403688e-05  1.35492138e-01  1.69204461e+09]
[-8.43403688e-05  1.41837781e-01  1.69204461e+09]
[-6.79008779e-05  1.40917170e-01  1.69204461e+09]
[-8.43403688e-05  1.33749552e-01  1.69204461e+09]
[-5.14613870e-05  1.25036622e-01  1.69204461e+09]
[-5.14613870e-05  1.05983253e-01  1.69204461e+09]
[-6.79008779e-05  7.22987372e-02  1.69204461e+09]
[-1.00779860e-04  2.89149215e-02  1.69204461e+09]
[-1.00779860e-04  8.87518216e-03  1.69204461e+09]
[-1.00779860e-04  8.29979998e-03  1.69204461e+09]
[-8.43403688e-05  8.33267896e-03  1.69204461e+09]
[-1.00779860e-04  2.25199595e-02  1.69204461e+09]
[-8.43403688e-05  6.51968773e-02  1.69204461e+09]
[-3.50218961e-05  1.04306425e-01  1.69204461e+09]
[-2.14291431e-06  1.33650915e-01  1.69204461e+09]
[-8.43403688e-05  1.48216303e-01  1.69204461e+09]
[-1.17219351e-04  1.49284870e-01  1.69204461e+09]
[-1.17219351e-04  1.45799698e-01  1.69204461e+09]
[-1.17219351e-04  1.44057112e-01  1.69204461e+09]
[-3.50218961e-05  1.42692635e-01  1.69204461e+09]
[-1.00779860e-04  1.38895112e-01  1.69204461e+09]
[-1.82977314e-04  1.31875450e-01  1.69204461e+09]
[-6.79008779e-05  8.69134442e-02  1.69204461e+09]
[-6.79008779e-05  2.18952589e-02  1.69204461e+09]
[-8.43403688e-05  8.52995285e-03  1.69204461e+09]
[-1.00779860e-04  8.48063438e-03  1.69204461e+09]
[-1.00779860e-04  8.43131591e-03  1.69204461e+09]
[-1.17219351e-04  8.39843693e-03  1.69204461e+09]
[-6.79008779e-05  8.36555795e-03  1.69204461e+09]
[-6.79008779e-05  8.29979998e-03  1.69204461e+09]
[-2.32295787e-04  8.36555795e-03  1.69204461e+09]
[-8.43403688e-05  8.29979998e-03  1.69204461e+09]
[-1.00779860e-04  3.96170299e-02  1.69204461e+09]
[-5.14613870e-05  1.01248680e-01  1.69204461e+09]
[-5.14613870e-05  1.53230348e-01  1.69204461e+09]
[-5.14613870e-05  1.94049601e-01  1.69204461e+09]
[-6.79008779e-05  2.09420524e-01  1.69204461e+09]
[-5.14613870e-05  2.20566497e-01  1.69204461e+09]
[-5.14613870e-05  2.28852000e-01  1.69204461e+09]
[-1.85824052e-05  2.31317924e-01  1.69204461e+09]
[-5.14613870e-05  2.30956255e-01  1.69204461e+09]
[-6.79008779e-05  2.28720484e-01  1.69204461e+09]
[-1.85824052e-05  2.23048860e-01  1.69204461e+09]
[-1.17219351e-04  2.18117014e-01  1.69204461e+09]
[-8.43403688e-05  2.09930148e-01  1.69204461e+09]
[-6.79008779e-05  1.90712384e-01  1.69204461e+09]
[-3.50218961e-05  9.89471512e-02  1.69204461e+09]
[-3.50218961e-05  1.75881123e-02  1.69204461e+09]
[-5.14613870e-05  7.28055155e-03  1.69204461e+09]
[-4.87123548e-02  7.37918849e-03  1.69204461e+09]
[-1.05839587e-01  7.36274900e-03  1.69204461e+09]
[-1.34608697e-01  7.36274900e-03  1.69204461e+09]
[-1.54763514e-01  7.36274900e-03  1.69204461e+09]
[-1.60977642e-01  7.39562799e-03  1.69204461e+09]
[-1.66419113e-01  7.41206748e-03  1.69204461e+09]
[-1.63065457e-01  7.49426493e-03  1.69204461e+09]
[-1.64955998e-01  7.49426493e-03  1.69204461e+09]
[-1.64101145e-01  7.41206748e-03  1.69204461e+09]
[-1.50242654e-01  7.39562799e-03  1.69204461e+09]
[-1.09012409e-01  7.47782544e-03  1.69204461e+09]
[-4.76437879e-02  7.44494646e-03  1.69204461e+09]
[-1.43045000e-02  7.70797831e-03  1.69204461e+09]
[-1.33658842e-04  3.69045139e-02  1.69204461e+09]
[-3.50218961e-05  5.06808071e-02  1.69204461e+09]
[-8.43403688e-05  5.80621384e-02  1.69204461e+09]
[-6.79008779e-05  5.33768836e-02  1.69204461e+09]
[-8.43403688e-05  2.81258259e-02  1.69204461e+09]
[-2.14291430e-06  5.43932857e-03  1.69204461e+09]
[-8.43403688e-05  5.53796552e-03  1.69204461e+09]
[-1.33658842e-04  5.63660246e-03  1.69204461e+09]
[-8.43403688e-05  2.00047175e-02  1.69204461e+09]
[-6.79008779e-05  2.36707239e-02  1.69204461e+09]
[-1.00779860e-04  1.53194626e-02  1.69204461e+09]
[-6.79008779e-05  6.12978719e-03  1.69204461e+09]
[-3.50218961e-05  6.09690821e-03  1.69204461e+09]
[-5.14613870e-05  6.19554515e-03  1.69204461e+09]
[-1.85824052e-05  6.16266617e-03  1.69204461e+09]
[-1.00779860e-04  6.22842413e-03  1.69204461e+09]
[-8.43403688e-05  6.21198464e-03  1.69204461e+09]
[-3.50218961e-05  6.31062159e-03  1.69204461e+09]
[-2.51738502e-03  6.31062159e-03  1.69204461e+09]
[-2.82451884e-02  6.37637955e-03  1.69204461e+09]
[-6.02693171e-02  6.35994006e-03  1.69204461e+09]
[-1.01976307e-01  6.39281904e-03  1.69204461e+09]
[-1.28263053e-01  6.49145599e-03  1.69204461e+09]
[-1.49667271e-01  6.44213751e-03  1.69204461e+09]
[-1.59465208e-01  6.42569802e-03  1.69204461e+09]
[-1.57623985e-01  6.42569802e-03  1.69204461e+09]
[-1.46149220e-01  6.54077446e-03  1.69204461e+09]
[-1.32751035e-01  6.50789548e-03  1.69204461e+09]
[-1.11544091e-01  6.50789548e-03  1.69204461e+09]
[-6.27188013e-02  6.45857701e-03  1.69204461e+09]
[-2.17351500e-02  6.54077446e-03  1.69204461e+09]
[-1.26798371e-03  6.59009293e-03  1.69204461e+09]
[-6.79008779e-05  6.52433497e-03  1.69204461e+09]
[-1.85824052e-05  6.55721395e-03  1.69204461e+09]
[-1.00779860e-04  6.59009293e-03  1.69204461e+09]
[-3.50218961e-05  6.55721395e-03  1.69204461e+09]
[-8.43403688e-05  4.10143866e-02  1.69204461e+09]
[-6.79008779e-05  7.85457436e-02  1.69204461e+09]
[-5.14613870e-05  9.05630111e-02  1.69204461e+09]
[-5.14613870e-05  8.38556990e-02  1.69204461e+09]
[-8.43403688e-05  7.01616034e-02  1.69204461e+09]
[1.42965766e-05 6.03801066e-02 1.69204461e+09]
[-8.43403688e-05  4.90697370e-02  1.69204461e+09]
[-3.50218961e-05  4.78038963e-02  1.69204461e+09]
