HokinRight_Hand
Dev2/ai0 Dev2/ai1
[-1.05891751e-02  9.79579365e-03  1.69204462e+09]
[-1.18878949e-02  1.03711758e-02  1.69204462e+09]
[-1.23646401e-02  1.05026918e-02  1.69204462e+09]
[-1.26605509e-02  1.03711758e-02  1.69204462e+09]
[-1.28742643e-02  1.03054179e-02  1.69204462e+09]
[-1.22002452e-02  1.03054179e-02  1.69204462e+09]
[-1.26934299e-02  1.09629975e-02  1.69204462e+09]
[-1.31866146e-02  1.13739848e-02  1.69204462e+09]
[-1.28578248e-02  1.15383797e-02  1.69204462e+09]
[-1.27920669e-02  1.16534561e-02  1.69204462e+09]
[-1.30057802e-02  1.17520931e-02  1.69204462e+09]
