HokinRight_Hand
Dev2/ai0 Dev2/ai1
[-1.84749146e-01  7.37918849e-03  1.69204462e+09]
[-1.87247949e-01  7.29699104e-03  1.69204462e+09]
[-1.90700242e-01  7.31343053e-03  1.69204462e+09]
[-1.95122466e-01  7.23123308e-03  1.69204462e+09]
[-1.96651338e-01  7.26411206e-03  1.69204462e+09]
[-1.90667363e-01  7.29699104e-03  1.69204462e+09]
[-1.83154516e-01  7.23123308e-03  1.69204462e+09]
[-1.77351375e-01  7.21479359e-03  1.69204462e+09]
[-1.76562280e-01  7.23123308e-03  1.69204462e+09]
[-1.79537828e-01  7.28055155e-03  1.69204462e+09]
[-1.89039854e-01  7.24767257e-03  1.69204462e+09]
[-2.00909167e-01  7.19835409e-03  1.69204462e+09]
[-1.97292479e-01  4.25596987e-02  1.69204462e+09]
[-1.40872143e-01  1.17030590e-01  1.69204462e+09]
[-5.50415589e-02  1.88016308e-01  1.69204462e+09]
[-1.33674491e-02  2.19481491e-01  1.69204462e+09]
[-6.79008779e-05  2.17771784e-01  1.69204462e+09]
[-3.50218961e-05  2.13908504e-01  1.69204462e+09]
[-1.82977314e-04  2.08302638e-01  1.69204462e+09]
[-2.43518757e-03  2.04274963e-01  1.69204462e+09]
[-3.19140415e-03  2.02006314e-01  1.69204462e+09]
[-3.50375448e-03  1.99491072e-01  1.69204462e+09]
[-3.78322583e-03  1.96647040e-01  1.69204462e+09]
[-3.33935957e-03  1.93983843e-01  1.69204462e+09]
[-2.15571622e-03  1.92027544e-01  1.69204462e+09]
[-2.08995826e-03  1.90087684e-01  1.69204462e+09]
[-1.92556335e-03  1.86323041e-01  1.69204462e+09]
[-1.64609201e-03  1.83248856e-01  1.69204462e+09]
[-1.33374168e-03  1.76442907e-01  1.69204462e+09]
[-2.36942961e-03  1.65592844e-01  1.69204462e+09]
[-2.48450604e-03  1.53674214e-01  1.69204462e+09]
[-2.76397739e-03  1.23705023e-01  1.69204462e+09]
[-1.64609201e-03  4.56338835e-02  1.69204462e+09]
[-2.15856296e-04  8.95737962e-03  1.69204462e+09]
[-1.00779860e-04  7.16547511e-03  1.69204462e+09]
[-4.83535324e-03  7.14903562e-03  1.69204462e+09]
[-2.61902520e-02  7.13259613e-03  1.69204462e+09]
[-4.50792273e-02  7.18191460e-03  1.69204462e+09]
[-6.26201644e-02  7.19835409e-03  1.69204462e+09]
[-8.08515602e-02  7.21479359e-03  1.69204462e+09]
[-9.20468538e-02  7.21479359e-03  1.69204462e+09]
[-9.86226503e-02  7.28055155e-03  1.69204462e+09]
[-9.78664337e-02  7.24767257e-03  1.69204462e+09]
[-9.67156693e-02  7.23123308e-03  1.69204462e+09]
[-9.78664337e-02  7.24767257e-03  1.69204462e+09]
[-9.72088541e-02  7.23123308e-03  1.69204462e+09]
[-9.94281854e-02  7.16547511e-03  1.69204462e+09]
[-9.69293827e-02  7.23123308e-03  1.69204462e+09]
[-8.50271910e-02  7.19835409e-03  1.69204462e+09]
[-7.51799357e-02  7.24767257e-03  1.69204462e+09]
[-7.21221903e-02  7.14903562e-03  1.69204462e+09]
[-7.09549864e-02  7.21479359e-03  1.69204462e+09]
[-7.36510630e-02  7.19835409e-03  1.69204462e+09]
[-7.87637448e-02  7.29699104e-03  1.69204462e+09]
[-8.40901400e-02  7.21479359e-03  1.69204462e+09]
[-8.86931975e-02  7.24767257e-03  1.69204462e+09]
[-9.04686626e-02  7.19835409e-03  1.69204462e+09]
[-9.09454078e-02  7.21479359e-03  1.69204462e+09]
[-8.92850192e-02  7.23123308e-03  1.69204462e+09]
[-9.11426817e-02  7.26411206e-03  1.69204462e+09]
[-9.38551978e-02  7.23123308e-03  1.69204462e+09]
[-9.54169495e-02  7.23123308e-03  1.69204462e+09]
[-9.65348349e-02  7.32987002e-03  1.69204462e+09]
[-9.78993127e-02  7.19835409e-03  1.69204462e+09]
[-9.90993956e-02  7.21479359e-03  1.69204462e+09]
[-9.90665166e-02  7.24767257e-03  1.69204462e+09]
[-9.78006757e-02  7.24767257e-03  1.69204462e+09]
[-9.37565609e-02  7.23123308e-03  1.69204462e+09]
[-8.99919174e-02  7.24767257e-03  1.69204462e+09]
[-9.20961722e-02  7.18191460e-03  1.69204462e+09]
[-9.29510258e-02  7.24767257e-03  1.69204462e+09]
[-9.29181468e-02  7.23123308e-03  1.69204462e+09]
[-9.07645734e-02  7.19835409e-03  1.69204462e+09]
[-8.29558151e-02  7.26411206e-03  1.69204462e+09]
[-5.83787756e-02  7.19835409e-03  1.69204462e+09]
[-1.62772390e-02  7.23123308e-03  1.69204462e+09]
[-3.50218961e-05  7.18191460e-03  1.69204462e+09]
[-1.00779860e-04  7.21479359e-03  1.69204462e+09]
[-5.14613870e-05  7.16547511e-03  1.69204462e+09]
[-8.43403688e-05  1.51057492e-02  1.69204462e+09]
[-8.43403688e-05  1.84922843e-02  1.69204462e+09]
[-6.79008779e-05  1.85416028e-02  1.69204462e+09]
[-1.00779860e-04  2.23720041e-02  1.69204462e+09]
[-1.00779860e-04  3.06575075e-02  1.69204462e+09]
[-8.43403688e-05  3.70360299e-02  1.69204462e+09]
[-8.43403688e-05  3.99458197e-02  1.69204462e+09]
[-6.79008779e-05  3.73976987e-02  1.69204462e+09]
[-3.50218961e-05  2.18295009e-02  1.69204462e+09]
[-1.85824052e-05  4.30500370e-03  1.69204462e+09]
[-4.57232140e-03  4.43651963e-03  1.69204462e+09]
[-6.97384641e-02  4.35432217e-03  1.69204462e+09]
[-1.07746568e-01  4.43651963e-03  1.69204462e+09]
[-1.22476352e-01  4.51871708e-03  1.69204462e+09]
[-1.23281887e-01  4.50227759e-03  1.69204462e+09]
[-1.24925837e-01  4.58447505e-03  1.69204462e+09]
[-1.25912206e-01  4.61735403e-03  1.69204462e+09]
[-1.20865282e-01  4.58447505e-03  1.69204462e+09]
[-1.19484365e-01  4.68311199e-03  1.69204462e+09]
[-1.18793906e-01  4.63379352e-03  1.69204462e+09]
[-1.20963919e-01  4.68311199e-03  1.69204462e+09]
[-1.21292709e-01  4.68311199e-03  1.69204462e+09]
[-1.21818773e-01  4.71599097e-03  1.69204462e+09]
[-1.20783085e-01  4.73243046e-03  1.69204462e+09]
[-1.21161193e-01  4.79818843e-03  1.69204462e+09]
[-1.23133932e-01  4.71599097e-03  1.69204462e+09]
[-1.23627117e-01  4.73243046e-03  1.69204462e+09]
[-1.22394155e-01  4.76530945e-03  1.69204462e+09]
[-1.23035295e-01  4.73243046e-03  1.69204462e+09]
[-1.21506422e-01  4.78174894e-03  1.69204462e+09]
[-1.17297913e-01  4.76530945e-03  1.69204462e+09]
[-1.15588205e-01  4.79818843e-03  1.69204462e+09]
[-1.14371683e-01  4.83106741e-03  1.69204462e+09]
[-1.16262225e-01  4.81462792e-03  1.69204462e+09]
[-1.18974741e-01  4.86394639e-03  1.69204462e+09]
[-1.19550123e-01  4.79818843e-03  1.69204462e+09]
[-1.19402167e-01  4.86394639e-03  1.69204462e+09]
[-1.20832403e-01  4.79818843e-03  1.69204462e+09]
[-1.21424225e-01  4.83106741e-03  1.69204462e+09]
[-1.20289900e-01  4.89682537e-03  1.69204462e+09]
[-1.17051320e-01  4.91326486e-03  1.69204462e+09]
[-1.10968708e-01  4.89682537e-03  1.69204462e+09]
[-9.40360322e-02  4.88038588e-03  1.69204462e+09]
[-5.68334635e-02  4.88038588e-03  1.69204462e+09]
[-1.30386592e-02  4.89682537e-03  1.69204462e+09]
[-5.14613870e-05  4.84750690e-03  1.69204462e+09]
[-1.50098332e-04  2.86190106e-02  1.69204462e+09]
[-8.43403688e-05  5.36892339e-02  1.69204462e+09]
[-1.33658842e-04  7.42879156e-02  1.69204462e+09]
[-1.33658842e-04  8.85902722e-02  1.69204462e+09]
[-5.14613870e-05  9.62839537e-02  1.69204462e+09]
[-8.43403688e-05  9.53140238e-02  1.69204462e+09]
[-5.14613870e-05  8.74066289e-02  1.69204462e+09]
[-1.85824052e-05  6.21555716e-02  1.69204463e+09]
[-1.33658842e-04  2.27336729e-02  1.69204463e+09]
[-6.79008779e-05  8.18472355e-03  1.69204463e+09]
[-8.43403688e-05  7.98744966e-03  1.69204463e+09]
[-3.50218961e-05  7.93813118e-03  1.69204463e+09]
[-1.00779860e-04  7.92169169e-03  1.69204463e+09]
[-2.69629081e-02  7.88881271e-03  1.69204463e+09]
[-7.37661394e-02  7.88881271e-03  1.69204463e+09]
[-9.96418988e-02  7.82305475e-03  1.69204463e+09]
[-1.11281059e-01  7.75729678e-03  1.69204463e+09]
[-1.14125091e-01  7.77373627e-03  1.69204463e+09]
[-1.14618275e-01  7.79017577e-03  1.69204463e+09]
[-1.11757804e-01  7.74085729e-03  1.69204463e+09]
[-1.08371269e-01  7.74085729e-03  1.69204463e+09]
[-1.06891714e-01  7.75729678e-03  1.69204463e+09]
[-1.01877670e-01  7.69153882e-03  1.69204463e+09]
[-8.65231847e-02  7.70797831e-03  1.69204463e+09]
[-5.76061196e-02  7.69153882e-03  1.69204463e+09]
[-1.97459716e-02  7.64222035e-03  1.69204463e+09]
[-6.79008779e-05  7.64222035e-03  1.69204463e+09]
[-5.14613870e-05  7.72441780e-03  1.69204463e+09]
[-1.50098332e-04  7.62578086e-03  1.69204463e+09]
[-3.50218961e-05  2.37364819e-02  1.69204463e+09]
[-3.50218961e-05  4.38912975e-02  1.69204463e+09]
[-3.50218961e-05  5.87361575e-02  1.69204463e+09]
[-5.14613870e-05  6.22213295e-02  1.69204463e+09]
[-1.17219351e-04  5.48893167e-02  1.69204463e+09]
[-1.66537823e-04  3.44714693e-02  1.69204463e+09]
[-8.43403688e-05  2.58736157e-02  1.69204463e+09]
[-5.14613870e-05  3.59839025e-02  1.69204463e+09]
[-5.14613870e-05  5.31960492e-02  1.69204463e+09]
[-6.79008779e-05  5.87690365e-02  1.69204463e+09]
[-3.50218961e-05  5.67469792e-02  1.69204463e+09]
[-8.43403688e-05  4.54366096e-02  1.69204463e+09]
[-6.79008779e-05  2.55777048e-02  1.69204463e+09]
[-1.66537823e-04  8.13540507e-03  1.69204463e+09]
[-5.14613870e-05  7.18191460e-03  1.69204463e+09]
[-6.79008779e-05  7.16547511e-03  1.69204463e+09]
[1.42965766e-05 7.23123308e-03 1.69204463e+09]
[-3.50218961e-05  7.23123308e-03  1.69204463e+09]
[-3.50218961e-05  7.23123308e-03  1.69204463e+09]
[-1.00779860e-04  2.62517240e-02  1.69204463e+09]
[-3.50218961e-05  5.45276479e-02  1.69204463e+09]
[-1.33658842e-04  6.75806034e-02  1.69204463e+09]
[-1.85824052e-05  6.93560684e-02  1.69204463e+09]
[-3.50218961e-05  7.09342595e-02  1.69204463e+09]
