HokinRight_Hand
Dev2/ai0 Dev2/ai1
[-1.50098332e-04  8.44775540e-03  1.69204463e+09]
[-3.50218961e-05  8.44775540e-03  1.69204463e+09]
[-1.85824052e-05  8.36555795e-03  1.69204463e+09]
[-1.17219351e-04  8.34911846e-03  1.69204463e+09]
[-5.14613870e-05  8.44775540e-03  1.69204463e+09]
[-1.85824052e-05  8.51351336e-03  1.69204463e+09]
[-3.50218961e-05  8.46419489e-03  1.69204463e+09]
[-5.14613870e-05  8.38199744e-03  1.69204463e+09]
[-1.82977314e-04  8.49707387e-03  1.69204463e+09]
[-2.32295787e-04  8.39843693e-03  1.69204463e+09]
[-5.56169411e-02  8.49707387e-03  1.69204463e+09]
[-1.28904194e-01  8.34911846e-03  1.69204463e+09]
[-1.70216636e-01  8.31623947e-03  1.69204463e+09]
[-1.97621268e-01  8.18472355e-03  1.69204463e+09]
