HokinRight_Hand
Dev2/ai0 Dev2/ai1
[-1.67868632e-02  8.03676813e-03  1.69204463e+09]
[-1.73129269e-02  8.15184456e-03  1.69204463e+09]
[-1.85294492e-02  8.11896558e-03  1.69204463e+09]
[-1.91705894e-02  8.10252609e-03  1.69204463e+09]
[-1.88746785e-02  8.18472355e-03  1.69204463e+09]
[-1.75102008e-02  8.15184456e-03  1.69204463e+09]
[-1.57018568e-02  8.11896558e-03  1.69204463e+09]
[-1.25619140e-02  8.15184456e-03  1.69204463e+09]
[-1.15755445e-02  8.13540507e-03  1.69204463e+09]
[-7.33387127e-02  8.11896558e-03  1.69204463e+09]
[-1.78863808e-01  8.18472355e-03  1.69204463e+09]
[-2.53038795e-01  8.18472355e-03  1.69204463e+09]
[-2.89304314e-01  8.18472355e-03  1.69204463e+09]
[-3.14670450e-01  8.02032864e-03  1.69204463e+09]
[-3.24764299e-01  8.00388915e-03  1.69204463e+09]
[-3.29170082e-01  8.03676813e-03  1.69204463e+09]
[-3.30090694e-01  8.08608660e-03  1.69204463e+09]
[-3.20588668e-01  8.00388915e-03  1.69204463e+09]
[-3.08291928e-01  7.97101017e-03  1.69204463e+09]
[-2.66732892e-01  8.00388915e-03  1.69204463e+09]
[-1.94760797e-01  8.00388915e-03  1.69204463e+09]
[-1.46214978e-01  7.88881271e-03  1.69204463e+09]
[-1.22969537e-01  7.87237322e-03  1.69204463e+09]
[-1.03735332e-01  7.90525220e-03  1.69204463e+09]
[-8.72958408e-02  7.88881271e-03  1.69204463e+09]
[-4.70519662e-02  7.82305475e-03  1.69204463e+09]
[-5.98611761e-03  7.80661526e-03  1.69204463e+09]
[3.07360675e-05 2.85368132e-02 1.69204463e+09]
[-1.00779860e-04  5.90320683e-02  1.69204463e+09]
[-8.00817500e-03  7.42221576e-02  1.69204463e+09]
[-2.29681118e-02  7.89731703e-02  1.69204463e+09]
[-9.02549492e-02  9.53469028e-02  1.69204463e+09]
[-1.81724280e-01  1.44089991e-01  1.69204463e+09]
[-2.68459039e-01  2.05261333e-01  1.69204463e+09]
[-3.34644433e-01  2.38584178e-01  1.69204463e+09]
[-3.72751176e-01  2.74586659e-01  1.69204463e+09]
[-3.83584801e-01  2.89300002e-01  1.69204463e+09]
[-3.79047501e-01  2.90615161e-01  1.69204463e+09]
[-3.69019411e-01  2.87738250e-01  1.69204463e+09]
[-3.62065506e-01  2.85025735e-01  1.69204463e+09]
[-3.44014944e-01  2.81195334e-01  1.69204463e+09]
[-3.28512503e-01  2.76921067e-01  1.69204463e+09]
[-3.15673259e-01  2.72087857e-01  1.69204463e+09]
[-3.04708118e-01  2.67665634e-01  1.69204463e+09]
[-2.96159583e-01  2.63736596e-01  1.69204463e+09]
[-2.84240951e-01  2.59560966e-01  1.69204463e+09]
[-2.73637479e-01  2.56585419e-01  1.69204463e+09]
[-2.61685968e-01  2.52557744e-01  1.69204463e+09]
[-2.47926113e-01  2.48645145e-01  1.69204463e+09]
[-2.32423672e-01  2.44995579e-01  1.69204463e+09]
[-2.25272494e-01  2.41641923e-01  1.69204463e+09]
[-2.18154194e-01  2.38732133e-01  1.69204463e+09]
[-2.08191862e-01  2.34638700e-01  1.69204463e+09]
[-1.96585580e-01  2.26945019e-01  1.69204463e+09]
[-1.86968478e-01  2.20467861e-01  1.69204463e+09]
[-1.79883057e-01  2.18889670e-01  1.69204463e+09]
[-1.72978470e-01  2.19399294e-01  1.69204463e+09]
[-1.62851744e-01  2.19876039e-01  1.69204463e+09]
[-1.58561036e-01  2.20648695e-01  1.69204463e+09]
[-1.59596724e-01  2.21388472e-01  1.69204463e+09]
[-1.61355750e-01  2.21799459e-01  1.69204463e+09]
[-1.63114775e-01  2.22144688e-01  1.69204463e+09]
[-1.65235470e-01  2.23065300e-01  1.69204463e+09]
[-1.70381031e-01  2.23953032e-01  1.69204463e+09]
[-1.75559471e-01  2.25301070e-01  1.69204463e+09]
[-1.77318496e-01  2.25268191e-01  1.69204463e+09]
[-1.79373433e-01  2.25301070e-01  1.69204463e+09]
[-1.83253153e-01  2.26139484e-01  1.69204463e+09]
[-1.85456045e-01  2.26271000e-01  1.69204463e+09]
[-1.86968478e-01  2.25301070e-01  1.69204463e+09]
[-1.87182191e-01  2.24577733e-01  1.69204463e+09]
[-1.84469675e-01  2.22572115e-01  1.69204463e+09]
[-1.81905114e-01  2.21076122e-01  1.69204463e+09]
[-1.79258356e-01  2.19202020e-01  1.69204463e+09]
[-1.77515770e-01  2.17590950e-01  1.69204463e+09]
[-1.75559471e-01  2.16193593e-01  1.69204463e+09]
[-1.72435967e-01  2.14697600e-01  1.69204463e+09]
[-1.69674133e-01  2.12626224e-01  1.69204463e+09]
[-1.66534190e-01  2.10719243e-01  1.69204463e+09]
[-1.64314858e-01  2.08286199e-01  1.69204464e+09]
[-1.63575081e-01  2.06888842e-01  1.69204464e+09]
[-1.63755916e-01  2.05409288e-01  1.69204464e+09]
[-1.65350546e-01  2.04653072e-01  1.69204464e+09]
[-1.67832910e-01  2.04225645e-01  1.69204464e+09]
[-1.77482891e-01  2.04784588e-01  1.69204464e+09]
[-1.87494542e-01  2.06412097e-01  1.69204464e+09]
[-1.89730312e-01  2.07118995e-01  1.69204464e+09]
[-1.91653733e-01  2.08828702e-01  1.69204464e+09]
[-1.97160963e-01  2.10275377e-01  1.69204464e+09]
[-1.96273230e-01  2.12544027e-01  1.69204464e+09]
[-1.86853401e-01  2.12116600e-01  1.69204464e+09]
[-1.75427955e-01  2.10258938e-01  1.69204464e+09]
[-1.73520974e-01  2.10554848e-01  1.69204464e+09]
[-1.75493713e-01  2.11557657e-01  1.69204464e+09]
[-1.76249929e-01  2.11935765e-01  1.69204464e+09]
[-1.76381445e-01  2.10768562e-01  1.69204464e+09]
[-1.75263560e-01  2.09568479e-01  1.69204464e+09]
[-1.73093547e-01  2.08697186e-01  1.69204464e+09]
[-1.68819279e-01  2.07891651e-01  1.69204464e+09]
[-1.63772355e-01  2.06905282e-01  1.69204464e+09]
[-1.59004903e-01  2.05968231e-01  1.69204464e+09]
[-1.55832081e-01  2.05343530e-01  1.69204464e+09]
[-1.52264711e-01  2.04324282e-01  1.69204464e+09]
[-1.48072641e-01  2.03946174e-01  1.69204464e+09]
[-1.41874952e-01  2.03009123e-01  1.69204464e+09]
[-1.35759461e-01  2.02565256e-01  1.69204464e+09]
[-1.31320799e-01  2.03091320e-01  1.69204464e+09]
[-1.28180856e-01  2.02877607e-01  1.69204464e+09]
[-1.27967143e-01  2.02532377e-01  1.69204464e+09]
[-1.28723359e-01  2.02302225e-01  1.69204464e+09]
[-1.28953512e-01  2.02499498e-01  1.69204464e+09]
[-1.28674041e-01  2.02203588e-01  1.69204464e+09]
[-1.27095849e-01  2.01118581e-01  1.69204464e+09]
[-1.24662805e-01  1.98948569e-01  1.69204464e+09]
[-1.24218938e-01  1.98159473e-01  1.69204464e+09]
[-1.25205308e-01  1.99573269e-01  1.69204464e+09]
[-1.28098658e-01  2.01578887e-01  1.69204464e+09]
[-1.31945499e-01  2.02236467e-01  1.69204464e+09]
[-1.33474372e-01  2.02187148e-01  1.69204464e+09]
[-1.34066194e-01  2.01513129e-01  1.69204464e+09]
[-1.36860907e-01  2.01907677e-01  1.69204464e+09]
[-1.41546162e-01  2.02302225e-01  1.69204464e+09]
[-1.48911055e-01  2.05129817e-01  1.69204464e+09]
[-1.64035387e-01  2.09305447e-01  1.69204464e+09]
[-1.74622420e-01  2.12576906e-01  1.69204464e+09]
[-1.75674547e-01  2.15799046e-01  1.69204464e+09]
[-1.72435967e-01  2.20221268e-01  1.69204464e+09]
[-1.72156496e-01  2.23262574e-01  1.69204464e+09]
[-1.70101559e-01  2.26303879e-01  1.69204464e+09]
[-1.67043814e-01  2.26073726e-01  1.69204464e+09]
[-1.63476444e-01  2.24511975e-01  1.69204464e+09]
[-1.64610769e-01  2.22424160e-01  1.69204464e+09]
[-1.66747903e-01  2.22769389e-01  1.69204464e+09]
[-1.73652490e-01  2.24906523e-01  1.69204464e+09]
[-1.80540637e-01  2.27898510e-01  1.69204464e+09]
[-1.85636879e-01  2.31696032e-01  1.69204464e+09]
[-1.93494956e-01  2.36973108e-01  1.69204464e+09]
[-2.00070753e-01  2.41280254e-01  1.69204464e+09]
[-2.06547912e-01  2.46820362e-01  1.69204464e+09]
[-2.12630524e-01  2.51965922e-01  1.69204464e+09]
[-2.21770882e-01  2.56453903e-01  1.69204464e+09]
[-2.35267705e-01  2.61895374e-01  1.69204464e+09]
[-2.57280184e-01  2.68652004e-01  1.69204464e+09]
[-2.74541651e-01  2.80817225e-01  1.69204464e+09]
[-2.84306709e-01  3.14370222e-01  1.69204464e+09]
[-2.87808321e-01  3.31861838e-01  1.69204464e+09]
[-2.87495970e-01  3.33998971e-01  1.69204464e+09]
[-2.81627072e-01  3.29215080e-01  1.69204464e+09]
[-2.74015587e-01  3.22721482e-01  1.69204464e+09]
[-2.66946605e-01  3.17132056e-01  1.69204464e+09]
[-2.61209223e-01  3.13909916e-01  1.69204464e+09]
[-2.49783776e-01  3.09537012e-01  1.69204464e+09]
[-2.40396826e-01  3.04687363e-01  1.69204464e+09]
[-2.31914048e-01  2.99097937e-01  1.69204464e+09]
[-2.25387570e-01  2.94560638e-01  1.69204464e+09]
[-2.19929659e-01  2.90713798e-01  1.69204464e+09]
[-2.13666212e-01  2.86192938e-01  1.69204464e+09]
[-2.10493390e-01  2.81803595e-01  1.69204464e+09]
[-2.06416397e-01  2.80373359e-01  1.69204464e+09]
[-2.03506606e-01  2.81129576e-01  1.69204464e+09]
[-1.99462492e-01  2.80439117e-01  1.69204464e+09]
[-1.96717096e-01  2.79469187e-01  1.69204464e+09]
[-1.95056708e-01  2.76805990e-01  1.69204464e+09]
[-1.92837376e-01  2.73024908e-01  1.69204464e+09]
[-1.87823331e-01  2.66169641e-01  1.69204464e+09]
[-1.83861414e-01  2.60284304e-01  1.69204464e+09]
[-1.79093961e-01  2.54990788e-01  1.69204464e+09]
[-1.74523783e-01  2.49023253e-01  1.69204464e+09]
[-1.72929152e-01  2.44896942e-01  1.69204464e+09]
[-1.78699414e-01  2.38781452e-01  1.69204464e+09]
[-1.91538657e-01  2.33800286e-01  1.69204464e+09]
[-2.01122880e-01  2.29920567e-01  1.69204464e+09]
[-1.94711478e-01  2.21635064e-01  1.69204464e+09]
[-1.84995739e-01  2.12264555e-01  1.69204464e+09]
[-1.73126426e-01  2.08056046e-01  1.69204464e+09]
[-1.76923948e-01  2.16966249e-01  1.69204464e+09]
[-1.74951209e-01  2.27849191e-01  1.69204464e+09]
[-1.86475293e-01  2.36677197e-01  1.69204464e+09]
[-1.94448447e-01  2.43351630e-01  1.69204464e+09]
[-1.89746752e-01  2.41872076e-01  1.69204464e+09]
[-1.89450841e-01  2.41904955e-01  1.69204464e+09]
[-1.83779216e-01  2.41329573e-01  1.69204464e+09]
[-1.81592764e-01  2.46738164e-01  1.69204464e+09]
[-1.79028203e-01  2.52393349e-01  1.69204464e+09]
[-1.85571121e-01  2.66843660e-01  1.69204464e+09]
[-2.03013422e-01  2.82559811e-01  1.69204464e+09]
[-1.96010198e-01  2.74520901e-01  1.69204464e+09]
[-1.81181777e-01  2.70542545e-01  1.69204464e+09]
[-2.02832587e-01  2.72942710e-01  1.69204464e+09]
[-2.05282072e-01  2.60037711e-01  1.69204464e+09]
