HokinRight_Hand
Dev2/ai0 Dev2/ai1
[-6.25215274e-02  7.62578086e-03  1.69204465e+09]
[-8.44024903e-02  7.67509933e-03  1.69204465e+09]
[-8.68190955e-02  7.62578086e-03  1.69204465e+09]
[-8.92028218e-02  7.62578086e-03  1.69204465e+09]
[-9.53018731e-02  7.65865984e-03  1.69204465e+09]
[-1.01828351e-01  7.74085729e-03  1.69204465e+09]
[-1.09604231e-01  7.65865984e-03  1.69204465e+09]
[-1.26240996e-01  7.65865984e-03  1.69204465e+09]
[-1.48286354e-01  7.72441780e-03  1.69204465e+09]
[-1.82003751e-01  7.72441780e-03  1.69204465e+09]
[-2.13682652e-01  7.67509933e-03  1.69204465e+09]
[-2.29974188e-01  7.77373627e-03  1.69204465e+09]
[-2.30467373e-01  7.79017577e-03  1.69204465e+09]
[-2.32226399e-01  7.69153882e-03  1.69204465e+09]
[-2.21820200e-01  7.72441780e-03  1.69204465e+09]
[-2.04723129e-01  7.77373627e-03  1.69204465e+09]
[-1.89763191e-01  7.72441780e-03  1.69204465e+09]
[-1.77532210e-01  7.79017577e-03  1.69204465e+09]
[-1.55552609e-01  7.75729678e-03  1.69204465e+09]
[-1.29627531e-01  7.82305475e-03  1.69204465e+09]
[-1.00151523e-01  7.80661526e-03  1.69204465e+09]
[-6.00720432e-02  7.80661526e-03  1.69204465e+09]
[-2.38229653e-02  7.74085729e-03  1.69204465e+09]
[-1.00779860e-04  7.80661526e-03  1.69204465e+09]
[-1.33658842e-04  3.99293802e-02  1.69204465e+09]
[-5.14613870e-05  7.28083614e-02  1.69204465e+09]
[-6.79008779e-05  7.74936162e-02  1.69204465e+09]
[-1.85824052e-05  7.42385971e-02  1.69204465e+09]
[-2.14291430e-06  6.13993550e-02  1.69204465e+09]
[-3.50218961e-05  3.02629597e-02  1.69204465e+09]
[-1.85824052e-05  7.59290188e-03  1.69204465e+09]
[-2.69957872e-02  7.67509933e-03  1.69204465e+09]
[-9.49566437e-02  7.74085729e-03  1.69204465e+09]
[-1.34378544e-01  7.64222035e-03  1.69204465e+09]
[-1.47480819e-01  7.77373627e-03  1.69204465e+09]
[-1.52264711e-01  7.72441780e-03  1.69204465e+09]
[-1.56308826e-01  7.83949424e-03  1.69204465e+09]
[-1.61750298e-01  7.75729678e-03  1.69204465e+09]
[-1.65613578e-01  7.79017577e-03  1.69204465e+09]
[-1.66632827e-01  7.75729678e-03  1.69204465e+09]
[-1.64610769e-01  7.75729678e-03  1.69204465e+09]
[-1.54221010e-01  7.77373627e-03  1.69204465e+09]
[-1.44012086e-01  7.80661526e-03  1.69204465e+09]
[-1.16821167e-01  7.77373627e-03  1.69204465e+09]
[-8.29886940e-02  7.80661526e-03  1.69204465e+09]
[-7.37496999e-02  7.80661526e-03  1.69204465e+09]
[-8.40572610e-02  7.87237322e-03  1.69204465e+09]
[-8.63259108e-02  7.87237322e-03  1.69204465e+09]
[-8.76739491e-02  7.75729678e-03  1.69204465e+09]
[-9.01891912e-02  7.88881271e-03  1.69204465e+09]
[-9.12248792e-02  7.87237322e-03  1.69204465e+09]
[-9.53676310e-02  7.77373627e-03  1.69204465e+09]
[-9.75869624e-02  7.83949424e-03  1.69204465e+09]
[-9.64526374e-02  7.85593373e-03  1.69204465e+09]
[-9.17180639e-02  7.79017577e-03  1.69204465e+09]
[-8.00295856e-02  7.88881271e-03  1.69204465e+09]
[-6.21434191e-02  7.97101017e-03  1.69204465e+09]
[-4.39777814e-02  7.90525220e-03  1.69204465e+09]
[-3.66622078e-02  7.83949424e-03  1.69204465e+09]
[-2.95274687e-02  7.83949424e-03  1.69204465e+09]
[-2.33133411e-02  7.83949424e-03  1.69204465e+09]
[-1.12796337e-02  7.82305475e-03  1.69204465e+09]
[-1.85824052e-05  7.88881271e-03  1.69204465e+09]
[-8.43403688e-05  3.42413165e-02  1.69204465e+09]
[-6.79008779e-05  5.07794441e-02  1.69204465e+09]
[-1.33658842e-04  5.57934887e-02  1.69204465e+09]
[-3.50218961e-05  5.47742403e-02  1.69204465e+09]
[-5.14613870e-05  4.82806415e-02  1.69204465e+09]
[-5.14613870e-05  2.18295009e-02  1.69204465e+09]
[-1.00779860e-04  7.47782544e-03  1.69204465e+09]
[-1.00779860e-04  7.57646238e-03  1.69204465e+09]
[-3.50218961e-05  7.67509933e-03  1.69204465e+09]
[-5.65539921e-02  7.57646238e-03  1.69204465e+09]
[-7.55087255e-02  7.57646238e-03  1.69204465e+09]
[-8.75259937e-02  7.62578086e-03  1.69204465e+09]
[-9.36414844e-02  7.64222035e-03  1.69204465e+09]
[-9.85897713e-02  7.60934137e-03  1.69204465e+09]
[-1.04195638e-01  7.64222035e-03  1.69204465e+09]
[-1.09012409e-01  7.75729678e-03  1.69204465e+09]
[-1.15160779e-01  7.67509933e-03  1.69204465e+09]
[-1.16591014e-01  7.74085729e-03  1.69204465e+09]
[-1.11264619e-01  7.74085729e-03  1.69204465e+09]
[-9.96418988e-02  7.74085729e-03  1.69204465e+09]
[-9.41675482e-02  7.75729678e-03  1.69204465e+09]
[-9.40689112e-02  7.79017577e-03  1.69204465e+09]
[-9.02713887e-02  7.77373627e-03  1.69204465e+09]
[-6.90973239e-02  7.70797831e-03  1.69204465e+09]
[-3.44099976e-02  7.75729678e-03  1.69204465e+09]
[-8.43403688e-05  7.72441780e-03  1.69204465e+09]
[-8.43403688e-05  7.70797831e-03  1.69204465e+09]
[-1.00779860e-04  7.72441780e-03  1.69204465e+09]
[-5.14613870e-05  7.77373627e-03  1.69204465e+09]
[-2.45162706e-03  7.72441780e-03  1.69204465e+09]
[-2.05350671e-02  7.74085729e-03  1.69204465e+09]
[-3.86513863e-02  7.80661526e-03  1.69204465e+09]
[-5.75896801e-02  7.82305475e-03  1.69204465e+09]
[-7.59690313e-02  7.74085729e-03  1.69204465e+09]
[-9.11426817e-02  7.77373627e-03  1.69204465e+09]
[-1.02403733e-01  7.80661526e-03  1.69204465e+09]
[-1.02765402e-01  7.83949424e-03  1.69204465e+09]
[-8.69341720e-02  7.74085729e-03  1.69204465e+09]
[-6.39353237e-02  7.88881271e-03  1.69204465e+09]
[-4.61971127e-02  7.80661526e-03  1.69204465e+09]
[-3.03494433e-02  7.70797831e-03  1.69204465e+09]
[-2.11268888e-02  7.80661526e-03  1.69204465e+09]
[-4.07913666e-03  7.83949424e-03  1.69204465e+09]
[-1.85824052e-05  7.79017577e-03  1.69204465e+09]
[1.42965766e-05 7.79017577e-03 1.69204465e+09]
[-1.17219351e-04  7.83949424e-03  1.69204465e+09]
[-6.79008779e-05  7.85593373e-03  1.69204465e+09]
[-8.43403688e-05  7.80661526e-03  1.69204465e+09]
[-8.43403688e-05  7.90525220e-03  1.69204465e+09]
