HokinRight_Hand
Dev2/ai0 Dev2/ai1
[-1.41924271e-01  7.92169169e-03  1.69204466e+09]
[-1.47398621e-01  7.92169169e-03  1.69204466e+09]
[-1.52412666e-01  7.90525220e-03  1.69204466e+09]
[-1.52905851e-01  7.90525220e-03  1.69204466e+09]
[-1.51130386e-01  7.90525220e-03  1.69204466e+09]
[-1.50555004e-01  7.92169169e-03  1.69204466e+09]
[-1.52774335e-01  7.93813118e-03  1.69204466e+09]
[-1.56851329e-01  7.90525220e-03  1.69204466e+09]
[-1.60402259e-01  7.98744966e-03  1.69204466e+09]
[-1.59826877e-01  7.95457067e-03  1.69204466e+09]
[-1.54073055e-01  7.88881271e-03  1.69204466e+09]
[-1.48368551e-01  7.92169169e-03  1.69204466e+09]
[-1.42121545e-01  7.95457067e-03  1.69204466e+09]
[-1.32685277e-01  7.92169169e-03  1.69204466e+09]
[-1.23775072e-01  7.93813118e-03  1.69204466e+09]
[-1.17199276e-01  7.88881271e-03  1.69204466e+09]
[-1.18432237e-01  7.93813118e-03  1.69204466e+09]
[-1.21194072e-01  7.93813118e-03  1.69204466e+09]
[-1.18514435e-01  7.97101017e-03  1.69204466e+09]
[-1.14700473e-01  7.98744966e-03  1.69204466e+09]
[-1.11757804e-01  7.93813118e-03  1.69204466e+09]
[-1.06743759e-01  8.00388915e-03  1.69204466e+09]
[-9.68965037e-02  7.95457067e-03  1.69204466e+09]
[-9.26551149e-02  8.00388915e-03  1.69204466e+09]
[-8.94329746e-02  7.93813118e-03  1.69204466e+09]
[-8.86767580e-02  7.92169169e-03  1.69204466e+09]
[-9.01234333e-02  7.95457067e-03  1.69204466e+09]
[-8.59806815e-02  8.02032864e-03  1.69204466e+09]
[-7.86322289e-02  7.97101017e-03  1.69204466e+09]
[-7.11522603e-02  7.95457067e-03  1.69204466e+09]
[-6.04994700e-02  7.90525220e-03  1.69204466e+09]
[-4.18406475e-02  7.90525220e-03  1.69204466e+09]
[-2.28694748e-02  8.00388915e-03  1.69204466e+09]
[-8.20544889e-03  7.93813118e-03  1.69204466e+09]
[-9.39193896e-04  7.98744966e-03  1.69204466e+09]
[-1.28442321e-03  7.97101017e-03  1.69204466e+09]
[-2.45162706e-03  7.92169169e-03  1.69204466e+09]
[-4.75315579e-03  7.93813118e-03  1.69204466e+09]
[-8.18900940e-03  7.97101017e-03  1.69204466e+09]
[-2.04035512e-02  7.98744966e-03  1.69204466e+09]
[-4.46846795e-02  7.95457067e-03  1.69204466e+09]
[-7.43579611e-02  8.02032864e-03  1.69204466e+09]
[-9.78006757e-02  8.03676813e-03  1.69204466e+09]
[-1.11215301e-01  8.06964711e-03  1.69204466e+09]
[-1.15078581e-01  7.97101017e-03  1.69204466e+09]
[-1.15555326e-01  8.00388915e-03  1.69204466e+09]
[-1.12316747e-01  8.00388915e-03  1.69204466e+09]
[-1.06069740e-01  8.03676813e-03  1.69204466e+09]
[-1.03061313e-01  7.98744966e-03  1.69204466e+09]
[-1.04606625e-01  7.97101017e-03  1.69204466e+09]
[-1.04458670e-01  7.88881271e-03  1.69204466e+09]
[-1.03307905e-01  7.93813118e-03  1.69204466e+09]
[-1.00743345e-01  8.00388915e-03  1.69204466e+09]
[-9.54827075e-02  7.98744966e-03  1.69204466e+09]
[-9.05837390e-02  7.88881271e-03  1.69204466e+09]
[-8.35311973e-02  8.00388915e-03  1.69204466e+09]
[-7.61663052e-02  8.05320762e-03  1.69204466e+09]
[-7.21550693e-02  7.98744966e-03  1.69204466e+09]
[-6.86041392e-02  8.03676813e-03  1.69204466e+09]
[-6.28831962e-02  7.98744966e-03  1.69204466e+09]
[-5.59292915e-02  8.00388915e-03  1.69204466e+09]
[-4.64930235e-02  7.97101017e-03  1.69204466e+09]
[-3.56922779e-02  8.03676813e-03  1.69204466e+09]
[-2.93301948e-02  7.87237322e-03  1.69204466e+09]
[-2.23269716e-02  7.93813118e-03  1.69204466e+09]
[-3.98049972e-03  7.87237322e-03  1.69204466e+09]
[-2.14291431e-06  7.90525220e-03  1.69204466e+09]
[-1.17219351e-04  7.98744966e-03  1.69204466e+09]
[-6.79008779e-05  7.97101017e-03  1.69204466e+09]
[-2.14291431e-06  7.93813118e-03  1.69204466e+09]
[-1.00779860e-04  7.98744966e-03  1.69204466e+09]
[-1.33658842e-04  2.50680806e-02  1.69204466e+09]
[-2.14291431e-06  3.71511063e-02  1.69204466e+09]
[-1.17219351e-04  3.93704376e-02  1.69204466e+09]
[-3.50218961e-05  3.61482974e-02  1.69204466e+09]
[-1.33658842e-04  3.27124438e-02  1.69204466e+09]
[-6.79008779e-05  2.49036857e-02  1.69204466e+09]
[-2.14291430e-06  6.96820122e-03  1.69204466e+09]
[-5.14613870e-05  6.57365344e-03  1.69204466e+09]
[-1.50098332e-04  6.65585090e-03  1.69204466e+09]
[-1.33658842e-04  6.65585090e-03  1.69204466e+09]
[-5.14613870e-05  6.63941141e-03  1.69204466e+09]
[-1.85824052e-05  6.80380631e-03  1.69204466e+09]
[-1.00779860e-04  3.35344184e-02  1.69204466e+09]
[-8.43403688e-05  5.60400811e-02  1.69204466e+09]
[-1.17219351e-04  5.94923741e-02  1.69204466e+09]
[-1.00779860e-04  5.89169919e-02  1.69204466e+09]
[-3.50218961e-05  5.93115397e-02  1.69204466e+09]
[-1.85824052e-05  5.86703996e-02  1.69204466e+09]
[-8.43403688e-05  5.73552403e-02  1.69204466e+09]
[-6.79008779e-05  5.96896480e-02  1.69204466e+09]
[-1.00779860e-04  6.29775461e-02  1.69204466e+09]
[-1.50098332e-04  6.30433040e-02  1.69204466e+09]
[-6.79008779e-05  6.45721767e-02  1.69204466e+09]
[-5.14613870e-05  6.23364060e-02  1.69204466e+09]
[-6.79008779e-05  6.10376862e-02  1.69204466e+09]
[-1.85824052e-05  5.94430556e-02  1.69204466e+09]
[-6.79008779e-05  5.72894823e-02  1.69204466e+09]
[-5.14613870e-05  5.59414441e-02  1.69204466e+09]
[-3.50218961e-05  5.42481766e-02  1.69204466e+09]
[-5.14613870e-05  5.32289282e-02  1.69204466e+09]
[-8.43403688e-05  5.17658135e-02  1.69204466e+09]
[-8.43403688e-05  5.17822530e-02  1.69204466e+09]
[-5.14613870e-05  5.15356606e-02  1.69204466e+09]
[-1.85824052e-05  5.14863422e-02  1.69204466e+09]
[-3.50218961e-05  4.95793613e-02  1.69204466e+09]
[-5.14613870e-05  4.16555268e-02  1.69204466e+09]
[-6.79008779e-05  2.94574246e-02  1.69204466e+09]
[-1.85824052e-05  1.44481696e-02  1.69204466e+09]
[-8.43403688e-05  8.89162165e-03  1.69204466e+09]
[-8.43403688e-05  8.67790827e-03  1.69204466e+09]
