HokinRight_Hand
Dev2/ai0 Dev2/ai1
[-1.02074943e-01  7.93813118e-03  1.69204466e+09]
[-1.10179613e-01  7.85593373e-03  1.69204466e+09]
[-1.15259416e-01  7.83949424e-03  1.69204466e+09]
[-1.22295518e-01  7.88881271e-03  1.69204466e+09]
[-1.29216544e-01  7.88881271e-03  1.69204466e+09]
[-1.32405805e-01  7.74085729e-03  1.69204466e+09]
[-1.31863302e-01  7.74085729e-03  1.69204466e+09]
[-1.31550952e-01  7.72441780e-03  1.69204466e+09]
[-1.36384162e-01  7.77373627e-03  1.69204466e+09]
[-1.39951532e-01  7.75729678e-03  1.69204466e+09]
[-1.39277513e-01  7.69153882e-03  1.69204466e+09]
[-1.17018441e-01  2.10897238e-02  1.69204466e+09]
[-5.96939349e-02  7.00958455e-02  1.69204466e+09]
[-1.05727356e-02  1.27058679e-01  1.69204466e+09]
[-1.17219351e-04  1.62699494e-01  1.69204466e+09]
[-1.00779860e-04  1.85353111e-01  1.69204466e+09]
[-3.50218961e-05  1.98685537e-01  1.69204466e+09]
[-1.00779860e-04  2.04357161e-01  1.69204466e+09]
[-1.33658842e-04  2.09338326e-01  1.69204466e+09]
[-1.00779860e-04  2.15371619e-01  1.69204466e+09]
[-8.43403688e-05  2.23558485e-01  1.69204466e+09]
[-5.14613870e-05  2.35444235e-01  1.69204466e+09]
[-5.14613870e-05  2.45176413e-01  1.69204466e+09]
[-5.14613870e-05  2.49384922e-01  1.69204466e+09]
[-5.14613870e-05  2.45768235e-01  1.69204466e+09]
[-1.00779860e-04  2.42151547e-01  1.69204466e+09]
[-1.17219351e-04  2.38912968e-01  1.69204466e+09]
[-1.17219351e-04  2.35608630e-01  1.69204466e+09]
[-5.14613870e-05  2.31696032e-01  1.69204466e+09]
[-5.14613870e-05  2.26879261e-01  1.69204466e+09]
[-1.00779860e-04  2.18445803e-01  1.69204467e+09]
[-5.14613870e-05  2.06379218e-01  1.69204467e+09]
[-8.43403688e-05  1.77297761e-01  1.69204467e+09]
[-8.43403688e-05  6.32405779e-02  1.69204467e+09]
[-1.33658842e-04  9.36836689e-03  1.69204467e+09]
[-3.50218961e-05  6.60653242e-03  1.69204467e+09]
[-7.36703487e-03  6.55721395e-03  1.69204467e+09]
[-6.00062853e-02  6.63941141e-03  1.69204467e+09]
[-9.43155036e-02  6.50789548e-03  1.69204467e+09]
[-1.15325174e-01  6.63941141e-03  1.69204467e+09]
[-1.29068588e-01  6.52433497e-03  1.69204467e+09]
[-1.43666857e-01  6.57365344e-03  1.69204467e+09]
[-1.52988049e-01  6.59009293e-03  1.69204467e+09]
[-1.55947157e-01  6.54077446e-03  1.69204467e+09]
[-1.60714610e-01  6.59009293e-03  1.69204467e+09]
[-1.63953190e-01  6.54077446e-03  1.69204467e+09]
[-1.69904285e-01  6.50789548e-03  1.69204467e+09]
[-1.75329318e-01  6.65585090e-03  1.69204467e+09]
[-1.77893878e-01  6.55721395e-03  1.69204467e+09]
[-1.77466452e-01  6.65585090e-03  1.69204467e+09]
[-1.77565089e-01  6.57365344e-03  1.69204467e+09]
[-1.72830515e-01  6.60653242e-03  1.69204467e+09]
[-1.60402259e-01  6.57365344e-03  1.69204467e+09]
[-1.47875367e-01  6.62297191e-03  1.69204467e+09]
[-1.36334844e-01  6.57365344e-03  1.69204467e+09]
[-1.32224971e-01  6.67229039e-03  1.69204467e+09]
[-1.33194901e-01  6.62297191e-03  1.69204467e+09]
[-1.31912620e-01  6.59009293e-03  1.69204467e+09]
[-1.31222162e-01  6.59009293e-03  1.69204467e+09]
[-1.29528894e-01  6.65585090e-03  1.69204467e+09]
[-1.27276684e-01  6.62297191e-03  1.69204467e+09]
[-1.22394155e-01  6.57365344e-03  1.69204467e+09]
[-1.15555326e-01  6.67229039e-03  1.69204467e+09]
[-1.10853632e-01  6.65585090e-03  1.69204467e+09]
[-1.07598613e-01  6.65585090e-03  1.69204467e+09]
[-1.08124676e-01  6.68872988e-03  1.69204467e+09]
[-1.06119058e-01  6.59009293e-03  1.69204467e+09]
[-1.02222899e-01  6.65585090e-03  1.69204467e+09]
[-9.35428475e-02  6.63941141e-03  1.69204467e+09]
[-7.72348721e-02  6.63941141e-03  1.69204467e+09]
[-5.49100430e-02  6.55721395e-03  1.69204467e+09]
[-3.33085517e-02  6.54077446e-03  1.69204467e+09]
[-2.11433283e-02  6.62297191e-03  1.69204467e+09]
[-2.02884748e-02  6.52433497e-03  1.69204467e+09]
[-2.03213537e-02  6.62297191e-03  1.69204467e+09]
[-2.00418824e-02  6.62297191e-03  1.69204467e+09]
[-1.88417995e-02  6.60653242e-03  1.69204467e+09]
[-3.38510549e-02  6.63941141e-03  1.69204467e+09]
[-7.10865024e-02  6.62297191e-03  1.69204467e+09]
[-1.04869657e-01  6.67229039e-03  1.69204467e+09]
[-1.22180442e-01  6.70516937e-03  1.69204467e+09]
[-1.27178047e-01  6.59009293e-03  1.69204467e+09]
[-1.29364499e-01  6.59009293e-03  1.69204467e+09]
[-1.30334429e-01  6.59009293e-03  1.69204467e+09]
[-1.36499239e-01  6.68872988e-03  1.69204467e+09]
[-1.42647608e-01  6.67229039e-03  1.69204467e+09]
[-1.50176896e-01  6.57365344e-03  1.69204467e+09]
[-1.46297176e-01  6.60653242e-03  1.69204467e+09]
[-1.25188868e-01  6.57365344e-03  1.69204467e+09]
[-8.38106686e-02  6.59009293e-03  1.69204467e+09]
[-7.70540377e-02  6.55721395e-03  1.69204467e+09]
[-8.28571781e-02  6.57365344e-03  1.69204467e+09]
[-9.22112487e-02  6.54077446e-03  1.69204467e+09]
[-8.74931147e-02  6.55721395e-03  1.69204467e+09]
[-5.84938521e-02  6.52433497e-03  1.69204467e+09]
[-4.53751381e-02  6.57365344e-03  1.69204467e+09]
[-5.24605588e-02  6.60653242e-03  1.69204467e+09]
[-6.22420561e-02  6.54077446e-03  1.69204467e+09]
[-7.70375982e-02  6.54077446e-03  1.69204467e+09]
[-8.22489169e-02  6.55721395e-03  1.69204467e+09]
[-7.27962095e-02  6.54077446e-03  1.69204467e+09]
[-7.40620503e-02  6.57365344e-03  1.69204467e+09]
[-7.73006301e-02  6.52433497e-03  1.69204467e+09]
[-8.08844392e-02  6.57365344e-03  1.69204467e+09]
[-8.52080254e-02  6.59009293e-03  1.69204467e+09]
[-8.86767580e-02  6.57365344e-03  1.69204467e+09]
[-9.36743634e-02  6.55721395e-03  1.69204467e+09]
[-9.06988155e-02  6.57365344e-03  1.69204467e+09]
[-7.95692799e-02  6.59009293e-03  1.69204467e+09]
[-7.21221903e-02  6.59009293e-03  1.69204467e+09]
[-7.37661394e-02  6.55721395e-03  1.69204467e+09]
[-7.72513116e-02  6.62297191e-03  1.69204467e+09]
[-7.68567638e-02  6.60653242e-03  1.69204467e+09]
[-6.67957951e-02  6.62297191e-03  1.69204467e+09]
[-4.37969470e-02  6.60653242e-03  1.69204467e+09]
[-2.48750928e-02  6.57365344e-03  1.69204467e+09]
[-8.20544889e-03  6.55721395e-03  1.69204467e+09]
[-4.01337870e-03  6.54077446e-03  1.69204467e+09]
[-1.99416805e-04  6.60653242e-03  1.69204467e+09]
[-6.79008779e-05  6.59009293e-03  1.69204467e+09]
[-5.14613870e-05  6.62297191e-03  1.69204467e+09]
[-8.43403688e-05  6.62297191e-03  1.69204467e+09]
[-1.85824052e-05  6.63941141e-03  1.69204467e+09]
[-8.43403688e-05  6.62297191e-03  1.69204467e+09]
[-1.33658842e-04  6.60653242e-03  1.69204467e+09]
[-3.09276721e-03  6.54077446e-03  1.69204467e+09]
[-1.27756274e-02  6.60653242e-03  1.69204467e+09]
[-2.79492776e-02  6.55721395e-03  1.69204467e+09]
[-4.87123548e-02  6.60653242e-03  1.69204467e+09]
[-6.99192985e-02  6.65585090e-03  1.69204467e+09]
[-8.53888598e-02  6.70516937e-03  1.69204467e+09]
[-9.16851850e-02  6.65585090e-03  1.69204467e+09]
[-9.08138919e-02  6.62297191e-03  1.69204467e+09]
[-8.56025732e-02  6.67229039e-03  1.69204467e+09]
[-8.63587898e-02  6.63941141e-03  1.69204467e+09]
[-8.79698599e-02  6.70516937e-03  1.69204467e+09]
[-9.51374781e-02  6.67229039e-03  1.69204467e+09]
[-9.50224017e-02  6.67229039e-03  1.69204467e+09]
[-9.54662680e-02  6.54077446e-03  1.69204467e+09]
[-9.65677139e-02  6.70516937e-03  1.69204467e+09]
[-9.38551978e-02  6.63941141e-03  1.69204467e+09]
[-8.96795670e-02  6.62297191e-03  1.69204467e+09]
[-8.78547835e-02  6.60653242e-03  1.69204467e+09]
[-8.43038534e-02  6.60653242e-03  1.69204467e+09]
[-7.73992670e-02  6.57365344e-03  1.69204467e+09]
[-6.78314831e-02  6.59009293e-03  1.69204467e+09]
[-5.51073169e-02  6.62297191e-03  1.69204467e+09]
[-3.76156983e-02  6.54077446e-03  1.69204467e+09]
[-1.50607166e-02  6.60653242e-03  1.69204467e+09]
[-8.43403688e-05  6.63941141e-03  1.69204467e+09]
[-5.14613870e-05  6.62297191e-03  1.69204467e+09]
[-6.79008779e-05  3.59510235e-02  1.69204467e+09]
[-1.85824052e-05  6.11856416e-02  1.69204467e+09]
[-1.00779860e-04  7.16247181e-02  1.69204467e+09]
[-5.14613870e-05  7.81840748e-02  1.69204467e+09]
[-6.79008779e-05  8.28200111e-02  1.69204467e+09]
[-1.17219351e-04  8.88533041e-02  1.69204467e+09]
[-8.43403688e-05  9.23877945e-02  1.69204467e+09]
[-8.43403688e-05  9.36371958e-02  1.69204467e+09]
[-8.43403688e-05  9.61031193e-02  1.69204467e+09]
[-6.79008779e-05  9.73032021e-02  1.69204467e+09]
[-5.14613870e-05  9.80265397e-02  1.69204467e+09]
[-8.43403688e-05  9.77306289e-02  1.69204467e+09]
[-6.79008779e-05  9.97691257e-02  1.69204467e+09]
[-6.79008779e-05  1.08498495e-01  1.69204467e+09]
[-1.00779860e-04  1.26844966e-01  1.69204467e+09]
[-3.50218961e-05  1.38089577e-01  1.69204467e+09]
[-1.00779860e-04  1.41673386e-01  1.69204467e+09]
[-8.43403688e-05  1.39815724e-01  1.69204467e+09]
[-6.79008779e-05  1.37990940e-01  1.69204467e+09]
[-6.79008779e-05  1.36675781e-01  1.69204467e+09]
[-1.00779860e-04  1.35672972e-01  1.69204467e+09]
[3.07360675e-05 1.34850998e-01 1.69204467e+09]
[-1.85824052e-05  1.32697425e-01  1.69204467e+09]
[-3.50218961e-05  1.30510972e-01  1.69204467e+09]
[-8.43403688e-05  1.27831335e-01  1.69204467e+09]
[-2.14291431e-06  1.23540629e-01  1.69204467e+09]
[-1.85824052e-05  1.14235877e-01  1.69204467e+09]
[-8.43403688e-05  9.62017563e-02  1.69204467e+09]
[-1.00779860e-04  8.77189792e-02  1.69204467e+09]
[-1.00779860e-04  8.94286862e-02  1.69204467e+09]
[-1.17219351e-04  9.14343041e-02  1.69204467e+09]
[-1.00779860e-04  9.22398391e-02  1.69204467e+09]
[3.07360675e-05 9.31933295e-02 1.69204467e+09]
[-1.00779860e-04  9.30124952e-02  1.69204467e+09]
[-8.43403688e-05  9.19110493e-02  1.69204467e+09]
[-6.79008779e-05  8.87217882e-02  1.69204467e+09]
[-6.79008779e-05  7.02109219e-02  1.69204467e+09]
[-8.43403688e-05  4.22473484e-02  1.69204467e+09]
[-5.14613870e-05  1.23274752e-02  1.69204467e+09]
[-8.43403688e-05  7.06683817e-03  1.69204467e+09]
[-3.50218961e-05  7.13259613e-03  1.69204467e+09]
[-7.87665907e-03  6.98464071e-03  1.69204467e+09]
[-2.98069401e-02  7.06683817e-03  1.69204467e+09]
[-4.88438708e-02  7.18191460e-03  1.69204467e+09]
[-6.54970753e-02  7.09971715e-03  1.69204467e+09]
[-7.62649421e-02  7.16547511e-03  1.69204467e+09]
[-8.66218216e-02  7.19835409e-03  1.69204467e+09]
[-9.60580897e-02  7.16547511e-03  1.69204467e+09]
[-1.02206459e-01  7.14903562e-03  1.69204467e+09]
[-1.06332772e-01  7.16547511e-03  1.69204467e+09]
[-1.06973912e-01  7.16547511e-03  1.69204467e+09]
[-1.07960281e-01  7.13259613e-03  1.69204467e+09]
[-1.10179613e-01  7.18191460e-03  1.69204467e+09]
[-1.08469906e-01  7.13259613e-03  1.69204467e+09]
[-1.05691632e-01  7.19835409e-03  1.69204467e+09]
[-1.03620256e-01  7.21479359e-03  1.69204467e+09]
[-9.85404529e-02  7.13259613e-03  1.69204467e+09]
[-8.87260765e-02  7.14903562e-03  1.69204467e+09]
[-7.78760123e-02  7.09971715e-03  1.69204467e+09]
[-5.63238392e-02  7.16547511e-03  1.69204467e+09]
[-1.79376275e-02  7.14903562e-03  1.69204467e+09]
[-1.85824052e-05  7.13259613e-03  1.69204467e+09]
[-5.14613870e-05  7.13259613e-03  1.69204467e+09]
[-5.14613870e-05  2.47064118e-02  1.69204467e+09]
[-6.79008779e-05  4.13596159e-02  1.69204467e+09]
[-8.43403688e-05  5.11411129e-02  1.69204467e+09]
[-5.14613870e-05  5.68784951e-02  1.69204467e+09]
[-6.79008779e-05  5.94594951e-02  1.69204467e+09]
[-6.79008779e-05  6.31912595e-02  1.69204467e+09]
[-1.85824052e-05  6.38652786e-02  1.69204467e+09]
[-8.43403688e-05  6.48187690e-02  1.69204467e+09]
[-8.43403688e-05  6.37666416e-02  1.69204467e+09]
[-1.00779860e-04  6.52626353e-02  1.69204467e+09]
[-8.43403688e-05  6.47201321e-02  1.69204467e+09]
[-3.50218961e-05  5.92622212e-02  1.69204467e+09]
[-6.79008779e-05  3.37645712e-02  1.69204467e+09]
[-6.79008779e-05  4.48583810e-03  1.69204467e+09]
[1.42965766e-05 4.65023301e-03 1.69204467e+09]
[-6.79008779e-05  4.89682537e-03  1.69204467e+09]
[-2.98562585e-02  4.84750690e-03  1.69204468e+09]
[-5.24112403e-02  4.92970435e-03  1.69204468e+09]
[-6.24393300e-02  4.92970435e-03  1.69204468e+09]
[-6.40339606e-02  5.04478079e-03  1.69204468e+09]
[-6.89986870e-02  5.11053875e-03  1.69204468e+09]
[-7.02974068e-02  5.17629672e-03  1.69204468e+09]
[-5.86418075e-02  5.14341774e-03  1.69204468e+09]
[-3.14673287e-02  5.17629672e-03  1.69204468e+09]
[-9.52060816e-03  5.15985723e-03  1.69204468e+09]
[-1.00779860e-04  5.20917570e-03  1.69204468e+09]
