HokinRight_Hand
Dev2/ai0 Dev2/ai1
[-1.62901062e-01  3.43086395e-04  1.69204443e+09]
[-1.61865374e-01  3.75965377e-04  1.69204443e+09]
[-1.58906266e-01  4.58162831e-04  1.69204443e+09]
[-1.52461985e-01  4.41723340e-04  1.69204443e+09]
[-1.47365742e-01  3.92404867e-04  1.69204443e+09]
[-1.44505271e-01  2.93767922e-04  1.69204443e+09]
[-1.39129557e-01  3.92404867e-04  1.69204443e+09]
[-1.30022079e-01  4.25283849e-04  1.69204443e+09]
[-1.27293123e-01  3.75965377e-04  1.69204443e+09]
[-1.29808366e-01  3.92404867e-04  1.69204443e+09]
[-1.34822410e-01  4.08844358e-04  1.69204443e+09]
[-1.38636372e-01  4.25283849e-04  1.69204443e+09]
[-1.42844882e-01  3.75965377e-04  1.69204443e+09]
[-1.49059010e-01  4.41723340e-04  1.69204443e+09]
[-1.55503291e-01  3.75965377e-04  1.69204443e+09]
[-1.63640839e-01  3.75965377e-04  1.69204443e+09]
[-1.68720642e-01  3.10207413e-04  1.69204443e+09]
[-1.72616802e-01  4.08844358e-04  1.69204443e+09]
[-1.76923948e-01  4.74602322e-04  1.69204443e+09]
[-1.80261165e-01  3.92404867e-04  1.69204443e+09]
[-1.81822917e-01  3.59525886e-04  1.69204443e+09]
[-1.86360217e-01  3.43086395e-04  1.69204443e+09]
[-1.90075542e-01  4.25283849e-04  1.69204443e+09]
[-1.95270421e-01  4.25283849e-04  1.69204443e+09]
[-2.00563937e-01  4.08844358e-04  1.69204443e+09]
[-2.06153365e-01  4.74602322e-04  1.69204443e+09]
[-2.08487772e-01  4.58162831e-04  1.69204443e+09]
[-2.03605243e-01  4.25283849e-04  1.69204443e+09]
[-1.91785249e-01  4.08844358e-04  1.69204443e+09]
[-1.76151292e-01  4.91041813e-04  1.69204443e+09]
[-1.49601513e-01  4.58162831e-04  1.69204443e+09]
[-8.76246306e-02  3.92404867e-04  1.69204443e+09]
[-1.20687293e-02  4.08844358e-04  1.69204443e+09]
[-8.43403688e-05  4.08844358e-04  1.69204443e+09]
[-8.43403688e-05  7.95156735e-02  1.69204443e+09]
[-8.43403688e-05  1.10356157e-01  1.69204443e+09]
[-5.14613870e-05  1.14466030e-01  1.69204443e+09]
[-1.17219351e-04  1.10882221e-01  1.69204443e+09]
[-1.00779860e-04  1.06164087e-01  1.69204443e+09]
[-1.00779860e-04  1.02547400e-01  1.69204443e+09]
[-6.79008779e-05  1.01002087e-01  1.69204443e+09]
[-1.17219351e-04  9.84539665e-02  1.69204443e+09]
[-1.00779860e-04  9.00533869e-02  1.69204443e+09]
[-6.79008779e-05  7.99759793e-02  1.69204443e+09]
[-1.50098332e-04  5.61715970e-02  1.69204443e+09]
[-8.43403688e-05  1.53687810e-02  1.69204443e+09]
[-3.50218961e-05  6.27774261e-03  1.69204443e+09]
[-6.79008779e-05  5.91607381e-03  1.69204443e+09]
[-6.79008779e-05  5.75167890e-03  1.69204443e+09]
[-1.85623282e-02  5.66948144e-03  1.69204443e+09]
[-9.01098394e-03  5.48864704e-03  1.69204443e+09]
[-8.43403688e-05  5.45576806e-03  1.69204443e+09]
[-5.14613870e-05  5.47220755e-03  1.69204443e+09]
[-1.50098332e-04  3.49810935e-02  1.69204443e+09]
[-3.50218961e-05  5.58263677e-02  1.69204443e+09]
[-1.00779860e-04  6.04623040e-02  1.69204443e+09]
[-5.14613870e-05  5.77826671e-02  1.69204443e+09]
[-3.50218961e-05  4.25268198e-02  1.69204443e+09]
[-1.33658842e-04  7.80661526e-03  1.69204443e+09]
[-3.50218961e-05  6.14622668e-03  1.69204443e+09]
[-8.43403688e-05  6.11334770e-03  1.69204443e+09]
[-3.50218961e-05  6.04758973e-03  1.69204443e+09]
[-4.27641057e-03  6.03115024e-03  1.69204443e+09]
[-5.97761324e-02  5.94895279e-03  1.69204443e+09]
[-8.86274396e-02  5.99827126e-03  1.69204443e+09]
[-1.06250574e-01  5.86675533e-03  1.69204443e+09]
[-1.15390932e-01  5.80099737e-03  1.69204443e+09]
[-1.23150372e-01  5.91607381e-03  1.69204443e+09]
[-1.26898576e-01  5.86675533e-03  1.69204443e+09]
[-1.29726168e-01  5.86675533e-03  1.69204443e+09]
[-1.30827614e-01  5.80099737e-03  1.69204443e+09]
[-1.30959130e-01  5.75167890e-03  1.69204443e+09]
[-1.28295932e-01  5.75167890e-03  1.69204443e+09]
[-1.26602665e-01  5.78455788e-03  1.69204443e+09]
[-1.30416627e-01  5.70236043e-03  1.69204443e+09]
[-1.33277098e-01  5.70236043e-03  1.69204443e+09]
[-1.39162436e-01  5.65304195e-03  1.69204443e+09]
[-1.41513284e-01  5.71879992e-03  1.69204443e+09]
[-1.40198124e-01  5.66948144e-03  1.69204443e+09]
[-1.33720965e-01  5.68592093e-03  1.69204443e+09]
[-1.31222162e-01  5.66948144e-03  1.69204443e+09]
[-1.14322365e-01  5.63660246e-03  1.69204443e+09]
[-5.93980241e-02  5.57084450e-03  1.69204443e+09]
[-1.00779860e-04  5.60372348e-03  1.69204443e+09]
[-5.14613870e-05  5.53796552e-03  1.69204443e+09]
[-5.14613870e-05  5.58728399e-03  1.69204444e+09]
[-8.43403688e-05  7.12794888e-02  1.69204444e+09]
[-6.79008779e-05  7.71812659e-02  1.69204444e+09]
[-6.79008779e-05  7.90389283e-02  1.69204444e+09]
[-1.85824052e-05  8.12089410e-02  1.69204444e+09]
[-6.79008779e-05  8.88697436e-02  1.69204444e+09]
[-3.50218961e-05  1.01544591e-01  1.69204444e+09]
[-1.85824052e-05  1.18296431e-01  1.69204444e+09]
[-3.50218961e-05  1.27666941e-01  1.69204444e+09]
[-3.50218961e-05  1.33913947e-01  1.69204444e+09]
[-1.00779860e-04  1.29064297e-01  1.69204444e+09]
[-8.43403688e-05  1.00311629e-01  1.69204444e+09]
[-3.50218961e-05  3.93375586e-02  1.69204444e+09]
[-1.85824052e-05  6.73804835e-03  1.69204444e+09]
[-1.00779860e-04  6.34350057e-03  1.69204444e+09]
[-1.17219351e-04  6.09690821e-03  1.69204444e+09]
[-6.79008779e-05  5.89963432e-03  1.69204444e+09]
[-3.50218961e-05  5.91607381e-03  1.69204444e+09]
[-1.85824052e-05  5.88319482e-03  1.69204444e+09]
[-1.00779860e-04  5.76811839e-03  1.69204444e+09]
[-5.14613870e-05  5.60372348e-03  1.69204444e+09]
[-3.50218961e-05  5.62016297e-03  1.69204444e+09]
[-6.79008779e-05  5.65304195e-03  1.69204444e+09]
[-2.97769077e-03  5.57084450e-03  1.69204444e+09]
[-3.89830226e-03  5.53796552e-03  1.69204444e+09]
[-7.05468452e-03  7.75729678e-03  1.69204444e+09]
[-1.17235000e-02  9.18753249e-03  1.69204444e+09]
[-1.27756274e-02  9.59851976e-03  1.69204444e+09]
[-1.22988821e-02  1.00588255e-02  1.69204444e+09]
[-1.20687293e-02  1.06013287e-02  1.69204444e+09]
[-7.63006670e-03  9.68071721e-03  1.69204444e+09]
[-1.33658842e-04  5.29137315e-03  1.69204444e+09]
[-1.33658842e-04  5.15985723e-03  1.69204444e+09]
[-6.79008779e-05  5.25849417e-03  1.69204444e+09]
[-1.99132131e-03  5.11246734e-02  1.69204444e+09]
[-1.00779860e-04  1.07249094e-01  1.69204444e+09]
[-6.79008779e-05  1.29590361e-01  1.69204444e+09]
[-3.50218961e-05  1.67236793e-01  1.69204444e+09]
[-6.79008779e-05  2.17969058e-01  1.69204444e+09]
[-1.17219351e-04  2.20040434e-01  1.69204444e+09]
[-1.85824052e-05  2.17771784e-01  1.69204444e+09]
[-1.33658842e-04  2.08993097e-01  1.69204444e+09]
[-8.43403688e-05  1.57290902e-01  1.69204444e+09]
[-6.79008779e-05  3.67894375e-02  1.69204444e+09]
[-6.79008779e-05  8.43131591e-03  1.69204444e+09]
[-1.00779860e-04  6.98464071e-03  1.69204444e+09]
[-6.79008779e-05  6.03115024e-03  1.69204444e+09]
[-5.14613870e-05  5.55440501e-03  1.69204444e+09]
[-1.17219351e-04  5.27493366e-03  1.69204444e+09]
[-8.54710572e-02  5.02834130e-03  1.69204444e+09]
[-1.42581850e-01  5.01190181e-03  1.69204444e+09]
[-1.74277190e-01  4.89682537e-03  1.69204444e+09]
[-1.92130478e-01  4.69955148e-03  1.69204444e+09]
[-1.85949229e-01  4.73243046e-03  1.69204444e+09]
[-1.68342534e-01  4.60091454e-03  1.69204444e+09]
[-1.54056616e-01  4.50227759e-03  1.69204444e+09]
[-1.37929474e-01  4.38720115e-03  1.69204444e+09]
[-1.41365328e-01  4.40364065e-03  1.69204444e+09]
[-1.79126840e-01  4.25568523e-03  1.69204444e+09]
[-2.35629373e-01  3.91045592e-03  1.69204444e+09]
[-2.86410964e-01  3.66386356e-03  1.69204444e+09]
[-3.22643604e-01  3.36795272e-03  1.69204444e+09]
[-3.37143236e-01  3.17067883e-03  1.69204444e+09]
[-3.24271114e-01  2.92408647e-03  1.69204444e+09]
[-2.93167595e-01  2.95696545e-03  1.69204444e+09]
[-2.59548834e-01  2.97340494e-03  1.69204444e+09]
[-2.35777329e-01  2.89120748e-03  1.69204444e+09]
[-2.20702315e-01  2.84188901e-03  1.69204444e+09]
[-2.05479345e-01  2.84188901e-03  1.69204444e+09]
[-1.64364177e-01  2.69393359e-03  1.69204444e+09]
[-7.39798528e-02  2.57885716e-03  1.69204444e+09]
[-9.73432155e-03  2.56241767e-03  1.69204444e+09]
[-2.14291431e-06  2.62817563e-03  1.69204444e+09]
[-8.43403688e-05  6.57558200e-02  1.69204444e+09]
[-8.43403688e-05  1.53887927e-01  1.69204444e+09]
[-1.50098332e-04  2.18840351e-01  1.69204444e+09]
[-5.14613870e-05  2.28391694e-01  1.69204444e+09]
[-7.84378009e-03  2.24446217e-01  1.69204444e+09]
[-9.55155864e-02  2.26386077e-01  1.69204444e+09]
[-1.80885866e-01  2.42135108e-01  1.69204444e+09]
[-2.41136603e-01  2.42315942e-01  1.69204444e+09]
[-2.97819971e-01  2.49302725e-01  1.69204444e+09]
[-3.33000484e-01  2.77480009e-01  1.69204444e+09]
[-3.52514161e-01  3.07827306e-01  1.69204444e+09]
[-3.65616436e-01  3.20518591e-01  1.69204444e+09]
[-3.71600411e-01  3.20798062e-01  1.69204444e+09]
[-3.70416768e-01  3.17855394e-01  1.69204444e+09]
[-3.74362246e-01  3.12101573e-01  1.69204444e+09]
[-3.62016187e-01  3.06512146e-01  1.69204444e+09]
[-3.45494498e-01  2.96204587e-01  1.69204444e+09]
[-3.35680121e-01  2.89119167e-01  1.69204444e+09]
[-3.26671280e-01  2.85486040e-01  1.69204444e+09]
[-3.21755871e-01  2.82411856e-01  1.69204444e+09]
[-3.19454343e-01  2.80225404e-01  1.69204444e+09]
[-3.12007253e-01  2.78762289e-01  1.69204444e+09]
[-3.10659214e-01  2.77611525e-01  1.69204444e+09]
[-3.06187673e-01  2.75819621e-01  1.69204444e+09]
[-3.01896965e-01  2.75194920e-01  1.69204444e+09]
[-2.91934633e-01  2.72383768e-01  1.69204444e+09]
[-2.80706460e-01  2.68438290e-01  1.69204444e+09]
[-2.72683988e-01  2.66383354e-01  1.69204444e+09]
[-2.65779401e-01  2.62750227e-01  1.69204444e+09]
[-2.57247305e-01  2.57308756e-01  1.69204444e+09]
[-2.53844330e-01  2.52442667e-01  1.69204444e+09]
[-2.51838712e-01  2.48941056e-01  1.69204444e+09]
[-2.51592120e-01  2.47116273e-01  1.69204444e+09]
[-2.49454986e-01  2.47329986e-01  1.69204444e+09]
[-2.45969814e-01  2.54875712e-01  1.69204444e+09]
[-2.43240858e-01  2.57900578e-01  1.69204444e+09]
[-2.46068451e-01  2.58788310e-01  1.69204444e+09]
[-2.44260107e-01  2.57127922e-01  1.69204444e+09]
[-2.43224419e-01  2.54777075e-01  1.69204444e+09]
[-2.43421693e-01  2.52590623e-01  1.69204444e+09]
[-2.40051597e-01  2.50157578e-01  1.69204444e+09]
[-2.37750068e-01  2.48858859e-01  1.69204444e+09]
[-2.36023921e-01  2.48382113e-01  1.69204444e+09]
[-2.33229208e-01  2.46902559e-01  1.69204444e+09]
[-2.30549570e-01  2.46162782e-01  1.69204444e+09]
[-2.27310991e-01  2.44337999e-01  1.69204444e+09]
[-2.24466958e-01  2.41477528e-01  1.69204444e+09]
[-2.17644569e-01  2.34342790e-01  1.69204444e+09]
[-2.16460926e-01  2.28638287e-01  1.69204444e+09]
[-2.12022263e-01  2.24248943e-01  1.69204444e+09]
[-2.10312556e-01  2.19070504e-01  1.69204444e+09]
[-2.08701486e-01  2.14697600e-01  1.69204444e+09]
[-2.08668607e-01  2.10423332e-01  1.69204444e+09]
[-2.09194671e-01  2.07562861e-01  1.69204444e+09]
[-2.07156174e-01  2.06592931e-01  1.69204444e+09]
[-2.07271250e-01  2.06083307e-01  1.69204444e+09]
[-2.01977734e-01  2.06033989e-01  1.69204444e+09]
[-2.01599625e-01  2.06181944e-01  1.69204444e+09]
[-2.03309333e-01  2.05836715e-01  1.69204444e+09]
[-2.02355842e-01  2.05343530e-01  1.69204444e+09]
[-2.00711893e-01  2.05294212e-01  1.69204444e+09]
[-1.98509001e-01  2.04801027e-01  1.69204444e+09]
[-1.96223912e-01  2.03929734e-01  1.69204444e+09]
[-1.92903134e-01  2.02154269e-01  1.69204444e+09]
[-1.89105612e-01  2.00362365e-01  1.69204444e+09]
[-1.86064306e-01  1.98060836e-01  1.69204444e+09]
[-1.85423166e-01  1.96186734e-01  1.69204444e+09]
[-1.82595573e-01  1.93934524e-01  1.69204444e+09]
[-1.83614822e-01  1.93079671e-01  1.69204444e+09]
[-1.83072318e-01  1.91945346e-01  1.69204444e+09]
[-1.86541051e-01  1.92668684e-01  1.69204444e+09]
[-1.88152121e-01  1.94509907e-01  1.69204444e+09]
[-1.89154930e-01  1.95841505e-01  1.69204444e+09]
[-1.89911147e-01  1.95825066e-01  1.69204444e+09]
[-1.88497351e-01  1.95463397e-01  1.69204444e+09]
[-1.87067115e-01  1.95627792e-01  1.69204444e+09]
[-1.85340968e-01  1.95183926e-01  1.69204444e+09]
[-1.83910732e-01  1.95068849e-01  1.69204444e+09]
[-1.80935184e-01  1.94329072e-01  1.69204444e+09]
[-1.77910318e-01  1.93950964e-01  1.69204444e+09]
[-1.76200611e-01  1.94246875e-01  1.69204444e+09]
[-1.74359388e-01  1.94279754e-01  1.69204444e+09]
[-1.72600362e-01  1.94033161e-01  1.69204444e+09]
[-1.71613993e-01  1.93309824e-01  1.69204444e+09]
[-1.68769961e-01  1.92685123e-01  1.69204444e+09]
[-1.67619196e-01  1.92076862e-01  1.69204444e+09]
[-1.66484871e-01  1.91189130e-01  1.69204444e+09]
