HokinRight_Hand
Dev2/ai0 Dev2/ai1
[-1.92360631e-01  4.81462792e-03  1.69204444e+09]
[-1.98936428e-01  4.78174894e-03  1.69204444e+09]
[-2.03588804e-01  4.79818843e-03  1.69204444e+09]
[-2.07353448e-01  4.79818843e-03  1.69204444e+09]
[-2.08997397e-01  4.86394639e-03  1.69204444e+09]
[-2.08471333e-01  4.84750690e-03  1.69204444e+09]
[-2.09030276e-01  4.84750690e-03  1.69204444e+09]
[-2.11183849e-01  5.01190181e-03  1.69204444e+09]
[-2.13403180e-01  4.96258334e-03  1.69204444e+09]
[-2.12992193e-01  4.91326486e-03  1.69204444e+09]
[-2.12318174e-01  4.92970435e-03  1.69204445e+09]
[-2.07550721e-01  5.01190181e-03  1.69204445e+09]
[-1.98147332e-01  4.99546232e-03  1.69204445e+09]
[-1.91933204e-01  4.99546232e-03  1.69204445e+09]
[-1.88283637e-01  5.01190181e-03  1.69204445e+09]
[-1.83483306e-01  4.97902283e-03  1.69204445e+09]
[-1.65021756e-01  4.99546232e-03  1.69204445e+09]
[-1.00233720e-01  8.87217882e-02  1.69204445e+09]
[-2.77191247e-02  1.60217131e-01  1.69204445e+09]
[-1.76116844e-03  1.91846709e-01  1.69204445e+09]
[-8.43403688e-05  2.10817880e-01  1.69204445e+09]
[-8.43403688e-05  2.31104210e-01  1.69204445e+09]
[-8.43403688e-05  2.33307102e-01  1.69204445e+09]
[-1.00779860e-04  2.33570134e-01  1.69204445e+09]
[-1.00779860e-04  2.35115446e-01  1.69204445e+09]
[-5.14613870e-05  2.31367242e-01  1.69204445e+09]
[-8.43403688e-05  2.29986325e-01  1.69204445e+09]
[-1.00779860e-04  2.28227300e-01  1.69204445e+09]
[-6.79008779e-05  2.26271000e-01  1.69204445e+09]
[-1.82977314e-04  2.21980294e-01  1.69204445e+09]
[-6.79008779e-05  2.08647868e-01  1.69204445e+09]
[-6.79008779e-05  1.23770781e-01  1.69204445e+09]
[-1.00779860e-04  4.31186414e-02  1.69204445e+09]
[-5.14613870e-05  8.94094013e-03  1.69204445e+09]
[-1.00779860e-04  7.88881271e-03  1.69204445e+09]
[-5.14613870e-05  7.54358340e-03  1.69204445e+09]
[-1.33658842e-04  7.32987002e-03  1.69204445e+09]
[-1.53566275e-02  7.21479359e-03  1.69204445e+09]
[-5.67019475e-02  7.16547511e-03  1.69204445e+09]
[-1.00332357e-01  7.01751970e-03  1.69204445e+09]
[-1.31715347e-01  6.98464071e-03  1.69204445e+09]
[-1.53136004e-01  6.91888275e-03  1.69204445e+09]
[-1.62835304e-01  6.91888275e-03  1.69204445e+09]
[-1.64528572e-01  6.88600377e-03  1.69204445e+09]
[-1.61092718e-01  6.82024580e-03  1.69204445e+09]
[-1.61487266e-01  6.65585090e-03  1.69204445e+09]
[-1.62539393e-01  6.72160886e-03  1.69204445e+09]
[-1.64512132e-01  6.70516937e-03  1.69204445e+09]
[-1.66123202e-01  6.70516937e-03  1.69204445e+09]
[-1.66320476e-01  6.65585090e-03  1.69204445e+09]
[-1.58791189e-01  6.62297191e-03  1.69204445e+09]
[-1.32257850e-01  6.67229039e-03  1.69204445e+09]
[-6.00062853e-02  6.60653242e-03  1.69204445e+09]
[-4.86823223e-03  6.54077446e-03  1.69204445e+09]
[-5.14613870e-05  6.57365344e-03  1.69204445e+09]
[-1.33658842e-04  6.57365344e-03  1.69204445e+09]
[-1.17219351e-04  6.54077446e-03  1.69204445e+09]
[-1.17219351e-04  6.50789548e-03  1.69204445e+09]
[-8.43403688e-05  6.54077446e-03  1.69204445e+09]
[-1.00779860e-04  6.47501650e-03  1.69204445e+09]
[-6.79008779e-05  6.52433497e-03  1.69204445e+09]
[-1.85824052e-05  6.49145599e-03  1.69204445e+09]
[-1.00779860e-04  6.50789548e-03  1.69204445e+09]
[-6.15844764e-02  6.52433497e-03  1.69204445e+09]
[-1.08453466e-01  6.45857701e-03  1.69204445e+09]
[-1.38225385e-01  6.49145599e-03  1.69204445e+09]
[-1.54188131e-01  6.35994006e-03  1.69204445e+09]
[-1.55273138e-01  6.44213751e-03  1.69204445e+09]
[-1.49552195e-01  6.45857701e-03  1.69204445e+09]
[-1.43995647e-01  6.42569802e-03  1.69204445e+09]
[-1.43601099e-01  6.34350057e-03  1.69204445e+09]
[-1.44620347e-01  6.32706108e-03  1.69204445e+09]
[-1.38504857e-01  7.24767257e-03  1.69204445e+09]
[-1.22131123e-01  2.56241767e-03  1.69204445e+09]
[-7.22865852e-02  9.02029085e-04  1.69204445e+09]
[-1.18385764e-02  8.69150104e-04  1.69204445e+09]
[-1.50098332e-04  1.01710552e-03  1.69204445e+09]
[-1.17219351e-04  1.00066603e-03  1.69204445e+09]
[-1.17219351e-04  9.84226540e-04  1.69204445e+09]
[-5.14613870e-05  1.01710552e-03  1.69204445e+09]
[-5.67376728e-03  1.06642399e-03  1.69204445e+09]
[-1.86116467e-02  1.11574247e-03  1.69204445e+09]
[-3.70731951e-02  1.18150043e-03  1.69204445e+09]
[-6.16666739e-02  1.13218196e-03  1.69204445e+09]
[-9.83596184e-02  1.21437941e-03  1.69204445e+09]
[-1.27654792e-01  1.19793992e-03  1.69204445e+09]
[-1.40888583e-01  1.19793992e-03  1.69204445e+09]
[-1.44817621e-01  1.19793992e-03  1.69204445e+09]
[-1.49354921e-01  1.28013738e-03  1.69204445e+09]
[-1.48072641e-01  1.28013738e-03  1.69204445e+09]
[-1.31090646e-01  1.29657687e-03  1.69204445e+09]
[-9.34442105e-02  1.24725839e-03  1.69204445e+09]
[-6.08775783e-02  1.28013738e-03  1.69204445e+09]
[-5.18851766e-02  1.28013738e-03  1.69204445e+09]
[-5.80006674e-02  1.36233483e-03  1.69204445e+09]
[-7.61827447e-02  1.31301636e-03  1.69204445e+09]
[-9.37730004e-02  1.41165330e-03  1.69204445e+09]
[-1.04491549e-01  1.34589534e-03  1.69204445e+09]
[-1.01877670e-01  1.37877432e-03  1.69204445e+09]
[-8.05556493e-02  1.36233483e-03  1.69204445e+09]
[-4.56217305e-02  1.32945585e-03  1.69204445e+09]
[-2.29352328e-02  1.37877432e-03  1.69204445e+09]
[-4.62448660e-04  1.41165330e-03  1.69204445e+09]
[-5.14613870e-05  1.41165330e-03  1.69204445e+09]
[-1.00779860e-04  1.44453229e-03  1.69204445e+09]
[-1.00779860e-04  1.44453229e-03  1.69204445e+09]
[-8.43403688e-05  1.49385076e-03  1.69204445e+09]
[-9.41017902e-02  1.39521381e-03  1.69204445e+09]
[-1.33605888e-01  1.44453229e-03  1.69204445e+09]
[-1.51344099e-01  1.37877432e-03  1.69204445e+09]
[-1.62835304e-01  1.42809279e-03  1.69204445e+09]
[-1.68638445e-01  1.42809279e-03  1.69204445e+09]
[-1.74737496e-01  1.51029025e-03  1.69204445e+09]
[-1.72698999e-01  1.47741127e-03  1.69204445e+09]
[-1.60994081e-01  1.51029025e-03  1.69204445e+09]
[-1.44982016e-01  1.52672974e-03  1.69204445e+09]
[-1.11675606e-01  1.55960872e-03  1.69204445e+09]
[-1.94829397e-02  1.54316923e-03  1.69204445e+09]
[-6.79008779e-05  1.49385076e-03  1.69204445e+09]
[-1.00779860e-04  1.49385076e-03  1.69204445e+09]
[-8.43403688e-05  6.09061703e-02  1.69204445e+09]
[-2.14291430e-06  1.38730717e-01  1.69204445e+09]
[-1.50098332e-04  1.96170295e-01  1.69204445e+09]
[-1.66537823e-04  2.21832338e-01  1.69204445e+09]
[-1.85824052e-05  2.30528828e-01  1.69204445e+09]
[-3.50218961e-05  2.23722879e-01  1.69204445e+09]
[-1.00779860e-04  2.20106192e-01  1.69204445e+09]
[-5.14613870e-05  2.15979880e-01  1.69204445e+09]
[-1.33658842e-04  2.15618211e-01  1.69204445e+09]
[-1.85824052e-05  2.14861995e-01  1.69204445e+09]
[-1.00779860e-04  2.12017963e-01  1.69204445e+09]
[-5.14613870e-05  2.01052823e-01  1.69204445e+09]
[-1.00779860e-04  9.68922149e-02  1.69204445e+09]
[-1.00779860e-04  1.63551505e-02  1.69204445e+09]
[-2.14291431e-06  9.56564078e-03  1.69204445e+09]
[-5.14613870e-05  9.25329045e-03  1.69204445e+09]
[-5.14613870e-05  9.08889554e-03  1.69204445e+09]
[-1.33658842e-04  8.95737962e-03  1.69204445e+09]
[-5.72937692e-02  8.74366624e-03  1.69204445e+09]
[-9.58772553e-02  8.66146878e-03  1.69204445e+09]
[-1.37222576e-01  8.72722675e-03  1.69204445e+09]
[-1.54500482e-01  8.62858980e-03  1.69204445e+09]
[-1.61339310e-01  8.59571082e-03  1.69204445e+09]
[-1.61536584e-01  8.64502929e-03  1.69204445e+09]
[-1.61437947e-01  8.64502929e-03  1.69204445e+09]
[-1.62736667e-01  8.61215031e-03  1.69204445e+09]
[-1.65597139e-01  8.56283184e-03  1.69204445e+09]
[-1.68046623e-01  8.46419489e-03  1.69204445e+09]
[-1.66205400e-01  8.48063438e-03  1.69204445e+09]
[-1.62095527e-01  8.51351336e-03  1.69204445e+09]
[-1.55158062e-01  8.46419489e-03  1.69204445e+09]
[-1.47530137e-01  8.41487642e-03  1.69204445e+09]
[-1.40362519e-01  8.46419489e-03  1.69204445e+09]
[-1.40592672e-01  8.38199744e-03  1.69204445e+09]
[-1.43453144e-01  8.43131591e-03  1.69204445e+09]
[-1.42055787e-01  8.41487642e-03  1.69204445e+09]
[-1.32192092e-01  8.41487642e-03  1.69204445e+09]
[-1.03521619e-01  8.28336049e-03  1.69204445e+09]
[-7.04782412e-02  8.31623947e-03  1.69204445e+09]
[-1.63101179e-02  8.25048151e-03  1.69204445e+09]
[-8.43403688e-05  8.36555795e-03  1.69204445e+09]
[-1.17219351e-04  3.48331381e-02  1.69204445e+09]
[-1.00779860e-04  9.61688773e-02  1.69204445e+09]
[-6.79008779e-05  1.34390692e-01  1.69204445e+09]
[-1.00779860e-04  1.52638526e-01  1.69204445e+09]
[-1.85824052e-05  1.65905194e-01  1.69204445e+09]
[-1.17219351e-04  1.67565583e-01  1.69204445e+09]
[-8.43403688e-05  1.68995818e-01  1.69204445e+09]
[-3.50218961e-05  1.63274876e-01  1.69204445e+09]
[-6.79008779e-05  1.57751207e-01  1.69204445e+09]
[-6.79008779e-05  1.50517832e-01  1.69204445e+09]
[-3.50218961e-05  1.47032660e-01  1.69204445e+09]
[-8.43403688e-05  1.44681813e-01  1.69204445e+09]
[-1.17219351e-04  1.40818533e-01  1.69204445e+09]
[-3.50218961e-05  1.23441992e-01  1.69204445e+09]
[-6.79008779e-05  5.99033613e-02  1.69204445e+09]
[-1.00779860e-04  1.23439147e-02  1.69204445e+09]
[-3.03987618e-02  1.03547363e-02  1.69204445e+09]
[-9.28523888e-02  9.86155161e-03  1.69204445e+09]
[-1.21489983e-01  9.49988282e-03  1.69204445e+09]
[-1.29874124e-01  9.31904842e-03  1.69204445e+09]
[-1.30334429e-01  9.22041147e-03  1.69204445e+09]
[-1.14437441e-01  9.03957707e-03  1.69204445e+09]
[-7.40127318e-02  9.02313758e-03  1.69204445e+09]
[-2.36750099e-02  8.92450064e-03  1.69204445e+09]
[-1.99416805e-04  8.89162165e-03  1.69204445e+09]
[-1.33658842e-04  3.34029024e-02  1.69204445e+09]
[-5.14613870e-05  6.10870047e-02  1.69204445e+09]
[-5.14613870e-05  6.84518964e-02  1.69204445e+09]
[-6.79008779e-05  5.26699855e-02  1.69204445e+09]
[-6.79008779e-05  1.55660549e-02  1.69204445e+09]
[-6.79008779e-05  7.87237322e-03  1.69204445e+09]
[-5.14613870e-05  7.92169169e-03  1.69204445e+09]
[-8.24790698e-02  7.85593373e-03  1.69204445e+09]
[-1.20158384e-01  7.80661526e-03  1.69204445e+09]
[-1.42894201e-01  7.92169169e-03  1.69204445e+09]
[-1.53020928e-01  7.87237322e-03  1.69204445e+09]
[-1.56111552e-01  7.87237322e-03  1.69204445e+09]
[-1.60270743e-01  7.82305475e-03  1.69204445e+09]
[-1.61914693e-01  7.88881271e-03  1.69204445e+09]
[-1.63525763e-01  7.87237322e-03  1.69204445e+09]
[-1.59333692e-01  7.80661526e-03  1.69204445e+09]
[-1.47184908e-01  7.88881271e-03  1.69204445e+09]
[-1.41036538e-01  7.80661526e-03  1.69204445e+09]
[-1.35430672e-01  7.85593373e-03  1.69204445e+09]
[-1.29841245e-01  7.83949424e-03  1.69204445e+09]
[-1.19007620e-01  7.90525220e-03  1.69204445e+09]
[-6.41325976e-02  7.85593373e-03  1.69204445e+09]
[-5.34497746e-03  7.87237322e-03  1.69204445e+09]
[-1.17219351e-04  3.89594503e-02  1.69204445e+09]
[-8.43403688e-05  9.81909346e-02  1.69204446e+09]
[-3.50218961e-05  1.08498495e-01  1.69204446e+09]
[-6.79008779e-05  1.04733852e-01  1.69204446e+09]
[-1.33658842e-04  1.04076272e-01  1.69204446e+09]
[-8.43403688e-05  1.01347317e-01  1.69204446e+09]
[-1.33658842e-04  8.73244315e-02  1.69204446e+09]
[-1.85824052e-05  5.00396670e-02  1.69204446e+09]
[-6.79008779e-05  1.34124816e-02  1.69204446e+09]
[-6.79008779e-05  9.92730958e-03  1.69204446e+09]
[-6.79008779e-05  9.26972994e-03  1.69204446e+09]
[-1.85824052e-05  8.99025860e-03  1.69204446e+09]
[-3.50218961e-05  8.71078725e-03  1.69204446e+09]
[-1.85824052e-05  8.49707387e-03  1.69204446e+09]
[-1.85824052e-05  8.49707387e-03  1.69204446e+09]
[-2.14291430e-06  8.39843693e-03  1.69204446e+09]
[-6.79008779e-05  8.23404202e-03  1.69204446e+09]
[-1.00779860e-04  5.22425587e-02  1.69204446e+09]
[-6.79008779e-05  1.06542196e-01  1.69204446e+09]
[-8.43403688e-05  1.26302463e-01  1.69204446e+09]
[-8.43403688e-05  1.36610023e-01  1.69204446e+09]
[-2.14291431e-06  1.31431584e-01  1.69204446e+09]
[-8.43403688e-05  9.52318263e-02  1.69204446e+09]
[-1.17219351e-04  3.13479661e-02  1.69204446e+09]
[-1.66537823e-04  1.01739019e-02  1.69204446e+09]
[-1.50098332e-04  9.43412485e-03  1.69204446e+09]
[-8.43403688e-05  9.12177453e-03  1.69204446e+09]
[-8.43403688e-05  8.85874267e-03  1.69204446e+09]
[-8.43403688e-05  8.79298471e-03  1.69204446e+09]
[-5.14613870e-05  8.64502929e-03  1.69204446e+09]
[-1.85824052e-05  8.57927133e-03  1.69204446e+09]
[-1.43209395e-02  8.52995285e-03  1.69204446e+09]
[-4.91726606e-02  8.44775540e-03  1.69204446e+09]
[-6.32613045e-02  8.44775540e-03  1.69204446e+09]
[-6.43956294e-02  8.36555795e-03  1.69204446e+09]
[-4.41914948e-02  8.28336049e-03  1.69204446e+09]
[-1.28249458e-02  8.29979998e-03  1.69204446e+09]
[-6.79008779e-05  8.28336049e-03  1.69204446e+09]
[-5.14613870e-05  8.26692100e-03  1.69204446e+09]
[-1.17219351e-04  8.16828406e-03  1.69204446e+09]
[-8.43403688e-05  8.11896558e-03  1.69204446e+09]
[-1.85824052e-05  8.20116304e-03  1.69204446e+09]
[-6.79008779e-05  8.08608660e-03  1.69204446e+09]
[-1.17219351e-04  8.10252609e-03  1.69204446e+09]
[-1.17219351e-04  8.16828406e-03  1.69204446e+09]
[1.42965766e-05 8.00388915e-03 1.69204446e+09]
[-1.85824052e-05  8.00388915e-03  1.69204446e+09]
[-8.43403688e-05  8.06964711e-03  1.69204446e+09]
[-1.66537823e-04  8.02032864e-03  1.69204446e+09]
[-1.85824052e-05  8.03676813e-03  1.69204446e+09]
[-1.00779860e-04  7.21343423e-02  1.69204446e+09]
[-3.50218961e-05  1.22324106e-01  1.69204446e+09]
[-6.79008779e-05  1.63357073e-01  1.69204446e+09]
[-1.17219351e-04  1.90893219e-01  1.69204446e+09]
[-2.14291431e-06  2.07546422e-01  1.69204446e+09]
[-8.43403688e-05  2.17097765e-01  1.69204446e+09]
[-8.43403688e-05  2.21569306e-01  1.69204446e+09]
[-8.43403688e-05  2.23081739e-01  1.69204446e+09]
[-1.00779860e-04  2.22292644e-01  1.69204446e+09]
[-1.00779860e-04  2.21059682e-01  1.69204446e+09]
[-1.85824052e-05  2.20533618e-01  1.69204446e+09]
[-1.33658842e-04  2.18807472e-01  1.69204446e+09]
[-6.79008779e-05  2.20780211e-01  1.69204446e+09]
[-8.43403688e-05  2.28572529e-01  1.69204446e+09]
[-1.00779860e-04  2.55368896e-01  1.69204446e+09]
[-5.14613870e-05  2.82247461e-01  1.69204446e+09]
[-8.43403688e-05  2.90401447e-01  1.69204446e+09]
[-1.77760793e-03  2.86538168e-01  1.69204446e+09]
[-4.75315579e-03  2.80850104e-01  1.69204446e+09]
[-2.97769077e-03  2.81129576e-01  1.69204446e+09]
[-2.73109841e-03  2.84795582e-01  1.69204446e+09]
[-3.04344873e-03  2.88330072e-01  1.69204446e+09]
[-4.90111121e-03  2.92012517e-01  1.69204446e+09]
[-1.32852516e-02  3.07514955e-01  1.69204446e+09]
[-2.36750099e-02  3.34081169e-01  1.69204446e+09]
[-4.30242909e-02  3.56340236e-01  1.69204446e+09]
[-4.62793101e-02  3.56258039e-01  1.69204446e+09]
[-4.52929407e-02  3.49978154e-01  1.69204446e+09]
[-4.14954182e-02  3.43764027e-01  1.69204446e+09]
[-3.92267685e-02  3.36629290e-01  1.69204446e+09]
[-3.93418449e-02  3.28886290e-01  1.69204446e+09]
[-3.96213162e-02  3.26732717e-01  1.69204446e+09]
[-4.09364755e-02  3.28162953e-01  1.69204446e+09]
[-4.12159469e-02  3.30793271e-01  1.69204446e+09]
[-4.05912462e-02  3.31894717e-01  1.69204446e+09]
[-3.46894689e-02  3.27012189e-01  1.69204446e+09]
[-2.31818252e-02  3.14304464e-01  1.69204446e+09]
[-1.25290350e-02  2.97355351e-01  1.69204446e+09]
[-3.78322583e-03  2.81096697e-01  1.69204446e+09]
[-3.50218961e-05  2.78433499e-01  1.69204446e+09]
[-6.79008779e-05  2.78137589e-01  1.69204446e+09]
[-5.14613870e-05  2.57325196e-01  1.69204446e+09]
[-6.79008779e-05  1.43366654e-01  1.69204446e+09]
[-1.33658842e-04  4.88395842e-02  1.69204446e+09]
[-5.14613870e-05  1.03547363e-02  1.69204446e+09]
[-8.43403688e-05  4.79847307e-02  1.69204446e+09]
[-1.17219351e-04  1.59493793e-01  1.69204446e+09]
[-5.14613870e-05  2.31104210e-01  1.69204446e+09]
[-1.00779860e-04  2.46360056e-01  1.69204446e+09]
[-5.14613870e-05  2.64640768e-01  1.69204446e+09]
[-8.43403688e-05  2.86324454e-01  1.69204446e+09]
[-1.66537823e-04  3.13087942e-01  1.69204446e+09]
[-6.13407303e-03  3.31845398e-01  1.69204446e+09]
[-8.51779922e-03  3.64132553e-01  1.69204446e+09]
[-9.02742344e-03  3.81394016e-01  1.69204446e+09]
[-6.57793928e-03  3.96797816e-01  1.69204446e+09]
[-4.95042968e-03  3.94397651e-01  1.69204446e+09]
[-4.68739783e-03  3.97027969e-01  1.69204446e+09]
[-2.81329586e-03  4.17018386e-01  1.69204446e+09]
[-3.22428313e-03  4.38570554e-01  1.69204446e+09]
[-6.89028961e-03  4.71301573e-01  1.69204446e+09]
[-9.38909224e-03  4.97719829e-01  1.69204446e+09]
[-4.32572903e-03  5.56474553e-01  1.69204446e+09]
[-1.20222575e-03  6.32277022e-01  1.69204446e+09]
[-8.43403688e-05  6.49374086e-01  1.69204446e+09]
[-1.00779860e-04  6.36469090e-01  1.69204446e+09]
[-1.00779860e-04  6.28232908e-01  1.69204446e+09]
[-1.85824052e-05  6.15821097e-01  1.69204446e+09]
[-6.79008779e-05  6.03639438e-01  1.69204446e+09]
[-1.17219351e-04  5.85079259e-01  1.69204446e+09]
[-3.44593160e-02  5.76958153e-01  1.69204446e+09]
[-1.15736161e-01  5.64299749e-01  1.69204446e+09]
[-1.84814904e-01  5.51328994e-01  1.69204446e+09]
[-2.25913634e-01  5.40709086e-01  1.69204446e+09]
[-2.42024336e-01  5.22099588e-01  1.69204446e+09]
[-2.45345113e-01  5.07386247e-01  1.69204446e+09]
[-2.42665476e-01  4.85439532e-01  1.69204446e+09]
[-2.34149819e-01  4.56341640e-01  1.69204446e+09]
[-2.17595251e-01  4.35019625e-01  1.69204446e+09]
[-1.98919988e-01  3.96814256e-01  1.69204446e+09]
[-1.83384669e-01  3.61962541e-01  1.69204446e+09]
[-1.74836133e-01  3.27702647e-01  1.69204446e+09]
[-1.77647286e-01  3.26371049e-01  1.69204446e+09]
[-1.90404332e-01  3.31861838e-01  1.69204446e+09]
[-2.00481740e-01  3.34689430e-01  1.69204446e+09]
[-2.09622097e-01  3.37418385e-01  1.69204446e+09]
[-2.14537505e-01  3.38174601e-01  1.69204446e+09]
[-2.19962538e-01  3.38421194e-01  1.69204446e+09]
[-2.19387156e-01  3.38191041e-01  1.69204446e+09]
[-2.17381538e-01  3.37484143e-01  1.69204446e+09]
[-2.11496199e-01  3.36316939e-01  1.69204446e+09]
[-2.07090416e-01  3.34426398e-01  1.69204446e+09]
[-2.05446466e-01  3.34853825e-01  1.69204446e+09]
[-2.03999791e-01  3.36760805e-01  1.69204446e+09]
[-2.01911976e-01  3.36826563e-01  1.69204446e+09]
[-2.00448861e-01  3.36234742e-01  1.69204446e+09]
[-2.00794090e-01  3.35659360e-01  1.69204446e+09]
[-2.02109250e-01  3.35018220e-01  1.69204446e+09]
[-2.01583186e-01  3.34245564e-01  1.69204446e+09]
[-2.01418791e-01  3.34574353e-01  1.69204446e+09]
[-2.04279263e-01  3.35807315e-01  1.69204446e+09]
[-2.06876702e-01  3.36382697e-01  1.69204446e+09]
[-2.08257620e-01  3.37303309e-01  1.69204446e+09]
[-2.06597231e-01  3.36382697e-01  1.69204446e+09]
[-2.07452084e-01  3.35462086e-01  1.69204446e+09]
[-2.08586409e-01  3.34442838e-01  1.69204446e+09]
[-2.09326187e-01  3.33900334e-01  1.69204446e+09]
[-2.08701486e-01  3.33440029e-01  1.69204446e+09]
[-2.10279677e-01  3.32733131e-01  1.69204446e+09]
[-2.12614085e-01  3.33242755e-01  1.69204446e+09]
[-2.15441677e-01  3.33045481e-01  1.69204446e+09]
[-2.18137754e-01  3.33111239e-01  1.69204446e+09]
[-2.19715945e-01  3.32700252e-01  1.69204446e+09]
[-2.24203927e-01  3.33407150e-01  1.69204446e+09]
[-2.26784927e-01  3.34623672e-01  1.69204446e+09]
[-2.31831851e-01  3.35692239e-01  1.69204446e+09]
[-2.33557997e-01  3.35593602e-01  1.69204446e+09]
[-2.31766093e-01  3.34097608e-01  1.69204446e+09]
[-2.30993437e-01  3.34179806e-01  1.69204446e+09]
[-2.26784927e-01  3.33324952e-01  1.69204446e+09]
[-2.25371131e-01  3.32766010e-01  1.69204446e+09]
[-2.25946513e-01  3.32634494e-01  1.69204446e+09]
[-2.22017474e-01  3.33308513e-01  1.69204446e+09]
[-2.27689099e-01  3.32700252e-01  1.69204446e+09]
[-2.34560806e-01  3.34015411e-01  1.69204446e+09]
[-2.41037966e-01  3.34196245e-01  1.69204446e+09]
[-2.48139827e-01  3.34689430e-01  1.69204446e+09]
[-2.50211203e-01  3.34525035e-01  1.69204446e+09]
[-2.67850777e-01  3.33275634e-01  1.69204446e+09]
[-2.83632690e-01  3.33357831e-01  1.69204446e+09]
[-2.94581391e-01  3.34640111e-01  1.69204446e+09]
[-3.04017660e-01  3.33933213e-01  1.69204446e+09]
[-2.86887709e-01  3.31270016e-01  1.69204446e+09]
[-2.68015172e-01  3.25943622e-01  1.69204446e+09]
[-2.74706046e-01  3.25565514e-01  1.69204446e+09]
[-2.93792296e-01  3.29231520e-01  1.69204446e+09]
[-3.22561407e-01  3.29182201e-01  1.69204446e+09]
[-3.34956784e-01  3.23099590e-01  1.69204446e+09]
