HokinRight_Hand
Dev2/ai0 Dev2/ai1
[-1.79093961e-01  6.34350057e-03  1.69204448e+09]
[-1.95467695e-01  6.34350057e-03  1.69204448e+09]
[-2.08389136e-01  6.32706108e-03  1.69204448e+09]
[-2.16674639e-01  6.34350057e-03  1.69204448e+09]
[-2.21442092e-01  6.37637955e-03  1.69204448e+09]
[-2.20751633e-01  6.34350057e-03  1.69204448e+09]
[-2.18417225e-01  6.37637955e-03  1.69204448e+09]
[-2.13896365e-01  6.37637955e-03  1.69204448e+09]
[-2.17841843e-01  6.39281904e-03  1.69204448e+09]
[-2.12268856e-01  1.23274752e-02  1.69204448e+09]
[-1.48894615e-01  6.25008009e-02  1.69204448e+09]
[-4.99617562e-02  1.33716673e-01  1.69204448e+09]
[-3.99693921e-03  1.67713538e-01  1.69204448e+09]
[-5.14613870e-05  1.83742041e-01  1.69204448e+09]
[-1.66537823e-04  1.86306601e-01  1.69204448e+09]
[-8.43403688e-05  1.84087270e-01  1.69204448e+09]
[-1.17219351e-04  1.84531136e-01  1.69204448e+09]
[-1.85824052e-05  1.85796977e-01  1.69204448e+09]
[-5.14613870e-05  1.83824238e-01  1.69204448e+09]
[-8.43403688e-05  1.84120149e-01  1.69204448e+09]
[-1.17219351e-04  1.87243652e-01  1.69204448e+09]
[-3.50218961e-05  1.97090906e-01  1.69204448e+09]
[-8.43403688e-05  2.06198384e-01  1.69204448e+09]
[-1.17219351e-04  2.09765753e-01  1.69204448e+09]
[-6.79008779e-05  2.12741300e-01  1.69204448e+09]
[-8.43403688e-05  2.13398880e-01  1.69204448e+09]
[1.42965766e-05 2.10472651e-01 1.69204448e+09]
[-3.50218961e-05  2.09124613e-01  1.69204448e+09]
[-5.14613870e-05  2.07398466e-01  1.69204448e+09]
[-6.79008779e-05  2.06987479e-01  1.69204448e+09]
[-2.14291431e-06  2.03995492e-01  1.69204448e+09]
[-6.79008779e-05  1.96104537e-01  1.69204448e+09]
[-3.50218961e-05  1.42018615e-01  1.69204448e+09]
[-5.14613870e-05  2.80929469e-02  1.69204448e+09]
[-6.79008779e-05  9.38480638e-03  1.69204448e+09]
[-1.17219351e-04  9.08889554e-03  1.69204448e+09]
[-8.41887769e-02  8.95737962e-03  1.69204448e+09]
[-1.43387386e-01  8.87518216e-03  1.69204448e+09]
[-1.70364591e-01  8.92450064e-03  1.69204448e+09]
[-1.92327752e-01  8.84230318e-03  1.69204448e+09]
[-2.09753613e-01  8.82586369e-03  1.69204448e+09]
[-2.19535111e-01  8.77654522e-03  1.69204448e+09]
[-2.23760060e-01  8.76010573e-03  1.69204448e+09]
[-2.25551965e-01  8.84230318e-03  1.69204448e+09]
[-2.14389550e-01  8.76010573e-03  1.69204448e+09]
[-1.89187809e-01  8.76010573e-03  1.69204448e+09]
[-1.40066608e-01  1.47769594e-02  1.69204448e+09]
[-8.80191784e-02  3.11178132e-02  1.69204448e+09]
[-5.71293743e-02  5.59414441e-02  1.69204448e+09]
[-3.54456855e-02  6.79093932e-02  1.69204448e+09]
[-2.31489462e-02  6.32076990e-02  1.69204448e+09]
[-2.43161501e-02  5.61880365e-02  1.69204448e+09]
[-5.75074826e-02  6.19582977e-02  1.69204448e+09]
[-8.86438791e-02  7.19535079e-02  1.69204448e+09]
[-1.05510797e-01  8.35104697e-02  1.69204448e+09]
[-1.22805142e-01  9.28316608e-02  1.69204448e+09]
[-1.35644385e-01  9.77963868e-02  1.69204448e+09]
[-1.43732615e-01  1.00969208e-01  1.69204448e+09]
[-1.48483628e-01  1.01856941e-01  1.69204448e+09]
[-1.47563016e-01  1.00360947e-01  1.69204448e+09]
[-1.42170863e-01  9.76319919e-02  1.69204448e+09]
[-1.36926665e-01  9.51825079e-02  1.69204448e+09]
[-1.29611092e-01  9.17137754e-02  1.69204448e+09]
[-1.22558550e-01  8.87382277e-02  1.69204448e+09]
[-1.23512040e-01  8.76039028e-02  1.69204448e+09]
[-1.30465945e-01  9.05465716e-02  1.69204448e+09]
[-1.27260244e-01  1.07873794e-01  1.69204448e+09]
[-1.11034466e-01  1.45996972e-01  1.69204448e+09]
[-8.01775410e-02  1.79878761e-01  1.69204448e+09]
[-6.23735720e-02  2.07842333e-01  1.69204448e+09]
[-4.64930235e-02  2.24742128e-01  1.69204448e+09]
[-4.43558897e-02  2.23048860e-01  1.69204448e+09]
[-4.16926921e-02  2.23229695e-01  1.69204448e+09]
[-3.83719149e-02  2.23246134e-01  1.69204448e+09]
[-4.47339980e-02  2.18248529e-01  1.69204448e+09]
[-5.25591958e-02  1.99852741e-01  1.69204448e+09]
[-7.69060823e-02  1.17194985e-01  1.69204448e+09]
[-9.75540834e-02  5.94594951e-02  1.69204448e+09]
[-1.21868091e-01  1.67661378e-02  1.69204448e+09]
[-1.34049754e-01  9.76291467e-03  1.69204448e+09]
[-1.44275118e-01  9.58208027e-03  1.69204448e+09]
[-1.46576647e-01  9.45056434e-03  1.69204448e+09]
[-1.50045380e-01  9.51632231e-03  1.69204448e+09]
[-1.50834475e-01  9.36836689e-03  1.69204448e+09]
[-1.52774335e-01  9.33548791e-03  1.69204448e+09]
[-1.49848106e-01  9.26972994e-03  1.69204448e+09]
[-1.40231003e-01  9.28616943e-03  1.69204448e+09]
[-1.15801919e-01  9.22041147e-03  1.69204448e+09]
[-6.39188842e-02  9.17109300e-03  1.69204448e+09]
[-2.13241627e-02  9.68071721e-03  1.69204448e+09]
[-2.15856296e-04  2.03499468e-02  1.69204448e+09]
[-6.79008779e-05  2.35392080e-02  1.69204449e+09]
[-5.14613870e-05  1.87059977e-02  1.69204449e+09]
[-6.79008779e-05  7.79017577e-03  1.69204449e+09]
[-6.79008779e-05  6.27774261e-03  1.69204449e+09]
[-1.17219351e-04  6.16266617e-03  1.69204449e+09]
[-5.14613870e-05  6.11334770e-03  1.69204449e+09]
[-3.50218961e-05  8.59571082e-03  1.69204449e+09]
[-6.79008779e-05  7.67509933e-03  1.69204449e+09]
[-1.00779860e-04  1.34289211e-02  1.69204449e+09]
[-1.00779860e-04  4.78696542e-02  1.69204449e+09]
[-8.43403688e-05  7.03259983e-02  1.69204449e+09]
[-3.50218961e-05  7.78717245e-02  1.69204449e+09]
[-1.50098332e-04  7.70004315e-02  1.69204449e+09]
[-1.33658842e-04  7.49948136e-02  1.69204449e+09]
[-1.00779860e-04  7.22494187e-02  1.69204449e+09]
[-1.50098332e-04  7.11150939e-02  1.69204449e+09]
