HokinRight_Hand
Dev2/ai0 Dev2/ai1
[-3.50218961e-05  1.14729062e-01  1.69204449e+09]
[-1.17219351e-04  1.09961610e-01  1.69204449e+09]
[-2.14291430e-06  1.08350540e-01  1.69204449e+09]
[-1.17219351e-04  1.11030177e-01  1.69204449e+09]
[-5.14613870e-05  1.15945584e-01  1.69204449e+09]
[-1.50098332e-04  1.17622412e-01  1.69204449e+09]
[-1.33658842e-04  1.20285610e-01  1.69204449e+09]
[-8.43403688e-05  1.30083546e-01  1.69204449e+09]
[-1.00779860e-04  1.52408373e-01  1.69204449e+09]
[-6.79008779e-05  1.77429277e-01  1.69204449e+09]
[-6.79008779e-05  1.83150219e-01  1.69204449e+09]
[-1.85824052e-05  1.82476200e-01  1.69204449e+09]
[-1.00779860e-04  1.82788550e-01  1.69204449e+09]
[-3.50218961e-05  1.83150219e-01  1.69204449e+09]
[-8.43403688e-05  1.81835060e-01  1.69204449e+09]
[-1.85824052e-05  1.79911640e-01  1.69204449e+09]
[-3.50218961e-05  1.77199124e-01  1.69204449e+09]
[-6.79008779e-05  1.75834646e-01  1.69204449e+09]
[-8.43403688e-05  1.74108500e-01  1.69204449e+09]
[-8.43403688e-05  1.70179462e-01  1.69204449e+09]
[-1.33658842e-04  1.68519073e-01  1.69204449e+09]
[-5.14613870e-05  1.65872315e-01  1.69204449e+09]
[-6.79008779e-05  1.62748812e-01  1.69204449e+09]
[-6.79008779e-05  1.63241997e-01  1.69204449e+09]
[-1.66537823e-04  1.62683054e-01  1.69204449e+09]
[-1.17219351e-04  1.64080411e-01  1.69204449e+09]
[-1.17219351e-04  1.65379131e-01  1.69204449e+09]
[-1.17219351e-04  1.65510647e-01  1.69204449e+09]
[1.42965766e-05 1.65412010e-01 1.69204449e+09]
[-1.00779860e-04  1.65181857e-01  1.69204449e+09]
[-1.17219351e-04  1.64869506e-01  1.69204449e+09]
[-1.00779860e-04  1.64458519e-01  1.69204449e+09]
[-3.50218961e-05  1.62009035e-01  1.69204449e+09]
[-3.50218961e-05  1.48232743e-01  1.69204449e+09]
[-3.50218961e-05  7.97951449e-02  1.69204449e+09]
[-8.43403688e-05  2.44433800e-02  1.69204449e+09]
[-5.49293288e-03  9.30260893e-03  1.69204449e+09]
[-4.13803418e-02  8.82586369e-03  1.69204449e+09]
[-6.97713431e-02  8.72722675e-03  1.69204449e+09]
[-8.99425989e-02  8.69434776e-03  1.69204449e+09]
[-1.01976307e-01  8.62858980e-03  1.69204449e+09]
[-1.13582587e-01  8.57927133e-03  1.69204449e+09]
[-1.25155989e-01  8.59571082e-03  1.69204449e+09]
[-1.30071397e-01  8.59571082e-03  1.69204449e+09]
[-1.33901799e-01  8.52995285e-03  1.69204449e+09]
[-1.37896595e-01  8.51351336e-03  1.69204449e+09]
[-1.40428277e-01  8.48063438e-03  1.69204449e+09]
[-1.44340876e-01  8.49707387e-03  1.69204449e+09]
[-1.46543768e-01  8.44775540e-03  1.69204449e+09]
[-1.39261073e-01  8.38199744e-03  1.69204449e+09]
[-1.20799524e-01  8.36555795e-03  1.69204449e+09]
[-1.14651154e-01  8.46419489e-03  1.69204449e+09]
[-1.03817530e-01  8.48063438e-03  1.69204449e+09]
[-8.33503629e-02  8.36555795e-03  1.69204449e+09]
[-7.31414388e-02  8.29979998e-03  1.69204449e+09]
[-5.01425906e-02  8.41487642e-03  1.69204449e+09]
[-7.64650620e-03  8.43131591e-03  1.69204449e+09]
[-1.33658842e-04  8.36555795e-03  1.69204449e+09]
[-1.85824052e-05  8.41487642e-03  1.69204449e+09]
[-3.50218961e-05  8.38199744e-03  1.69204449e+09]
[-6.79008779e-05  8.31623947e-03  1.69204449e+09]
[-6.79008779e-05  8.34911846e-03  1.69204449e+09]
[-1.00779860e-04  8.29979998e-03  1.69204449e+09]
[-4.63779471e-02  8.39843693e-03  1.69204449e+09]
[-9.37730004e-02  8.36555795e-03  1.69204449e+09]
[-1.04475109e-01  8.28336049e-03  1.69204449e+09]
[-9.86884083e-02  8.31623947e-03  1.69204449e+09]
[-9.84089369e-02  8.33267896e-03  1.69204449e+09]
[-9.86062108e-02  8.39843693e-03  1.69204449e+09]
[-1.00562510e-01  8.34911846e-03  1.69204449e+09]
[-1.03143510e-01  8.26692100e-03  1.69204449e+09]
[-9.57621788e-02  8.26692100e-03  1.69204449e+09]
[-8.39586240e-02  8.33267896e-03  1.69204449e+09]
[-8.33010444e-02  8.29979998e-03  1.69204449e+09]
[-8.75917516e-02  8.25048151e-03  1.69204449e+09]
[-9.04193441e-02  8.36555795e-03  1.69204449e+09]
[-8.95480511e-02  8.28336049e-03  1.69204449e+09]
[-9.16523060e-02  8.33267896e-03  1.69204449e+09]
[-1.00825542e-01  8.29979998e-03  1.69204449e+09]
[-1.26372512e-01  8.25048151e-03  1.69204449e+09]
[-1.49223405e-01  8.29979998e-03  1.69204449e+09]
[-1.69016553e-01  8.25048151e-03  1.69204449e+09]
[-1.81165337e-01  8.34911846e-03  1.69204449e+09]
[-1.86442414e-01  8.29979998e-03  1.69204449e+09]
[-1.89483720e-01  8.21760253e-03  1.69204449e+09]
[-1.90864637e-01  8.26692100e-03  1.69204449e+09]
[-1.83647700e-01  8.25048151e-03  1.69204449e+09]
[-1.59580285e-01  8.25048151e-03  1.69204449e+09]
[-8.59806815e-02  8.16828406e-03  1.69204449e+09]
[-1.20029713e-02  8.18472355e-03  1.69204449e+09]
[-5.14613870e-05  8.28336049e-03  1.69204449e+09]
[-2.14291431e-06  2.38679978e-02  1.69204449e+09]
[-8.43403688e-05  3.99293802e-02  1.69204449e+09]
[-6.79008779e-05  4.80340491e-02  1.69204449e+09]
[-1.66537823e-04  7.43372340e-02  1.69204449e+09]
[-1.17219351e-04  8.70449601e-02  1.69204449e+09]
[-1.00779860e-04  1.03040584e-01  1.69204449e+09]
[-1.00779860e-04  1.20055457e-01  1.69204449e+09]
[-1.17219351e-04  1.32582348e-01  1.69204449e+09]
[-3.50218961e-05  1.40555501e-01  1.69204449e+09]
[-5.14613870e-05  1.47164176e-01  1.69204449e+09]
[-1.33658842e-04  1.40999367e-01  1.69204449e+09]
[-1.00779860e-04  1.05901056e-01  1.69204449e+09]
[-6.79008779e-05  7.13123678e-02  1.69204449e+09]
[-8.43403688e-05  1.77525072e-02  1.69204449e+09]
[-6.79008779e-05  7.08327766e-03  1.69204449e+09]
[-1.82977314e-04  6.98464071e-03  1.69204449e+09]
[-1.17219351e-04  6.95176173e-03  1.69204449e+09]
[-5.14613870e-05  6.72160886e-03  1.69204449e+09]
[-1.33658842e-04  6.73804835e-03  1.69204449e+09]
[-5.14613870e-05  6.68872988e-03  1.69204449e+09]
[-1.50098332e-04  1.31001313e-02  1.69204449e+09]
[-8.43403688e-05  1.84100868e-02  1.69204449e+09]
[-8.43403688e-05  2.35556475e-02  1.69204449e+09]
[-1.33658842e-04  2.21254118e-02  1.69204449e+09]
[-8.43403688e-05  3.49153356e-02  1.69204449e+09]
[-5.14613870e-05  5.42481766e-02  1.69204449e+09]
[-8.43403688e-05  8.63873805e-02  1.69204449e+09]
[-1.17219351e-04  1.14531788e-01  1.69204449e+09]
[-1.00779860e-04  1.27486106e-01  1.69204449e+09]
[-6.79008779e-05  1.32434393e-01  1.69204449e+09]
[-6.79008779e-05  1.32796062e-01  1.69204449e+09]
[-8.43403688e-05  1.29639679e-01  1.69204449e+09]
[-1.00779860e-04  1.28965660e-01  1.69204449e+09]
[-8.43403688e-05  1.25957234e-01  1.69204449e+09]
[-1.17219351e-04  1.18033399e-01  1.69204449e+09]
[-1.33658842e-04  1.05210597e-01  1.69204449e+09]
[-8.43403688e-05  8.46283551e-02  1.69204449e+09]
[-1.85824052e-05  8.12911385e-02  1.69204449e+09]
[-6.79008779e-05  7.58496672e-02  1.69204449e+09]
[-6.79008779e-05  7.61948965e-02  1.69204449e+09]
[-5.14613870e-05  7.37782914e-02  1.69204449e+09]
[-3.50218961e-05  6.91587945e-02  1.69204449e+09]
[-1.17219351e-04  6.57558200e-02  1.69204449e+09]
[-6.79008779e-05  6.05773805e-02  1.69204449e+09]
[-3.50218961e-05  5.85717626e-02  1.69204449e+09]
[-3.50218961e-05  5.96732085e-02  1.69204449e+09]
[-8.43403688e-05  5.97225270e-02  1.69204449e+09]
[-6.79008779e-05  5.77004696e-02  1.69204449e+09]
[-5.14613870e-05  5.06314887e-02  1.69204449e+09]
[-3.50218961e-05  3.81045968e-02  1.69204449e+09]
[-1.85824052e-05  2.48379277e-02  1.69204449e+09]
[-2.14291430e-06  1.14561822e-02  1.69204449e+09]
[-1.17219351e-04  1.07492841e-02  1.69204449e+09]
[-1.82664174e-02  1.05684497e-02  1.69204449e+09]
[-4.09035966e-02  1.04369338e-02  1.69204449e+09]
[-5.80499858e-02  1.03876153e-02  1.69204449e+09]
[-7.75636619e-02  1.03382968e-02  1.69204449e+09]
[-8.93507772e-02  1.01739019e-02  1.69204449e+09]
[-1.00266599e-01  1.02232204e-02  1.69204449e+09]
[-1.08683619e-01  1.01739019e-02  1.69204449e+09]
[-1.10820753e-01  1.01081440e-02  1.69204449e+09]
[-1.10163173e-01  1.00423860e-02  1.69204449e+09]
[-1.03784651e-01  1.00588255e-02  1.69204450e+09]
[-1.02288657e-01  1.00259465e-02  1.69204450e+09]
[-9.96912172e-02  9.94374907e-03  1.69204450e+09]
[-9.40031532e-02  1.00259465e-02  1.69204450e+09]
[-8.21667195e-02  9.91087009e-03  1.69204450e+09]
[-5.14084314e-02  9.91087009e-03  1.69204450e+09]
[-8.48492023e-03  9.89443060e-03  1.69204450e+09]
[-8.43403688e-05  9.82867263e-03  1.69204450e+09]
[-1.00779860e-04  3.17096349e-02  1.69204450e+09]
[-3.50218961e-05  4.83135205e-02  1.69204450e+09]
[-1.00779860e-04  5.21603613e-02  1.69204450e+09]
[-6.79008779e-05  6.39474760e-02  1.69204450e+09]
[-6.79008779e-05  7.25288901e-02  1.69204450e+09]
[-3.50218961e-05  9.59222849e-02  1.69204450e+09]
[-1.17219351e-04  1.12345336e-01  1.69204450e+09]
[-8.43403688e-05  1.11128813e-01  1.69204450e+09]
[-1.66537823e-04  1.08564253e-01  1.69204450e+09]
[-5.14613870e-05  1.04618775e-01  1.69204450e+09]
[-1.00779860e-04  1.00541782e-01  1.69204450e+09]
[-5.14613870e-05  8.96752786e-02  1.69204450e+09]
[-6.79008779e-05  8.21131130e-02  1.69204450e+09]
[-1.17219351e-04  8.38392595e-02  1.69204450e+09]
[-1.33658842e-04  8.84916353e-02  1.69204450e+09]
[-5.14613870e-05  9.23055971e-02  1.69204450e+09]
[-8.43403688e-05  9.36371958e-02  1.69204450e+09]
[-5.14613870e-05  9.23220366e-02  1.69204450e+09]
[-6.79008779e-05  8.90012595e-02  1.69204450e+09]
[-3.50218961e-05  8.20966735e-02  1.69204450e+09]
[-6.79008779e-05  5.32453677e-02  1.69204450e+09]
[-1.82977314e-04  2.34898895e-02  1.69204450e+09]
[-8.43403688e-05  1.11109529e-02  1.69204450e+09]
[-8.43403688e-05  1.07164051e-02  1.69204450e+09]
[-4.28763355e-02  1.04533733e-02  1.69204450e+09]
[-8.49285540e-02  1.04204943e-02  1.69204450e+09]
[-1.10245371e-01  1.02725389e-02  1.69204450e+09]
