Hokin_Third_Time_Right_Hand
Dev2/ai0 Dev2/ai1
[-0.26362582801303314, 0.0002608889401957956, 1.022067936001331, -0.0030515232784176487, -0.0030515232784176487, 0, 1693075903.2919447]
[-0.2570171522806086, 0.0001951309765720971, 1.0198992032478917, -0.002168732753439167, 0.0008827905249784817, 0, 1693075903.3379579]
[-0.2546663049443164, 0.00019513097657296584, 1.019019763509445, -0.0008794397384467331, 0.001289293014992434, 0, 1693075903.388217]
[-0.25945019707695066, 0.0002280099583830783, 1.0194759690240434, 0.0004562055145984178, 0.001335645253045151, 0, 1693075903.4383173]
[-0.26014065573552214, 0.0001951309765738346, 1.0207744591883623, 0.0012984901643188702, 0.0008422846497204524, 0, 1693075903.4883358]
[-0.25377857238397344, 0.00022800995838481443, 1.0227817714571426, 0.002007312268780335, 0.0007088221044614648, 0, 1693075903.5423477]
[-0.2485836929588033, 0.0002773284310986793, 1.025911009620169, 0.003129238163026301, 0.0011219258942459659, 0, 1693075903.5923584]
[-0.24973445738814273, 0.00021157046747932452, 1.0304491793057913, 0.004538169685622457, 0.001408931522596156, 0, 1693075903.6383693]
[-0.25336758508752905, 0.00026088894019579424, 1.0361789707756008, 0.005729791469809537, 0.00119162178418708, 0, 1693075903.6884885]
[-0.25397584628625774, 0.00016225199476111729, 1.0427166706034532, 0.006537699827852376, 0.0008079083580428393, 0, 1693075903.7414923]
[-0.2514441645405485, 0.00017869148566573845, 1.0499479621996701, 0.007231291596216964, 0.000693591768364588, 0, 1693075903.7925026]
[-0.2537456934002554, 0.00031020741291400145, 1.058009438264369, 0.008061476064698926, 0.0008301844684819627, 0, 1693075903.8415136]
[-0.2633627961430439, 0.0002280099583830783, 1.066652893745421, 0.008643455481051915, 0.0005819794163529889, 0, 1693075903.8875244]
[-0.29252645478632355, 0.0002608889401957956, 1.075089293298138, 0.008436399552716991, -0.0002070559283349246, 0, 1693075903.939536]
[-0.30663153887588024, 0.000326646903818624, 1.0810816219688817, 0.005992328670743638, -0.002444070881973353, 0, 1693075903.992548]
[-0.31615000472357335, 0.00029376792200764277, 1.083771856203505, 0.0026902342346233617, -0.003302094436120276, 0, 1693075904.0425603]
[-0.3213284446958939, 0.00026088894019666296, 1.0827449548134969, -0.0010269013900081028, -0.0037171356246314645, 0, 1693075904.0884898]
[-0.332194948899161, 0.00021157046747845575, 1.0779710193739656, -0.004773935439531359, -0.0037470340495232564, 0, 1693075904.1398113]
[-0.33456223574648086, 0.00024444944928943697, 1.0689888801480305, -0.008982139225935111, -0.004208203786403751, 0, 1693075904.1934502]
[-0.32866045812095573, 0.00026088894019492547, 1.0560544666156566, -0.012934413532374003, -0.003952274306438892, 0, 1693075904.2434604]
[-0.3235477761133228, 0.00022800995838394565, 1.0400415298786885, -0.01601293673696803, -0.003078523204594028, 0, 1693075904.2884314]
[-0.32923584034058984, 0.0001951309765738346, 1.0216701916974038, -0.018371338181284728, -0.0023584014443166963, 0, 1693075904.339126]
[-0.33397041403460637, 0.00021157046747932452, 1.0007626328289094, -0.02090755886849448, -0.0025362206872097523, 0, 1693075904.3921423]
[-0.3314551717594463, 0.0003102074129131327, 0.9772329472108161, -0.02352968561809333, -0.0026221267495988515, 0, 1693075904.442116]
[-0.32474785902811887, 0.00029376792200764277, 0.9515375591438594, -0.025695388066956718, -0.0021657024488633855, 0, 1693075904.4881356]
[-0.31626508116734436, 0.000211570467481062, 0.9243754197544053, -0.027162139389454117, -0.0014667513224974006, 0, 1693075904.5381627]
[-0.3279535599654356, 0.00029376792200764277, 0.896473625191662, -0.02790179456274333, -0.0007396551732892136, 0, 1693075904.5931745]
[-0.334463598794496, 0.0002608889401957956, 0.8670319142027356, -0.029441710988926336, -0.0015399164261830037, 0, 1693075904.6431859]
[-0.3354499683143349, 0.00022800995838481443, 0.8356979193422276, -0.031333994860508044, -0.0018922838715817103, 0, 1693075904.6884499]
[-0.334545796254486, 0.0002444494492885682, 0.8025250197449979, -0.03317289959722965, -0.0018389047367216088, 0, 1693075904.7384336]
[-0.3386227902703619, 0.00016225199476111729, 0.7676666168608092, -0.034858402884188705, -0.0016855032869590493, 0, 1693075904.7894523]
[-0.3447382812963024, 0.0002444494492903057, 0.7309085320812929, -0.03675808477951628, -0.001899681895327576, 0, 1693075904.841464]
[-0.34585616675292546, 0.0002773284311004168, 0.6919126291945032, -0.03899590288678972, -0.0022378181072734353, 0, 1693075904.8924785]
[-0.3421737205431465, 0.0002608889401940581, 0.6506719123223161, -0.041240716872187104, -0.0022448139853973874, 0, 1693075904.9384606]
[-0.33199767499523586, 0.0002608889401957956, 0.6074387470159825, -0.04323316530633362, -0.001992448434146519, 0, 1693075904.9874854]
[-0.33186615905928313, 0.0002773284311012855, 0.562772072928705, -0.04466667408727753, -0.0014335087809439063, 0, 1693075905.043498]
[-0.3322607068671268, 0.0003266469038177552, 0.5165329849598227, -0.046239087968882334, -0.0015724138816048073, 0, 1693075905.1075194]
[-0.32456702461631537, 0.00021157046747932452, 0.46853048279922854, -0.04800250216059415, -0.0017634141917118212, 0, 1693075905.1548157]
[-0.3134868070243822, 0.00032664690381688786, 0.41898103356041166, -0.049549449238816864, -0.0015469470782227132, 0, 1693075905.2049618]
[-0.31144831002052337, 0.00026088894019319074, 0.3681864309543618, -0.050794602606049864, -0.0012451533672330015, 0, 1693075905.258951]
[-0.31452249501841706, 0.0002608889401975317, 0.3158922463271754, -0.05229418462718642, -0.0014995820211365538, 0, 1693075905.3089695]
[-0.3103468640589296, 0.00024444944929030433, 0.2615855764271439, -0.054306669900031475, -0.002012485272845054, 0, 1693075905.3579857]
[-0.3011736275474085, 0.00027732843110215286, 0.20509939709159117, -0.05648617933555275, -0.002179509435521277, 0, 1693075905.4051487]
[-0.2930196395441414, 0.00026088894019666296, 0.14643489527576684, -0.058664501815824326, -0.002178322480271577, 0, 1693075905.4561641]
[-0.2971295125287899, 0.00027732843110302163, 0.08546773261254426, -0.06096716266322258, -0.002302660847398253, 0, 1693075905.5091777]
[-0.30130514348296644, 0.000984226539961787, 0.021549248989220643, -0.06391848362332361, -0.002951320960101037, 0, 1693075905.5722086]
[-0.29556776079442215, 0.0006225577401009486, -0.04590559508934956, -0.0674548440785702, -0.003536360455246595, 0, 1693075905.621699]
[-0.2827449570904495, 0.000326646903818624, -0.11716135472969454, -0.07125575964034497, -0.0038009155617747628, 0, 1693075905.6757164]
[-0.27270042753528523, 0.00034308639471890696, -0.192321397493717, -0.07516004276402245, -0.0039042831236774794, 0, 1693075905.7394981]
[-0.24532867357460342, 0.0004581628310573363, -0.27164911453525714, -0.07932771704154014, -0.0041676742775176865, 0, 1693075905.7914827]
[-0.16883571851824236, 0.008201163035127105, -0.3550684684087208, -0.08341935387346366, -0.0040916368319235214, 0, 1693075905.8545103]
[-0.0702809672959064, 0.11170419561479938, -0.4413778099198752, -0.08630934151115438, -0.0028899876376907094, 0, 1693075905.9092734]
[-6.790087793485112e-05, 0.2840229257226237, -0.5246370697183902, -0.08325925979851499, 0.00305008171263939, 0, 1693075905.9738414]
[-0.0001007798597475712, 0.3274231759695554, -0.5959035532162147, -0.07126648349782447, 0.011992776300690518, 0, 1693075906.020857]
[-0.00023229578701146198, 0.32923151970724746, -0.6544786491350537, -0.05857509591883906, 0.012691387578985407, 0, 1693075906.0718715]
[-8.434036884207991e-05, 0.32674915693980944, -0.7018823471659703, -0.047403698030916555, 0.011171397887922504, 0, 1693075906.1258852]
[-0.0001007798597475712, 0.3185787311181284, -0.7396365706220517, -0.0377542234560814, 0.009649474574835155, 0, 1693075906.188921]
[-0.003733907352452688, 0.3124303623666279, -0.7694078944454354, -0.029771323823383718, 0.007982899632697682, 0, 1693075906.2385206]
[-0.008057493469116356, 0.30399690466042417, -0.7925395472295785, -0.023131652784143114, 0.006639671039240604, 0, 1693075906.292532]
[-0.00861643616145306, 0.29674709011005185, -0.8103572230181608, -0.017817675788582298, 0.005313976995560815, 0, 1693075906.357552]
[-0.012578353483349753, 0.29503738327319584, -0.8239488861270833, -0.01359166310892242, 0.004226012679659877, 0, 1693075906.4214892]
[-0.00901098394434215, 0.29607307106881764, -0.8339082970295921, -0.009959410902508858, 0.0036322522064135623, 0, 1693075906.4718628]
[-0.00011721935065826667, 0.29888422365389655, -0.8405654010901277, -0.006657104060535541, 0.003302306841973317, 0, 1693075906.5258756]
[-5.146138702762509e-05, 0.3010542361729262, -0.8440859848102008, -0.003520583720073181, 0.0031365203404623595, 0, 1693075906.5908923]
[-6.790087793398376e-05, 0.3049503950073743, -0.844649090387586, -0.0005631055773850963, 0.002957478142688085, 0, 1693075906.6552045]
[-3.502189611953033e-05, 0.3046709236988231, -0.8422865975843679, 0.002362492803218123, 0.0029255983806032193, 0, 1693075906.7264996]
[-0.08997547786891005, 0.260991201604454, -0.8373017415154523, 0.004984856068915539, 0.002622363265697416, 0, 1693075906.7915256]
[-0.24044614450120272, 0.0466531319145172, -0.8328925430627314, 0.00440919845272089, -0.0005756576161946498, 0, 1693075906.85472]
[-0.3005160478697138, 0.002480220211632303, -0.8435236174019662, -0.010631074339234811, -0.015040272791955701, 0, 1693075906.9057148]
[-0.32058866755686105, 0.0010993029762724053, -0.8707256047872473, -0.027201987385280995, -0.016570913046046184, 0, 1693075906.9587314]
[-0.32770696758561774, 0.0008362711218419195, -0.9129986826492152, -0.04227307786196802, -0.015071090476687022, 0, 1693075907.0227501]
[-0.32925227983258026, 0.0008033921400361493, -0.9689152459332574, -0.055916563284042195, -0.013643485422074181, 0, 1693075907.0885568]
[-0.339724236234477, 0.000869150103646818, -1.0371478921687443, -0.06823264623548693, -0.012316082951444731, 0, 1693075907.1425686]
[-0.33535133136235473, 0.0007705131582269057, -1.116337535985689, -0.07918964381694474, -0.010956997581457807, 0, 1693075907.2064953]
[-0.3224956486264942, 0.0007705131582295119, -1.2052505003843725, -0.08891296439868339, -0.009723320581738656, 0, 1693075907.2718997]
[-0.3230874703378323, 0.0007540736673274983, -1.302743581043461, -0.09749308065908861, -0.008580116260405219, 0, 1693075907.321902]
[-0.33318131841882004, 0.0006718762128113384, -1.4073955108238645, -0.1046519297804034, -0.0071588491213147865, 0, 1693075907.3759978]
[-0.3153115906341871, 0.05645106830422035, -1.5174209774555207, -0.11002546663165626, -0.005373536851252857, 0, 1693075907.4410248]
[-0.21332098304343408, 0.24315435582086103, -1.626237378525325, -0.10881640106980425, 0.0012090655618519986, 0, 1693075907.5044935]
