Hokin_Second_Time_Right_Hand
Dev2/ai0 Dev2/ai1
[-5.1461387025888985e-05, -0.0028626143334439373, -0.9563833242812437, -0.019733507411139113, -0.019733507411139113, 0, 1692984468.216581]
[1.429657660215189e-05, -0.002813295860680734, -0.9941925660889928, -0.037809241807749014, -0.018075734396609897, 0, 1692984468.262592]
[-8.434036884034379e-05, -0.0028626143334422164, -1.0487980966165733, -0.054605530527580645, -0.016796288719831628, 0, 1692984468.3126035]
[-0.00010077985975103926, -0.002813295860677284, -1.1192051948597033, -0.07040709824312996, -0.01580156771554931, 0, 1692984468.3626149]
[-1.8582405213170282e-05, -0.0028132958606764237, -1.2046418077175347, -0.08543661285783148, -0.01502951461470152, 0, 1692984468.4126263]
[-0.00013365884156376072, -0.002829735351600078, -1.3044358771610929, -0.09979406944355808, -0.014357456585726595, 0, 1692984468.4656386]
[-6.79008779348525e-05, -0.002862614333443077, -1.4178844220110256, -0.11344854484993264, -0.013654475406374553, 0, 1692984468.5146573]
[-2.1429143042067667e-06, -0.002813295860678147, -1.544179113967385, -0.12629469195635945, -0.012846147106426807, 0, 1692984468.5633767]
[-0.00011721935065566597, -0.002829735351601802, -1.682298065090365, -0.13811895112297992, -0.011824259166620464, 0, 1692984468.6133792]
