Hokin_Second_Time_Right_Hand
Dev2/ai0 Dev2/ai1
[-5.146138702762509e-05, -0.002895493315287799, 0.9497329131559582, 0.005349193954975499, 0.005349193954975499, 0, 1692983701.3156316]
[-0.00010077985974930592, -0.0029119328062088695, 0.9624915709862549, 0.012758657830296779, 0.0074094638753212805, 0, 1692983701.3615496]
[-1.858240521230292e-05, -0.0029119328062114534, 0.981980950433832, 0.019489379447577164, 0.006730721617280383, 0, 1692983701.4123082]
[-3.502189611952894e-05, -0.0028626143334456637, 1.00764281486846, 0.025661864434628028, 0.006172484987050864, 0, 1692983701.462375]
[-8.434036884121115e-05, -0.002928372297132521, 1.038993174424039, 0.03135035955557908, 0.005688495120951048, 0, 1692983701.5124154]
[-0.00013365884156376072, -0.0028626143334430794, 1.0756055228403654, 0.036612348416326324, 0.0052619888607472465, 0, 1692983701.5654564]
[-0.006216270483629026, -0.0028132958606772868, 1.1171201807559998, 0.04151465791563455, 0.004902309499308225, 0, 1692983701.614454]
[-0.05841165463378919, -0.002928372297132521, 1.1623306301794158, 0.04521044942341597, 0.00369579150778142, 0, 1692983701.66232]
[-0.1450148952089773, -0.0028954933152912435, 1.2030659764826679, 0.040735346303252006, -0.004475103120163961, 0, 1692983701.7116463]
[-0.17439226668922628, -0.0028461748425211457, 1.2261454392353077, 0.0230794627526398, -0.017655883550612206, 0, 1692983701.7616642]
[-0.17205785887629868, -0.0028954933152886596, 1.2284134187562927, 0.0022679795209849217, -0.020811483231654878, 0, 1692983701.8137078]
[-0.15962960321448663, -0.0028954933152886596, 1.2122840887168205, -0.016129330039472214, -0.018397309560457136, 0, 1692983701.8637173]
[-0.14189139181546828, -0.0028954933152869388, 1.1817822676613328, -0.030501821055487606, -0.014372491016015393, 0, 1692983701.9117343]
[-0.131156403856057, -0.002879053824367592, 1.1414710693888377, -0.040311198272495054, -0.00980937721700745, 0, 1692983701.961539]
[-0.12513954997280613, -0.00284617484252373, 1.0943759967461677, -0.04709507264267003, -0.006783874370174976, 0, 1692983702.0135434]
[-0.12730956284777792, -0.0028297353515983545, 1.0424874677779796, -0.051888528968188116, -0.0047934563255180845, 0, 1692983702.0640268]
[-0.12834525081121415, -0.002829735351599215, 0.9864079386796838, -0.05607952909829583, -0.00419100013010772, 0, 1692983702.1120594]
[-0.13063034012822977, -0.0027475378969904264, 0.926863582545523, -0.059544356134160724, -0.003464827035864891, 0, 1692983702.162089]
[-0.13281679249738831, -0.0028132958606764237, 0.8643642207615444, -0.06249936178397863, -0.002955005649817906, 0, 1692983702.2131054]
[-0.12989056301107788, -0.0027968563697544926, 0.7993926432319824, -0.06497157752956201, -0.0024722157455833796, 0, 1692983702.2641172]
[-0.12656978573119113, -0.002681779933305292, 0.7329925770597818, -0.06640006617220062, -0.0014284886426386154, 0, 1692983702.3141212]
[-0.12357779828315181, -0.0027804168788360104, 0.6660892696276546, -0.06690330743212727, -0.000503241259926648, 0, 1692983702.3621342]
[-0.12116119303815794, -0.002763977387912357, 0.5994013866508131, -0.06668788297684147, 0.00021542445528580686, 0, 1692983702.4121456]
[-0.12137490642711875, -0.002747537896989563, 0.5334563184256395, -0.06594506822517363, 0.0007428147516678491, 0, 1692983702.4651577]
[-0.11982959423028514, -0.00274753789699215, 0.46843599763858906, -0.06502032078705038, 0.0009247474381232548, 0, 1692983702.515169]
[-0.11910625660641552, -0.002796856369757077, 0.40462446346226877, -0.06381153417632028, 0.0012087866107300914, 0, 1692983702.56218]
[-0.11733079153019219, -0.002714658915149154, 0.3421720270986603, -0.0624524363636085, 0.0013590978127117832, 0, 1692983702.612363]
[-0.11700200170131961, -0.002747537896989563, 0.2812576414840657, -0.060914385614594606, 0.0015380507490138906, 0, 1692983702.6623766]
[-0.11639374051803345, -0.0026982194242263584, 0.2219121698332142, -0.05934547165085145, 0.0015689139637431522, 0, 1692983702.713394]
[-0.10754929413292277, -0.0026324614605438127, 0.1641605242645182, -0.05775164556869603, 0.0015938260821554203, 0, 1692983702.7643695]
[-0.07874730529550913, -0.002681779933306154, 0.10842237619256817, -0.055738148071950024, 0.0020134974967460084, 0, 1692983702.8123174]
[-0.040114500978426657, 0.02865188960075788, 0.05586381385471233, -0.052558562337855844, 0.0031795857340941786, 0, 1692983702.8617175]
[-0.01487988222045582, 0.06153087091416413, 0.008340225883062484, -0.04752358797164984, 0.005034974366206003, 0, 1692983702.9145608]
[-0.004292850044018688, 0.07540580091073093, -0.03283102098692723, -0.041171246869989714, 0.0063523411016601266, 0, 1692983702.963572]
[-0.00011721935065566597, 0.08536813211969517, -0.06753669219612986, -0.03470567120920263, 0.006465575660787088, 0, 1692983703.0123808]
[-5.146138702675635e-05, 0.08660109390036001, -0.09596966325210778, -0.028432971055977915, 0.006272700153224714, 0, 1692983703.0623832]
[-5.146138702762509e-05, 0.08742306842038902, -0.11873797890443752, -0.022768315652329747, 0.005664655403648169, 0, 1692983703.1131833]
[-0.00011721935065653333, 0.09010270535417486, -0.1363960460614167, -0.017658067156979176, 0.005110248495350571, 0, 1692983703.1641946]
[-0.00028161425973661223, 0.0897903550368504, -0.14934626515876984, -0.012950219097353142, 0.004707848059626034, 0, 1692983703.2142072]
[-0.00038025120518951074, 0.08998762892148243, -0.15808719373640992, -0.00874092857764008, 0.004209290519713061, 0, 1692983703.262217]
[-0.00102139135071352, 0.08946156522916625, -0.1630379726219856, -0.004950778885575675, 0.003790149692064405, 0, 1692983703.3123176]
[-0.002287232151222085, 0.08842587733460203, -0.1646186485487176, -0.0015806759267319916, 0.003370102958843683, 0, 1692983703.364329]
[-0.0024187480785794165, 0.08581199836074509, -0.1632414470424198, 0.0013772015062977977, 0.0029578774330297894, 0, 1692983703.4143403]
[-0.002057079278365104, 0.08388857798216995, -0.15933554674449665, 0.0039059002979231505, 0.0025286987916253527, 0, 1692983703.4623542]
[-0.0020406397874474886, 0.08332963530779458, -0.15324027908430196, 0.006095267660194682, 0.0021893673622715307, 0, 1692983703.5124037]
[-0.002533824515018267, 0.08318167989387884, -0.14519500174723757, 0.008045277337064395, 0.0019500096768697132, 0, 1692983703.5634184]
[-0.0026489009514648804, 0.08367486460668824, -0.1354016400752346, 0.009793361672002957, 0.0017480843349385626, 0, 1692983703.6134424]
[-0.0032242831337496738, 0.08309948244181622, -0.12400220583691882, 0.011399434238315796, 0.0016060725663128391, 0, 1692983703.662434]
[-0.0037503468433625784, 0.08352690919287269, -0.1111833510926348, 0.012818854744284017, 0.0014194205059682207, 0, 1692983703.711514]
[-0.004621639862601903, 0.08260629772894071, -0.09706481093994655, 0.014118540152688245, 0.0012996854084042272, 0, 1692983703.7624342]
[-0.005640888300510497, 0.07963074995947125, -0.08182267495943095, 0.0152421359805156, 0.0011235958278273546, 0, 1692983703.8144517]
[-0.006676576229685397, 0.07621133594400817, -0.06570439469253347, 0.016118280266897475, 0.0008761442863818761, 0, 1692983703.864463]
[-0.005673767282387861, 0.07203570536140691, -0.04894356256418517, 0.01676083212834831, 0.0006425518614508343, 0, 1692983703.9114203]
[-0.0008076779688649657, 0.04430228475323686, -0.031711712422037394, 0.01723185014214777, 0.0004710180137994582, 0, 1692983703.9621792]
[-1.8582405211434173e-05, 0.0016418061759631744, -0.014900241803319728, 0.016811470618717666, -0.0004203795234301018, 0, 1692983704.013972]
[-0.00015009833247359023, 0.0010993029762706677, 0.00013862533521267865, 0.015038867138532407, -0.001772603480185259, 0, 1692983704.0645134]
[-0.03154952612125265, 0.0009513475581577599, 0.013707150828418222, 0.013568525493205544, -0.001470341645326864, 0, 1692983704.1285183]
[-0.04881099178563646, 0.000852710612743933, 0.024973360083381725, 0.011266209254963504, -0.0023023162382420394, 0, 1692983704.1780994]
[-0.05640603670518892, 0.0007376341764254807, 0.033610822505406944, 0.008637462422025219, -0.0026287468329382864, 0, 1692983704.231129]
[-0.05551830418127549, 0.0007540736673257595, 0.03963819922872682, 0.006027376723319879, -0.0026100856987053404, 0, 1692983704.2821412]
[-0.05540322774301989, 0.0006718762128113384, 0.04337586774665344, 0.0037376685179266148, -0.002289708205393264, 0, 1692983704.3291514]
[-0.052723590681539444, 0.0006718762128122058, 0.045070738851804605, 0.0016948711051511644, -0.0020427974127754504, 0, 1692983704.3781698]
[-0.05030698548061653, 0.000655436721907586, 0.04503747650889498, -3.326234290962327e-05, -0.0017281334480607877, 0, 1692983704.4295151]
[-0.05632383924927734, 0.0005732392673888212, 0.043541247487495965, -0.0014962290213990182, -0.0014629666784893949, 0, 1692983704.4965098]
[-0.056718387037741035, 0.0005896787582925736, 0.04048812952103455, -0.003053117966461416, -0.0015568889450623977, 0, 1692983704.5625134]
[-0.0450956667878866, 0.0005732392673870837, 0.03600646361387425, -0.0044816659071602915, -0.0014285479406988756, 0, 1692983704.6115313]
[-0.012364640100853261, 0.0006554367219084534, 0.030656491647466196, -0.005349971966408057, -0.0008683060592477659, 0, 1692983704.6805468]
[-3.502189611866158e-05, 0.0005403602855795761, 0.025710520115809245, -0.0049459715316569515, 0.00040400043475110584, 0, 1692983704.7465112]
[-1.8582405211434173e-05, 0.0005896787582917063, 0.021531848317531646, -0.0041786717982776, 0.0007672997333793514, 0, 1692983704.7955084]
[-5.146138702848968e-05, 0.013198768255760001, 0.01800437284638121, -0.003527475471150436, 0.0006511963271271647, 0, 1692983704.8453858]
[-3.502189611953033e-05, 0.017489475361015146, 0.01543108979318205, -0.00257328305319916, 0.000954192417951276, 0, 1692983704.8973873]
[-3.502189612039769e-05, 0.014102940251648748, 0.013833615656298422, -0.0015974741368836275, 0.0009758089163155326, 0, 1692983704.9644692]
[-0.0001665378233790829, 0.011078073937171234, 0.012991209862314439, -0.0008424057939839841, 0.0007550683428996434, 0, 1692983705.0124333]
[-0.0012186652418797101, 0.008431315909517602, 0.012717979966043473, -0.000273229896270966, 0.0005691758977130181, 0, 1692983705.0617535]
[-0.020567946106028405, 0.006754487841124248, 0.012831265222689495, 0.000113285256646022, 0.000386515152916988, 0, 1692983705.1147673]
[-0.02970830312181668, 0.005899634315709663, 0.012557625917051932, -0.00027363930563756224, -0.00038692456228358425, 0, 1692983705.1647859]
[-0.026502602366944766, 0.0041899272641641614, 0.011584376982766636, -0.0009732489342852955, -0.0006996096286477333, 0, 1692983705.2291477]
[-0.024480544969308037, 0.0019212775212190739, 0.010031774235870972, -0.0015526027468956627, -0.0005793538126103672, 0, 1692983705.2784941]
[-0.020107640357548896, 0.0005403602855804463, 0.007943092270342633, -0.00208868196552834, -0.000536079218632677, 0, 1692983705.3305116]
[-0.026239570510327707, 0.00039240486743971625, 0.005462732080519813, -0.0024803601898228203, -0.00039167822429448046, 0, 1692983705.3975363]
[-0.03127005477274558, 0.0003102074129113966, 0.0023940649356841053, -0.0030686671448357074, -0.0005883069550128872, 0, 1692983705.4455402]
[-0.033308551665566864, 0.000326646903818624, -0.001400969883601333, -0.003795034819285438, -0.0007263676744497307, 0, 1692983705.4953735]
[-0.032239984745787244, 0.00032664690381949135, -0.0059437495274512015, -0.004542779643849869, -0.0007477448245644306, 0, 1692983705.5473814]
[-0.03021792734466865, 0.0003430863947241139, -0.011153811543324508, -0.005210062015873307, -0.000667282372023438, 0, 1692983705.597281]
[-0.028343825364235336, 0.00035952588562873644, -0.016932444705665885, -0.005778633162341378, -0.0005685711464680719, 0, 1692983705.6479692]
[-0.027357455901272438, 0.00031020741291052923, -0.02320172567919463, -0.006269280973528746, -0.0004906478111873678, 0, 1692983705.712504]
[-0.02768624572222811, 0.000326646903818624, -0.02992764909393368, -0.0067259234147390495, -0.0004566424412103037, 0, 1692983705.765515]
[-0.02706154506244121, 0.0002444494492903057, -0.0371223990614267, -0.0071947499674930165, -0.0004688265527539675, 0, 1692983705.831545]
[-0.014978519166248311, 0.007987449656162496, -0.04477478237785581, -0.00765238331642911, -0.00045763334893609333, 0, 1692983705.8955119]
[-0.012233124172951491, 0.015089309701359466, -0.05224193850185019, -0.00746715612399438, 0.00018522719243473052, 0, 1692983705.9455333]
[-0.0067258947025129814, 0.019100545460247344, -0.05924258397563395, -0.007000645473783761, 0.00046651065021061864, 0, 1692983705.9985454]
[-0.006791652666280531, 0.022487080563949526, -0.06556016881019833, -0.006317584834564382, 0.0006830606392193785, 0, 1692983706.0652914]
[-0.007251958412707192, 0.022930946815120295, -0.07117387361201694, -0.005613704801818611, 0.000703880032745771, 0, 1692983706.112131]
[-0.006923168593823326, 0.025248915014586613, -0.07618739027486694, -0.005013516662850006, 0.0006001881389686058, 0, 1692983706.1621444]
[-0.006561499793092823, 0.026859985109594357, -0.0805902154653541, -0.004402825190487151, 0.0006106914723628548, 0, 1692983706.214521]
[-0.0016954104781922497, 0.029835532935788965, -0.08439579433935736, -0.003805578874003256, 0.0005972463164838953, 0, 1692983706.2645326]
[-0.001761168441855801, 0.03226857756491209, -0.08743925109539433, -0.0030434567560369734, 0.0007621221179662826, 0, 1692983706.3125484]
[-0.0010213913507100588, 0.03545783876484489, -0.08971489460722128, -0.0022756435118269506, 0.000767813244210023, 0, 1692983706.362136]
[-0.0012186652416643809, 0.03733194070544566, -0.09115876247892439, -0.0014438678717031191, 0.0008317756401238314, 0, 1692983706.412253]
[-0.001284423205320144, 0.0387457369054478, -0.09178701147918424, -0.0006282490002598483, 0.0008156188714432708, 0, 1692983706.48128]
[-0.0015145760781209426, 0.03795664135204503, -0.09162548995897382, 0.00016152152021041378, 0.0007897705204702621, 0, 1692983706.5461607]
[-0.002681779933307016, 0.03471806168271131, -0.09079198301066352, 0.0008335069483102987, 0.0006719854280998849, 0, 1692983706.5951786]
[-0.003405117533919344, 0.03368237376739683, -0.08951720824787951, 0.0012747747627840154, 0.00044126781447371684, 0, 1692983706.6481915]
[-0.0028297353516009384, 0.026859985109577784, -0.08789991636842716, 0.001617291879452351, 0.0003425171166683356, 0, 1692983706.7152665]
[-0.0030927672063613037, 0.024229666586676395, -0.08624224096893406, 0.0016576753994931035, 4.038352004075236e-05, 0, 1692983706.779218]
[-0.0028790538243650076, 0.023243297139971336, -0.08465555317424786, 0.00158668779468619, -7.098760480691354e-05, 0, 1692983706.8465183]
[-0.002977690769900898, 0.02552838635765912, -0.08315787722520779, 0.0014976759490400783, -8.901184564611172e-05, 0, 1692983706.8985302]
[-0.0025502640059401976, 0.02694218256340346, -0.08163509089793915, 0.0015227863272686399, 2.511037822856153e-05, 0, 1692983706.9625118]
[-0.0021063977511196776, 0.02605445006220129, -0.08000834041959855, 0.0016267504783406062, 0.00010396415107196632, 0, 1692983707.012493]
[-0.0015803340417827646, 0.026448997840546096, -0.07830256759480624, 0.0017057728247923097, 7.902234645170339e-05, 0, 1692983707.063361]
[-0.0011200282961863525, 0.026005131589906815, -0.07648339544904274, 0.0018191721457634896, 0.00011339932097117995, 0, 1692983707.1301136]
[-0.0010378308416224863, 0.02643255834978464, -0.07455568744534591, 0.0019277080036968312, 0.00010853585793334176, 0, 1692983707.195516]
[-0.0020077608056096666, 0.026465437331310303, -0.07249649969870581, 0.002059187746640102, 0.00013147974294327056, 0, 1692983707.2450125]
[-0.0021721557147918666, 0.02712301696176102, -0.07032856769553616, 0.002167932003169643, 0.00010874425652954102, 0, 1692983707.2970297]
[-0.0028461748425211457, 0.026416118859018584, -0.06802482228565797, 0.0023037454098781955, 0.00013581340670855256, 0, 1692983707.36405]
