Hokin_Second_Time_Right_Hand
Dev2/ai0 Dev2/ai1
[-0.007350595358503127, -0.0027639773879140823, -1.0261686111496833, -0.004347250789151261, -0.004347250789151261, 0, 1692983762.3848667]
[-0.0009885123688990582, -0.002763977387914081, -1.0377343000719252, -0.01156568892224203, -0.007218438133090768, 0, 1692983762.4317524]
[-0.0003473722233828566, -0.0027639773879140823, -1.0562997766808495, -0.018565476608924356, -0.006999787686682326, 0, 1692983762.481518]
[-0.01254547450163033, -0.0027804168788342853, -1.0812979704365464, -0.024998193755696965, -0.006432717146772607, 0, 1692983762.5315366]
[-0.021669392003944875, -0.002780416878833425, -1.1112677786450802, -0.02996980820853373, -0.004971614452836764, 0, 1692983762.581516]
[-0.0018926843694109519, 0.04193499809463126, -1.1450804474444929, -0.03381266879941269, -0.0038428605908789656, 0, 1692983762.6335273]
[-6.790087793398376e-05, 0.09753335499546548, -1.17815823245473, -0.03307778501023701, 0.000734883789175683, 0, 1692983762.6845393]
[-6.790087793398376e-05, 0.1136440554727522, -1.202169483815204, -0.024011251360473957, 0.009066533649763054, 0, 1692983762.7315502]
[-6.79008779348525e-05, 0.1144824694743389, -1.2153560000417212, -0.013186516226517172, 0.010824735133956785, 0, 1692983762.7815616]
[-2.1429143050755163e-06, 0.11144116378111477, -1.2185624249273912, -0.003206424885669962, 0.00998009134084721, 0, 1692983762.8325732]
[-6.790087793398376e-05, 0.11124388989818948, -1.2132464239348004, 0.005316000992590752, 0.008522425878260714, 0, 1692983762.8825848]
[-0.00013365884156462808, 0.11132608734940774, -1.2003271574491003, 0.012919266485700086, 0.007603265493109333, 0, 1692983762.932743]
[-6.790087793571986e-05, 0.11398928476755357, -1.180646582963249, 0.019680574485851202, 0.006761308000151116, 0, 1692983762.9817445]
[-8.434036884294727e-05, 0.11897045030125883, -1.1546264832689788, 0.026020099694270434, 0.006339525208419232, 0, 1692983763.0317473]
[-0.00011721935065653333, 0.12347487061014872, -1.122345425229712, 0.03228105803926683, 0.006260958344996393, 0, 1692983763.083764]
[-5.146138702675635e-05, 0.1252338960569715, -1.0840156474742333, 0.03832977775547875, 0.006048719716211922, 0, 1692983763.1337774]
[-6.79008779348525e-05, 0.12464207441144912, -1.0403024915161416, 0.04371315595809157, 0.005383378202612815, 0, 1692983763.181791]
[-0.00013365884156376072, 0.12273509355269488, -0.9921698694723371, 0.04813262204380456, 0.004419466085712987, 0, 1692983763.231738]
[-6.790087793485112e-05, 0.12051576237897618, -0.9406693858603318, 0.05150048361200534, 0.003367861568200782, 0, 1692983763.281918]
[-0.00013365884156376072, 0.11921704265416344, -0.8867803102063286, 0.05388907565400316, 0.0023885920419978164, 0, 1692983763.3319328]
[-3.502189611866158e-05, 0.11819779426205108, -0.8312306579615013, 0.05554965224482738, 0.0016605765908242198, 0, 1692983763.384764]
[-3.502189611866158e-05, 0.11760597261485625, -0.7746236184720268, 0.05660703948947459, 0.0010573872446472128, 0, 1692983763.4315019]
[-3.502189611866158e-05, 0.11650452677099336, -0.7174190956214545, 0.05720452285057235, 0.0005974833610977617, 0, 1692983763.4817677]
[-0.00019941680519613842, 0.1160935395156876, -0.6600588499169412, 0.05736024570451325, 0.0001557228539408993, 0, 1692983763.5334342]
[-0.00011721935065740069, 0.11538664143649072, -0.6028315263469106, 0.05722732357003056, -0.00013292213448269026, 0, 1692983763.5831437]
[-6.79008779348525e-05, 0.1139399662968886, -0.5460083160111017, 0.05682321033580898, -0.000404113234221586, 0, 1692983763.6317742]
[-0.00011721935065653333, 0.11405504272848103, -0.48986972579896026, 0.0561385902121414, -0.0006846201236675774, 0, 1692983763.6811647]
[-0.00010077985975017328, 0.114153679669823, -0.4345000556067643, 0.05536967019219598, -0.0007689200199454218, 0, 1692983763.732519]
[-6.79008779331164e-05, 0.1136111764923333, -0.37996222353720827, 0.05453783206955605, -0.0008318381226399288, 0, 1692983763.7835224]
[-8.434036884034379e-05, 0.11196722746879648, -0.32634551869736617, 0.05361670483984207, -0.0009211272297139783, 0, 1692983763.8345382]
[-6.790087793658584e-05, 0.10761076255131174, -0.27378494832079836, 0.052560570376567785, -0.0010561344632742861, 0, 1692983763.8822312]
[-5.1461387025888985e-05, 0.10345157150983, -0.22254064046834066, 0.05124430785245772, -0.001316262524110067, 0, 1692983763.9312415]
[-8.434036884121115e-05, 0.09181241235299628, -0.17278035495279126, 0.04976028551554938, -0.0014840223369083343, 0, 1692983763.9832566]
[-8.434036884207851e-05, 0.062007616139853984, -0.12499118434976382, 0.04778917060302744, -0.001971114912521944, 0, 1692983764.0332704]
[1.429657660215189e-05, 0.03024652020396511, -0.08033924771220562, 0.044651936637558204, -0.0031372339654692338, 0, 1692983764.081794]
[-3.502189611866158e-05, 0.007050398676549817, -0.03968297843213639, 0.04065626928006923, -0.003995667357488977, 0, 1692983764.1315157]
[-0.010737130494991927, -0.00649574182933297, -0.0032226587201647713, 0.03646031971197162, -0.004195949568097609, 0, 1692983764.181947]
[-0.03993366657596761, -0.006840971139110677, 0.029421274297093077, 0.03264393301725785, -0.0038163866947137737, 0, 1692983764.2329583]
[-0.05729376922937809, -0.006923168593825033, 0.05783324859056485, 0.02841197429347177, -0.004231958723786078, 0, 1692983764.2838042]
[-0.06511896704410819, -0.006873850120996591, 0.08189687550209686, 0.02406362691153201, -0.004348347381939759, 0, 1692983764.3315148]
[-0.06781504360598652, -0.006808092157223061, 0.10179819068094263, 0.019901315178845778, -0.004162311732686232, 0, 1692983764.381808]
[-0.0694261137475968, -0.006824531648166443, 0.11788504125991592, 0.01608685057897328, -0.0038144645998724976, 0, 1692983764.4338236]
[-0.07182627947004791, -0.006906729102879944, 0.13050312485047652, 0.012618083590560608, -0.003468766988412671, 0, 1692983764.5008447]
[-0.07363462350853486, -0.006890289611937414, 0.1399151619581846, 0.00941203710770808, -0.003206046482852528, 0, 1692983764.5484812]
[-0.07488402484475701, -0.006939608084767563, 0.14637230496992468, 0.006457143011740069, -0.0029548940959680105, 0, 1692983764.5994961]
[-0.07409492926393303, -0.006923168593823326, 0.1501210641932409, 0.0037487592233162044, -0.002708383788423865, 0, 1692983764.6505125]
[-0.07381545791243428, -0.0068574106300532105, 0.15147665026664886, 0.0013555860734079674, -0.002393173149908237, 0, 1692983764.7151551]
[-0.07340447063086464, -0.006890289611937414, 0.15069317625043732, -0.0007834740162115331, -0.0021390600896195005, 0, 1692983764.7648156]
[-0.07378257892991151, -0.006824531648167299, 0.14800407102252816, -0.0026891052279091688, -0.0019056312116976358, 0, 1692983764.8177898]
[-0.07532789110901508, -0.006857410630052359, 0.14357551649870245, -0.004428554523825693, -0.0017394492959165245, 0, 1692983764.8679252]
[-0.07711979565790315, -0.006824531648165591, 0.1374996323074387, -0.006075884191263748, -0.0016473296674380544, 0, 1692983764.914941]
[-0.07818836259115185, -0.006906729102880796, 0.12984531934107718, -0.007654312966361508, -0.0015784287750977598, 0, 1692983764.9649646]
[-0.08011178307172426, -0.006840971139109827, 0.1207112713765799, -0.009134047964497278, -0.0014797349981357708, 0, 1692983765.0159786]
[-0.08065428628435953, -0.006890289611937414, 0.11014364732253998, -0.010567624054039921, -0.0014335760895426433, 0, 1692983765.0669963]
[-0.0811474710232079, -0.006873850120994032, 0.09825093092497886, -0.011892716397561126, -0.0013250923435212043, 0, 1692983765.117007]
[-0.08157489779690184, -0.0068902896119399735, 0.08513119004315013, -0.013119740881828731, -0.001227024484267606, 0, 1692983765.1650102]
[-0.0816570952533954, -0.00685741063005065, 0.0708761462773314, -0.014255043765818742, -0.0011353028839900107, 0, 1692983765.2159386]
[-0.07851715241682986, -0.006857410630051503, 0.05558120269706219, -0.015294943580269204, -0.0010398998144504625, 0, 1692983765.2679513]
[-0.06289963572961123, -0.006890289611937414, 0.03945957074436396, -0.016121631952698227, -0.0008266883724290233, 0, 1692983765.3159623]
[-0.03316059624638227, -0.006906729102881651, 0.023165917754987476, -0.016293652989376482, -0.00017202103667825642, 0, 1692983765.3651853]
[-0.008172569905872524, 0.025972252607688057, 0.007748914073664417, -0.015417003681323059, 0.0008766493080534241, 0, 1692983765.4148598]
[-3.502189612126505e-05, 0.046850405805569005, -0.0054724287788563385, -0.013221342852520756, 0.002195660828802303, 0, 1692983765.4668727]
[-3.502189612126644e-05, 0.06181034225377284, -0.01581330660141435, -0.010340877822558013, 0.002880465029962743, 0, 1692983765.517864]
[-0.00010077985975104204, 0.07050683274492668, -0.023084688897906422, -0.00727138229649207, 0.0030694955260659428, 0, 1692983765.5648317]
[-8.434036884294727e-05, 0.07014516395379806, -0.0273073553783139, -0.004222666480407478, 0.0030487158160845927, 0, 1692983765.61485]
[-6.790087793398376e-05, 0.0700629665012593, -0.028810822973966477, -0.0015034675956525764, 0.002719198884754901, 0, 1692983765.6668608]
[-1.8582405213170282e-05, 0.06906015758012028, -0.027873820670254797, 0.0009370023037116814, 0.0024404698993642578, 0, 1692983765.7348692]
[-1.858240521230292e-05, 0.0689450811465093, -0.02477301595121264, 0.0031008047190421587, 0.0021638024153304773, 0, 1692983765.781879]
[-6.790087793745597e-05, 0.06952046331446568, -0.01971976559160346, 0.005053250359609178, 0.0019524456405670195, 0, 1692983765.8315475]
[-6.790087793398514e-05, 0.06919167350421809, -0.01287514849510452, 0.0068446170964989415, 0.0017913667368897636, 0, 1692983765.8835485]
[-0.00010077985974843856, 0.06592021489016377, -0.004409878170265056, 0.008465270324839463, 0.0016206532283405209, 0, 1692983765.93356]
[-8.434036884121115e-05, 0.05442901098335645, 0.005425541692166675, 0.009835419862431732, 0.0013701495375922682, 0, 1692983765.9825754]
[-0.00010077985974930592, 0.03338646293391176, 0.01614378920156659, 0.010718247509399911, 0.0008828276469681801, 0, 1692983766.0308807]
[-2.1429143042067667e-06, 0.00913821401624935, 0.0270249936908884, 0.01088120448932181, 0.00016295697992189888, 0, 1692983766.082893]
[-3.502189611866158e-05, 0.004584475045373346, 0.03737287161512735, 0.010347877924238948, -0.0005333265650828635, 0, 1692983766.1339362]
[1.429657660215189e-05, 0.004124169300621561, 0.047196265216876684, 0.009823393601749336, -0.0005244843224896125, 0, 1692983766.1839337]
[-0.025516232904794645, 0.003778939992014363, 0.056628561570057766, 0.009432296353181083, -0.00039109724856825216, 0, 1692983766.231569]
[-0.04394490240853431, 0.003778939992014363, 0.06477804778619754, 0.00814948621613978, -0.0012828101370413033, 0, 1692983766.2815838]
[-0.05177010019387781, 0.0034665896651456364, 0.0710839693774587, 0.006305921591261151, -0.0018435646248786298, 0, 1692983766.3336015]
[-0.05372639964294672, 0.0034172711924779623, 0.07543283357527145, 0.004348864197812745, -0.0019570573934484057, 0, 1692983766.383613]
[-0.053726399642961165, 0.003417271192478838, 0.07795667349028022, 0.0025238399150087727, -0.0018250242828039727, 0, 1692983766.431624]
[-0.055666259601919024, 0.0033515132289231057, 0.07884848916148957, 0.0008918156712093455, -0.0016320242437994272, 0, 1692983766.4819028]
[-0.05798422785935686, 0.003335073738034172, 0.07819217671906882, -0.0006563124424207453, -0.0015481281136300908, 0, 1692983766.532918]
[-0.058165062262480374, 0.003236436792696205, 0.07604251149282798, -0.0021496652262408406, -0.0014933527838200955, 0, 1692983766.6005752]
[-0.055534743672472485, 0.0031871183200267842, 0.07253069176726537, -0.00351181972556261, -0.0013621544993217692, 0, 1692983766.6485755]
[-0.04793969875474156, 0.0031871183200267842, 0.06788709678340717, -0.004643594983858199, -0.0011317752582955896, 0, 1692983766.6978722]
[-0.04777530384326476, 0.003154239338245421, 0.06251620639715944, -0.00537089038624773, -0.0007272954023895305, 0, 1692983766.7498844]
[-0.037221150544205425, 0.0031213603564640606, 0.0564707928566161, -0.006045413540543333, -0.000674523154295603, 0, 1692983766.7998965]
[-0.025335398503177058, 0.0030720418837937662, 0.05020672474905069, -0.006264068107565416, -0.00021865456702208378, 0, 1692983766.8485851]
[-0.009849397983122118, 0.0030391629020115286, 0.044171187925668605, -0.006035536823382086, 0.00022853128418333032, 0, 1692983766.9145966]
[-0.0011364677871212772, 0.0029898444293368644, 0.03889202238961687, -0.0052791655360517305, 0.0007563712873303554, 0, 1692983766.9664876]
[-0.00010077985974930732, 0.003055602392903085, 0.034576101855460645, -0.004315920534156228, 0.0009632450018955026, 0, 1692983767.0165043]
[-3.502189611953033e-05, 0.011883608988467142, 0.03112653046514608, -0.0034495713903145635, 0.0008663491438416645, 0, 1692983767.08161]
[-8.434036884121115e-05, 0.023111781213683548, 0.028697050926966276, -0.002429479538179803, 0.0010200918521347606, 0, 1692983767.131932]
[-6.79008779331164e-05, 0.030065685806211846, 0.02751034741487845, -0.001186703512087829, 0.0012427760260919738, 0, 1692983767.1835089]
[-3.502189611952894e-05, 0.033041233629147994, 0.027649953490308393, 0.0001396060754299442, 0.0013263095875177733, 0, 1692983767.2345245]
[-5.1461387025888985e-05, 0.03330426548074605, 0.029077912108718653, 0.0014279586184102616, 0.0012883525429803174, 0, 1692983767.298511]
[-6.79008779331164e-05, 0.030805462889539604, 0.03168239129639705, 0.002604479187678398, 0.001176520569268136, 0, 1692983767.348531]
[-0.0001172193506547986, 0.02528179399610036, 0.03528567266536505, 0.0036032813689679992, 0.0009988021812896012, 0, 1692983767.4005463]
[-1.858240521230292e-05, 0.012113761860106218, 0.03964330468870747, 0.004357632023342417, 0.0007543506543744178, 0, 1692983767.4503293]
[-6.79008779331164e-05, 0.0018719590485339304, 0.04432259699049051, 0.004679292301783036, 0.0003216602784406192, 0, 1692983767.4985075]
[-6.790087793398376e-05, 0.0019705959939146727, 0.049029451750328225, 0.004706854759837714, 2.7562458054678624e-05, 0, 1692983767.5486166]
[-5.146138702675635e-05, 0.002036353957501838, 0.05381005324031878, 0.004780601489990555, 7.374673015284087e-05, 0, 1692983767.5986192]
[-8.434036884381463e-05, 0.002069232939292802, 0.05870629500340476, 0.00489624176308598, 0.00011564027309542493, 0, 1692983767.6496313]
[-0.019121270897613358, 0.002036353957499219, 0.06375406576416569, 0.005047770760760923, 0.00015152899767494334, 0, 1692983767.7006383]
[-0.0350675772112237, 0.0020199144666050465, 0.06821784387247082, 0.004463778108305136, -0.0005839926524557867, 0, 1692983767.7486699]
[-0.048893189241342866, 0.002036353957500092, 0.07153934281572417, 0.0033214989432533582, -0.0011422791650517782, 0, 1692983767.8176382]
[-0.05144131037061982, 0.0020034749757056394, 0.07328458596396484, 0.001745243148240658, -0.0015762557950127001, 0, 1692983767.8846562]
[-0.05144131037060986, 0.0019705959939164187, 0.07351332969661356, 0.00022874373264871926, -0.0015164994155919388, 0, 1692983767.9486473]
[-0.05221396645533906, 0.002036353957502711, 0.07237739325633163, -0.001135936440281924, -0.0013646801729306432, 0, 1692983768.017136]
[-0.05050425937446455, 0.002134990902878221, 0.0699779518711027, -0.0023994413852289386, -0.0012635049449470147, 0, 1692983768.0831559]
[-0.04864659687409567, 0.001987035484812337, 0.06650342487698681, -0.0034745269941158954, -0.0010750856088869568, 0, 1692983768.1319764]
[-0.03227286372800965, 0.0019705959939146727, 0.06211677638229865, -0.004386648494688159, -0.0009121215005722639, 0, 1692983768.1986234]
[-0.01834861481996354, 0.0020199144666059195, 0.057546051023603176, -0.00457072535869547, -0.0001840768640073107, 0, 1692983768.2506394]
[-0.0002487352779256227, 0.0019377170121193498, 0.05333482638562508, -0.004211224637978096, 0.0003595007207173741, 0, 1692983768.3163188]
[-0.00010077985974930592, 0.002019914466604174, 0.05012321421236324, -0.003211612173261848, 0.000999612464716248, 0, 1692983768.3812757]
[-0.00010077985974843856, 0.00198703548481321, 0.047788031193667216, -0.0023351830186960233, 0.0008764291545658247, 0, 1692983768.434288]
