Hokin_Second_Time_Right_Hand
Dev2/ai0 Dev2/ai1
[-0.009980913910751866, -0.006824531648168151, 0.7241520155151902, 0.006331328579644537, 0.006331328579644537, 0, 1692983602.0778108]
[-0.010967283368452733, -0.006890289611939121, 0.7351306237793068, 0.01097860826411666, 0.004647279684472122, 0, 1692983602.1237235]
[-0.013712678360654202, -0.00680809215722477, 0.7502449934167889, 0.01511436963748201, 0.004135761373365352, 0, 1692983602.1737728]
[-0.016359436409247384, -0.0068574106300523545, 0.7688663975255727, 0.018621404108783837, 0.003507034471301825, 0, 1692983602.2245045]
[-0.01954869766322302, -0.00685741063005065, 0.7904414476172429, 0.021575050091670104, 0.002953645982886266, 0, 1692983602.2745068]
[-0.027242379464011805, -0.00677521317533715, 0.8144127933848221, 0.023971345767579234, 0.0023962956759091287, 0, 1692983602.3275185]
[-0.048810991786042014, -0.006857410630051503, 0.8397490367841568, 0.02533624339933469, 0.0013648976317554582, 0, 1692983602.3775296]
[-0.08540529927167709, -0.00677521317533715, 0.8638202746690322, 0.02407123788487543, -0.0012650055144592615, 0, 1692983602.424662]
[-0.11744586797062288, -0.0067916526662805355, 0.8823245560426087, 0.018504281373576476, -0.0055669565112989525, 0, 1692983602.4745133]
[-0.1406255509674481, -0.00675877368439462, 0.8918020233857742, 0.00947746734316549, -0.009026814030410986, 0, 1692983602.5255377]
[-0.14981522674175324, -0.006840971139108973, 0.8902093945885294, -0.0015926287972448019, -0.011070096140410293, 0, 1692983602.5765474]
[-0.15591427811519643, -0.006824531648165591, 0.8775194295975879, -0.01268996499094154, -0.011097336193696739, 0, 1692983602.6265588]
[-0.1607146096598469, -0.006857410630054061, 0.8542134398929446, -0.023305989704643246, -0.010616024713701704, 0, 1692983602.6743674]
[-0.16156946322307938, -0.006775213175338858, 0.8210062549529542, -0.03320718493999046, -0.009901195235347214, 0, 1692983602.724415]
[-0.1637559156066535, -0.006791652666280531, 0.7791353843596778, -0.04187087059327646, -0.008663685653285996, 0, 1692983602.7754135]
[-0.16170097915590034, -0.006709455211569596, 0.7296442389942368, -0.04949114536544101, -0.007620274772164551, 0, 1692983602.8254278]
[-0.15857747575239003, -0.00679165266628224, 0.6740180620835524, -0.055626176910684354, -0.006135031545243345, 0, 1692983602.8744435]
[-0.1571472399840928, -0.006824531648167298, 0.6137154286069276, -0.060302633476624776, -0.004676456565940423, 0, 1692983602.9244704]
[-0.15106462810063231, -0.006791652666281388, 0.5498726985441715, -0.06384273006275604, -0.003540096586131257, 0, 1692983602.9764812]
[-0.14552451944590436, -0.006824531648169006, 0.4839222131128695, -0.06595048543130205, -0.002107755368546012, 0, 1692983603.0264926]
[-0.13837334062837933, -0.006742334193452946, 0.41702016092430083, -0.06690205218856864, -0.0009515667572665877, 0, 1692983603.0744846]
[-0.13332641673396636, -0.006824531648164739, 0.35024243785335857, -0.06677772307094225, 0.0001243291176263881, 0, 1692983603.124557]
[-0.13196193893938796, -0.0067916526662805355, 0.28429366399823536, -0.0659487738551232, 0.0008289492158190479, 0, 1692983603.1755192]
[-0.12660266471419257, -0.0067916526662796795, 0.21948996673131663, -0.06480369726691873, 0.0011450765882044715, 0, 1692983603.2265308]
[-0.12186809117091575, -0.006791652666283096, 0.15630507112983444, -0.06318489560148217, 0.0016188016654365583, 0, 1692983603.2755418]
[-0.11746230746177469, -0.0067916526662805355, 0.09504936071999562, -0.06125571040983882, 0.0019291851916433571, 0, 1692983603.3245182]
[-0.08847948414931187, -0.006742334193452946, 0.03591569346096219, -0.05913366725903343, 0.002122043150805396, 0, 1692983603.375269]
[-0.031960513398430604, -0.006742334193455509, -0.020064070495721197, -0.05597976395668339, 0.0031539033023500434, 0, 1692983603.4262807]
[-0.0005446461143311099, 0.017078488089748458, -0.07142236900236962, -0.05135829850664843, 0.0046214654500349615, 0, 1692983603.476292]
[-5.146138702675773e-05, 0.0437762210527529, -0.11766998309062857, -0.04624761408825895, 0.005110684418389482, 0, 1692983603.524297]
[1.429657660215189e-05, 0.05929510019736256, -0.1584601654757067, -0.04079018238507814, 0.00545743170318081, 0, 1692983603.5742958]
[-8.434036884207991e-05, 0.06251724034772717, -0.19378404257631698, -0.03532387710061026, 0.005466305284467877, 0, 1692983603.6263077]
[-6.79008779331164e-05, 0.06562430406056241, -0.22415121720134312, -0.030367174625026146, 0.004956702475584114, 0, 1692983603.6756651]
[-3.502189611952894e-05, 0.06629832317240726, -0.24998475596643854, -0.025833538765095417, 0.0045336358599307285, 0, 1692983603.7245727]
[-6.790087793485112e-05, 0.06868204929826743, -0.2717762809996943, -0.021791525033255772, 0.004042013731839646, 0, 1692983603.774584]
[-3.502189611866158e-05, 0.07187131045630818, -0.2898470502214886, -0.018070769221794316, 0.0037207558114614563, 0, 1692983603.825582]
[-8.434036884034379e-05, 0.0770826289387415, -0.3044141616988935, -0.014567111477404915, 0.003503657744389401, 0, 1692983603.877595]
[-5.146138702675773e-05, 0.07713194741016621, -0.31552290718393505, -0.011108745485041524, 0.0034583659923633917, 0, 1692983603.9416177]
[-3.502189612039769e-05, 0.07723058435294011, -0.3235344265097162, -0.008011519325781128, 0.0030972261592603968, 0, 1692983603.990542]
[-3.502189612039908e-05, 0.07558663530608933, -0.3287650130981561, -0.005230586588439881, 0.0027809327373412465, 0, 1692983604.0435555]
[-0.00010077985975103926, 0.07376185186289191, -0.33161189962342646, -0.002846886525270356, 0.0023837000631695246, 0, 1692983604.0935655]
[-8.434036884034379e-05, 0.07323578816734169, -0.3324418997709369, -0.0008300001475104461, 0.00201688637775991, 0, 1692983604.157524]
[-0.00010077985974930732, 0.07626065441539817, -0.3314939305105729, 0.0009479692603639762, 0.0017779694078744223, 0, 1692983604.207238]
[-5.146138702675635e-05, 0.08092946970459784, -0.32873938820605647, 0.0027545423045164186, 0.0018065730441524427, 0, 1692983604.2598817]
[-0.00010077985974843856, 0.08147197288906471, -0.32403989095526625, 0.004699497250790226, 0.0019449549462738067, 0, 1692983604.3105092]
[-6.790087793485112e-05, 0.08227750792033504, -0.31754790182065484, 0.006491989134611407, 0.0017924918838211812, 0, 1692983604.3575106]
[-0.00011721935065653333, 0.08025545059645345, -0.3093815443872223, 0.008166357433432511, 0.0016743682988211049, 0, 1692983604.4075623]
[-8.434036884034379e-05, 0.07968006843085007, -0.29983124097201785, 0.009550303415204454, 0.0013839459817719425, 0, 1692983604.4580102]
[-5.146138702849384e-05, 0.07857862257059946, -0.2890592759066583, 0.010771965065359546, 0.001221661650155092, 0, 1692983604.510022]
[-0.0001007798597475712, 0.07824983276141552, -0.27724167740956673, 0.011817598497091566, 0.0010456334317320208, 0, 1692983604.5746112]
[-8.434036884121115e-05, 0.0770990684291661, -0.2644847327520524, 0.012756944657514322, 0.0009393461604227556, 0, 1692983604.623953]
[-3.502189611866158e-05, 0.07774020855724528, -0.2509309502986885, 0.01355378245336389, 0.0007968377958495683, 0, 1692983604.6769655]
[-0.00013365884156462808, 0.0772799028243342, -0.23659683100380935, 0.014334119294879159, 0.000780336841515269, 0, 1692983604.7440815]
[-1.858240521230292e-05, 0.07727990282431683, -0.22156232894298905, 0.015034502060820298, 0.0007003827659411406, 0, 1692983604.807109]
[-3.502189611952894e-05, 0.07688535505319574, -0.20586811847432615, 0.0156942104686629, 0.000659708407842601, 0, 1692983604.8579574]
[-1.858240521230292e-05, 0.07675383912945231, -0.1895720181746946, 0.016296100299631536, 0.0006018898309686345, 0, 1692983604.9099693]
[-0.00010077985974843856, 0.07542224040135605, -0.17270866081804373, 0.016863357356650874, 0.0005672570570193386, 0, 1692983604.9761524]
[-8.434036884121115e-05, 0.07553731683467586, -0.15537042718658903, 0.0173382336314547, 0.0004748762748038235, 0, 1692983605.0410366]
[-0.00011721935065566597, 0.07438655250124691, -0.13756089854923093, 0.017809528637358112, 0.00047129500590341366, 0, 1692983605.0930562]
[-6.790087793398376e-05, 0.07154252064651134, -0.11934374147141595, 0.01821715707781497, 0.0004076284404568582, 0, 1692983605.143067]
[-0.00010077985974843856, 0.05620447596778758, -0.10084692731653082, 0.018496814154885133, 0.0002796570770701627, 0, 1692983605.2075095]
[-2.1429143042067667e-06, 0.04150757134050241, -0.0827272898471692, 0.018119637469361616, -0.00037717668552351486, 0, 1692983605.2578752]
[-0.00015009833247098814, 0.023884437280125653, -0.0654897631231394, 0.01723752672402981, -0.0008821107453318056, 0, 1692983605.3108895]
[-8.434036884294449e-05, 0.004206366755009287, -0.04966579537955028, 0.01582396774358912, -0.001413558980440694, 0, 1692983605.3599005]
[-8.434036884207851e-05, -0.0018433658964430153, -0.035759277170667, 0.01390651820888328, -0.0019174495347058379, 0, 1692983605.4078805]
[-2.1429143059442655e-06, -0.0024680665513383063, -0.02353428919023519, 0.012224987980431814, -0.001681530228451467, 0, 1692983605.4569838]
[-0.004473684444392065, -0.0027475378969904264, -0.01267761854832242, 0.010856670641912768, -0.0013683173385190459, 0, 1692983605.5084994]
[-0.03741842443718009, -0.002829735351599215, -0.003082591246276547, 0.009595027302045873, -0.001261643339866894, 0, 1692983605.5765147]
[-0.049780921763637125, -0.0030105697517456204, 0.004362226675126901, 0.007444817921403448, -0.002150209380642426, 0, 1692983605.641327]
[-0.058444533612775726, -0.0029448117880561757, 0.009497330106711332, 0.005135103431584432, -0.0023097144898190157, 0, 1692983605.6913288]
[-0.05558406214601504, -0.0029941302608228262, 0.012273256883384468, 0.0027759267766731357, -0.002359176654911296, 0, 1692983605.760344]
[-0.05683346347604353, -0.003076327715437649, 0.013038497843048811, 0.0007652409596643431, -0.0020106858170087926, 0, 1692983605.826359]
[-0.05269071169920845, -0.00309276720636044, 0.011955882878701656, -0.001082614964347155, -0.0018478559240114982, 0, 1692983605.874361]
[-0.04103511248018232, -0.003191404151903228, 0.009351974655178771, -0.0026039082235228836, -0.0015212932591757286, 0, 1692983605.9246132]
[-0.03518265364881618, -0.00309276720636044, 0.005777076514786624, -0.0035748981403921475, -0.0009709899168692639, 0, 1692983605.9766238]
[-0.027472532338623394, -0.0031585251700550557, 0.0015071590882629283, -0.0042699174265236955, -0.000695019286131548, 0, 1692983606.0256367]
[-0.01594844913450764, -0.003158525170055916, -0.003149593478183905, -0.004656752566446833, -0.00038683513992313783, 0, 1692983606.091347]
[-0.010753569985941317, -0.0032242831337513976, -0.007799603496440021, -0.004650010018256116, 6.74254819071706e-06, 0, 1692983606.141362]
[-0.0025173850241075506, -0.00312564618820861, -0.012306750866054709, -0.004507147369614689, 0.00014286264864142695, 0, 1692983606.192377]
[-0.00018297731428717768, -0.003142085679131401, -0.016458566432977197, -0.004151815566922488, 0.00035533180269220086, 0, 1692983606.259392]
[-3.502189611866158e-05, -0.0031749646609804338, -0.0202539045863327, -0.003795338153355506, 0.0003564774135669818, 0, 1692983606.324459]
[-1.8582405211434173e-05, -0.0032736016065223585, -0.02375918371443552, -0.0035052791281028196, 0.00029005902525268613, 0, 1692983606.3744674]
[-3.502189612126644e-05, 0.00446939860910249, -0.027033210244098733, -0.003274026529663211, 0.00023125259843960848, 0, 1692983606.4434829]
[-0.00013365884156462808, 0.02444337996667741, -0.030087432160862532, -0.003054221916763799, 0.00021980461289941193, 0, 1692983606.509505]
[-5.146138702675635e-05, 0.031183571176499718, -0.03223780315099745, -0.0021503709901349185, 0.0009038509266288806, 0, 1692983606.557034]
[-2.1429143050755163e-06, 0.033731692239554, -0.03333773190494512, -0.0010999287539476671, 0.0010504422361872514, 0, 1692983606.6073742]
[-5.146138702762509e-05, 0.034455029831247, -0.033403241726611875, -6.550982166675097e-05, 0.0010344189322809162, 0, 1692983606.6603858]
[-1.8582405211434173e-05, 0.03577018908838013, -0.03251273173548644, 0.0008905099911254387, 0.0009560198127921897, 0, 1692983606.726401]
[-8.434036884207851e-05, 0.03320562853639059, -0.030706092652088696, 0.0018066390833977434, 0.0009161290922723047, 0, 1692983606.7911904]
[-0.00011721935065653333, 0.025166717560643453, -0.028160421584348987, 0.00254567106773971, 0.0007390319843419665, 0, 1692983606.841368]
[-6.790087793398376e-05, 0.007839494238339493, -0.025229341666380523, 0.0029310799179684656, 0.0003854088502287555, 0, 1692983606.89338]
[-8.434036884468337e-05, -0.0061833915014625485, -0.022559904579901046, 0.002669437086479476, -0.00026164283148898945, 0, 1692983606.960118]
[-8.434036884034379e-05, -0.006364225901802145, -0.02016186401257355, 0.0023980405673274955, -0.0002713965191519805, 0, 1692983607.024134]
[-5.146138702675635e-05, -0.006413544374622037, -0.017979133130773883, 0.0021827308817996692, -0.00021530968552782622, 0, 1692983607.0743296]
[-5.146138702675635e-05, -0.006462862847445347, -0.01596697262355532, 0.0020121605072185612, -0.0001705703745811081, 0, 1692983607.143346]
[3.0736067508510546e-05, -0.006495741829327839, -0.014087777767527012, 0.0018791948560283097, -0.00013296565119025151, 0, 1692983607.1933568]
[-0.00011721935065566597, -0.006495741829326984, -0.012308872583657017, 0.0017789051838699942, -0.00010028967215831551, 0, 1692983607.2573712]
[-8.434036884121115e-05, -0.006462862847445347, -0.010606444662368679, 0.0017024279212883384, -7.647726258165587e-05, 0, 1692983607.3073828]
[-0.000298053750645573, -0.006577939284034497, -0.008957038936129326, 0.0016494057262393528, -5.30221950489856e-05, 0, 1692983607.3593953]
[-0.0014159391326342683, -0.006462862847445347, -0.00734300225740318, 0.001614036678726146, -3.536904751320687e-05, 0, 1692983607.42641]
[-0.001991321314692915, -0.006084754555827046, -0.00578683298561153, 0.0015561692717916498, -5.7867406934496096e-05, 0, 1692983607.4914088]
[-0.002303671642142291, -0.006084754555827047, -0.0043006354971038005, 0.0014861974885077296, -6.997178328392024e-05, 0, 1692983607.540753]
[-0.0026489009514640187, -0.006380665392742964, -0.0028742229763187564, 0.0014264125207850442, -5.9784967722685374e-05, 0, 1692983607.6107695]
[-0.002073518769280991, -0.006364225901802145, -0.0014900541214476054, 0.001384168854871151, -4.224366591389316e-05, 0, 1692983607.6747913]
[-0.0020899582602011994, -0.00642998386556542, -0.00011247640907979827, 0.0013775777123678072, -6.591142503343833e-06, 0, 1692983607.7237766]
[-0.001892684369189815, -0.0064628628474462015, 0.001273435733483203, 0.0013859121425630013, 8.33443019519427e-06, 0, 1692983607.774442]
[-0.0017776079327725528, -0.006462862847444492, 0.0026873302604647105, 0.0014138945269815072, 2.7982384418505984e-05, 0, 1692983607.8424578]
[-0.0014488181144599863, -0.006528620811210331, 0.004143278785183899, 0.0014559485247191883, 4.2053997737681196e-05, 0, 1692983607.9094753]
[-0.001991321314692052, -0.006446423356504529, 0.005663900531361301, 0.0015206217461774015, 6.467322145821315e-05, 0, 1692983607.9744964]
[-0.0023529901148985925, -0.0063149074289805445, 0.007235259158025406, 0.0015713586266641055, 5.0736880486703875e-05, 0, 1692983608.0245082]
[-0.003142085679131404, -0.006265588956161509, 0.008849758419928341, 0.0016144992619029352, 4.3140635238829756e-05, 0, 1692983608.0935237]
