HokinRight_Hand
Dev2/ai0 Dev2/ai1
[-2.26064430e-02  2.92408647e-03  1.69204372e+09]
[-2.30503092e-02  3.20355781e-03  1.69204372e+09]
[-2.29516723e-02  3.13779985e-03  1.69204372e+09]
[-2.30667487e-02  3.08848137e-03  1.69204372e+09]
[-2.33626596e-02  2.85832850e-03  1.69204372e+09]
[-2.26557615e-02  2.23362785e-03  1.69204372e+09]
[-2.26064430e-02  2.20074887e-03  1.69204372e+09]
[-2.29023538e-02  2.38158327e-03  1.69204372e+09]
[-2.38229653e-02  2.67749410e-03  1.69204372e+09]
[-3.93747239e-02  2.98984443e-03  1.69204372e+09]
[-1.12678415e-01  1.87195905e-03  1.69204372e+09]
[-1.72156496e-01  1.82264058e-03  1.69204372e+09]
[-1.98163772e-01  1.87195905e-03  1.69204372e+09]
[-2.20603678e-01  1.87195905e-03  1.69204372e+09]
[-2.25930073e-01  1.85551956e-03  1.69204372e+09]
[-2.19420034e-01  1.82264058e-03  1.69204372e+09]
[-2.10230359e-01  1.80620108e-03  1.69204372e+09]
[-1.97621268e-01  1.82264058e-03  1.69204372e+09]
[-1.91719491e-01  1.87195905e-03  1.69204372e+09]
[-1.92114039e-01  1.85551956e-03  1.69204372e+09]
[-1.82694210e-01  1.88839854e-03  1.69204372e+09]
[-1.57344514e-01  1.33631631e-02  1.69204372e+09]
[-9.12577582e-02  7.90882468e-02  1.69204372e+09]
[-4.34681572e-02  1.16340132e-01  1.69204372e+09]
[-3.63527041e-03  1.23869418e-01  1.69204372e+09]
[-1.82977314e-04  1.22554259e-01  1.69204372e+09]
[-1.82977314e-04  1.21321297e-01  1.69204372e+09]
[-1.99416805e-04  1.33420762e-01  1.69204372e+09]
[-2.32295787e-04  1.34423571e-01  1.69204372e+09]
[-1.33658842e-04  1.22093953e-01  1.69204372e+09]
[-2.48735278e-04  8.10774251e-02  1.69204372e+09]
[-2.15856296e-04  3.38303292e-02  1.69204372e+09]
[-1.16934677e-03  4.38720115e-03  1.69204372e+09]
[-5.44826162e-02  2.82544952e-03  1.69204372e+09]
[-1.14831989e-01  2.69393359e-03  1.69204372e+09]
[-1.39293952e-01  2.66105461e-03  1.69204372e+09]
[-1.40280322e-01  2.59529665e-03  1.69204372e+09]
[-1.39704939e-01  2.57885716e-03  1.69204372e+09]
[-1.38899404e-01  2.56241767e-03  1.69204372e+09]
[-1.41743436e-01  2.52953868e-03  1.69204372e+09]
[-1.35710143e-01  6.15966289e-02  1.69204372e+09]
[-8.90877453e-02  1.38796475e-01  1.69204372e+09]
[-4.80383357e-02  1.63751621e-01  1.69204372e+09]
[-7.39991383e-03  1.78415646e-01  1.69204372e+09]
[-1.99416805e-04  1.77922461e-01  1.69204372e+09]
[-1.66537823e-04  1.75588054e-01  1.69204372e+09]
[-1.66537823e-04  1.73812589e-01  1.69204372e+09]
[-2.15856296e-04  1.76229194e-01  1.69204372e+09]
[-1.66537823e-04  1.77363519e-01  1.69204372e+09]
[-2.32295787e-04  1.75423659e-01  1.69204372e+09]
[-2.32295787e-04  1.66858685e-01  1.69204372e+09]
[-2.48735278e-04  1.27683380e-01  1.69204372e+09]
[-2.15856296e-04  5.15521001e-02  1.69204372e+09]
[-1.60964046e-02  1.47112014e-02  1.69204372e+09]
[-5.21482085e-02  4.27212472e-03  1.69204372e+09]
[-8.47148406e-02  4.02553236e-03  1.69204372e+09]
[-9.99213701e-02  3.97621388e-03  1.69204372e+09]
[-1.08880893e-01  3.87757694e-03  1.69204372e+09]
[-1.11478333e-01  3.84469796e-03  1.69204372e+09]
[-1.06447848e-01  3.74606101e-03  1.69204372e+09]
[-1.05642313e-01  3.77893999e-03  1.69204372e+09]
[-1.04475109e-01  3.81181897e-03  1.69204372e+09]
[-1.07220504e-01  3.66386356e-03  1.69204372e+09]
[-1.03784651e-01  3.68030305e-03  1.69204372e+09]
[-9.46114144e-02  3.69674254e-03  1.69204372e+09]
[-7.97336748e-02  3.66386356e-03  1.69204372e+09]
[-5.67019475e-02  3.59810559e-03  1.69204372e+09]
[-3.59553097e-02  3.56522661e-03  1.69204372e+09]
[-1.04247802e-02  3.56522661e-03  1.69204372e+09]
[-9.39193896e-04  3.56522661e-03  1.69204372e+09]
[-1.00779860e-04  3.36659343e-02  1.69204372e+09]
[-1.00779860e-04  5.58428072e-02  1.69204372e+09]
[-1.82977314e-04  6.06760174e-02  1.69204372e+09]
[-1.99416805e-04  5.75689537e-02  1.69204372e+09]
[-1.99416805e-04  5.09438390e-02  1.69204372e+09]
[-2.32295787e-04  3.48660171e-02  1.69204372e+09]
[-1.99416805e-04  1.67168193e-02  1.69204372e+09]
[-2.65174769e-04  1.01739019e-02  1.69204372e+09]
[-5.14613870e-05  6.34350057e-03  1.69204372e+09]
[-1.17219351e-04  3.66386356e-03  1.69204372e+09]
[-6.24914947e-03  3.28575527e-03  1.69204372e+09]
[-1.91377104e-02  3.30219476e-03  1.69204372e+09]
[-3.31277173e-02  3.21999730e-03  1.69204372e+09]
[-3.89144181e-02  3.26931577e-03  1.69204372e+09]
[-4.58847624e-02  3.26931577e-03  1.69204372e+09]
[-4.80218962e-02  3.23643679e-03  1.69204372e+09]
[-4.55724120e-02  3.21999730e-03  1.69204372e+09]
[-3.70731951e-02  3.10492087e-03  1.69204372e+09]
[-2.61902520e-02  3.18711832e-03  1.69204372e+09]
[-1.96637741e-02  3.20355781e-03  1.69204372e+09]
[-1.18878949e-02  3.10492087e-03  1.69204372e+09]
[-3.60239143e-03  3.03916290e-03  1.69204372e+09]
[-3.15852517e-03  3.17067883e-03  1.69204372e+09]
[-4.27641055e-03  3.13779985e-03  1.69204372e+09]
[-5.96967812e-03  3.15423934e-03  1.69204372e+09]
[-7.08756350e-03  3.23643679e-03  1.69204372e+09]
[-8.43560176e-03  3.15423934e-03  1.69204372e+09]
[-1.01781878e-02  3.28575527e-03  1.69204372e+09]
[-1.17892579e-02  3.86113745e-03  1.69204372e+09]
[-1.13289522e-02  4.28856421e-03  1.69204372e+09]
[-8.61643616e-03  5.88319482e-03  1.69204372e+09]
[-4.81891375e-03  2.05307812e-02  1.69204372e+09]
[-1.36662066e-03  3.12000107e-02  1.69204372e+09]
[-1.17219351e-04  3.84827051e-02  1.69204372e+09]
[-5.14613870e-05  4.10143866e-02  1.69204372e+09]
[-1.17219351e-04  4.01430936e-02  1.69204372e+09]
[-1.00779860e-04  3.66086031e-02  1.69204372e+09]
[-1.00779860e-04  3.24494120e-02  1.69204372e+09]
[-1.33658842e-04  2.56105838e-02  1.69204372e+09]
[-1.82977314e-04  2.07773735e-02  1.69204372e+09]
[-1.17219351e-04  1.61743161e-02  1.69204372e+09]
