HokinRight_Hand
Dev2/ai0 Dev2/ai1
[-6.15022790e-02  2.15993481e-02  1.69204378e+09]
[-6.64670053e-02  2.15993481e-02  1.69204378e+09]
[-6.87520946e-02  2.16486665e-02  1.69204378e+09]
[-6.98206615e-02  2.16979850e-02  1.69204378e+09]
[-6.95905087e-02  2.15664691e-02  1.69204378e+09]
[-7.17605215e-02  2.17473035e-02  1.69204378e+09]
[-7.41113688e-02  2.17801825e-02  1.69204378e+09]
[-7.74650250e-02  2.11226028e-02  1.69204378e+09]
[-8.15913373e-02  1.81470550e-02  1.69204378e+09]
[-8.56683311e-02  1.79990996e-02  1.69204378e+09]
[-9.21783697e-02  1.81634945e-02  1.69204378e+09]
[-9.47100514e-02  1.80155391e-02  1.69204378e+09]
[-9.40195927e-02  1.79662206e-02  1.69204378e+09]
[-9.35264080e-02  1.83278894e-02  1.69204378e+09]
[-9.37565609e-02  1.83772079e-02  1.69204378e+09]
[-9.40195927e-02  1.81963735e-02  1.69204378e+09]
[-9.42004271e-02  1.83607684e-02  1.69204378e+09]
[-9.38716373e-02  1.83443289e-02  1.69204378e+09]
[-9.25564780e-02  1.83772079e-02  1.69204378e+09]
[-9.00741148e-02  1.84265263e-02  1.69204378e+09]
[-8.49943120e-02  1.89854690e-02  1.69204378e+09]
[-8.25777068e-02  1.91334244e-02  1.69204378e+09]
[-7.91089741e-02  1.93306983e-02  1.69204378e+09]
[-7.29934833e-02  2.01691124e-02  1.69204378e+09]
[-6.67135977e-02  2.13363162e-02  1.69204378e+09]
[-5.79513489e-02  2.74189278e-02  1.69204378e+09]
[-5.23290429e-02  3.10027368e-02  1.69204378e+09]
[-4.69204503e-02  3.61811764e-02  1.69204378e+09]
[-4.04432908e-02  3.79895203e-02  1.69204378e+09]
[-3.51004562e-02  4.03403675e-02  1.69204378e+09]
[-3.20098319e-02  4.06691573e-02  1.69204378e+09]
[-3.07768700e-02  4.06527178e-02  1.69204378e+09]
[-3.00042140e-02  4.16555268e-02  1.69204378e+09]
[-2.98562585e-02  4.19843166e-02  1.69204378e+09]
[-3.18618765e-02  4.06362783e-02  1.69204378e+09]
[-3.46401504e-02  3.96499089e-02  1.69204378e+09]
[-3.61854626e-02  3.95512719e-02  1.69204378e+09]
[-3.82075200e-02  3.90087688e-02  1.69204378e+09]
[-3.90788130e-02  3.86799789e-02  1.69204378e+09]
[-4.02295774e-02  3.79073229e-02  1.69204378e+09]
[-3.99007876e-02  3.72497433e-02  1.69204378e+09]
[-3.97035137e-02  3.71839853e-02  1.69204378e+09]
[-3.93254054e-02  3.65264057e-02  1.69204378e+09]
[-4.01473800e-02  3.62140553e-02  1.69204378e+09]
[-4.03775328e-02  3.58688260e-02  1.69204378e+09]
[-4.09035966e-02  3.56879916e-02  1.69204378e+09]
[-4.07720806e-02  3.53756413e-02  1.69204378e+09]
[-4.10186730e-02  3.52441254e-02  1.69204378e+09]
[-4.07392016e-02  3.54742783e-02  1.69204378e+09]
[-4.11830679e-02  3.57373101e-02  1.69204378e+09]
[-4.11666284e-02  3.57866286e-02  1.69204378e+09]
[-4.14625392e-02  3.57701891e-02  1.69204378e+09]
[-4.21529979e-02  3.57537496e-02  1.69204378e+09]
[-4.21201189e-02  3.57044311e-02  1.69204378e+09]
[-4.17255711e-02  3.57537496e-02  1.69204378e+09]
[-4.23667113e-02  3.59017050e-02  1.69204378e+09]
[-4.27776985e-02  3.60660999e-02  1.69204378e+09]
[-4.27776985e-02  3.59017050e-02  1.69204378e+09]
[-4.38133865e-02  3.58852655e-02  1.69204378e+09]
[-4.39284629e-02  3.58030681e-02  1.69204378e+09]
[-4.42736922e-02  3.56222337e-02  1.69204378e+09]
[-4.42901317e-02  3.60660999e-02  1.69204378e+09]
[-4.42243738e-02  3.59181445e-02  1.69204378e+09]
[-4.46682400e-02  3.56551127e-02  1.69204378e+09]
[-4.45367241e-02  3.49975330e-02  1.69204378e+09]
[-4.41914948e-02  3.48824566e-02  1.69204378e+09]
[-4.40435394e-02  3.47673802e-02  1.69204378e+09]
[-4.47668770e-02  3.49646540e-02  1.69204378e+09]
[-4.51449853e-02  3.51290490e-02  1.69204378e+09]
[-4.58025649e-02  3.54085203e-02  1.69204378e+09]
[-4.64437051e-02  3.53920808e-02  1.69204378e+09]
[-4.71177242e-02  3.52276859e-02  1.69204378e+09]
[-4.84822020e-02  3.55400362e-02  1.69204378e+09]
[-5.05371384e-02  3.55564757e-02  1.69204378e+09]
[-5.16057053e-02  3.58195076e-02  1.69204378e+09]
[-5.20331321e-02  3.61976158e-02  1.69204378e+09]
[-5.30195015e-02  3.63126923e-02  1.69204378e+09]
[-5.40223105e-02  3.69538324e-02  1.69204378e+09]
[-5.67019475e-02  3.81210363e-02  1.69204378e+09]
[-5.90856738e-02  3.87786159e-02  1.69204378e+09]
[-6.12556866e-02  3.97814248e-02  1.69204378e+09]
[-6.14365210e-02  4.02417306e-02  1.69204378e+09]
[-6.21927376e-02  3.99458197e-02  1.69204378e+09]
[-6.38038077e-02  3.98143038e-02  1.69204378e+09]
[-6.52833620e-02  3.99293802e-02  1.69204378e+09]
[-6.73547379e-02  4.09650681e-02  1.69204378e+09]
[-7.18591585e-02  4.29213675e-02  1.69204378e+09]
