HokinRight_Hand
Dev2/ai0 Dev2/ai1
[-7.93555665e-02  9.46700383e-03  1.69204378e+09]
[-8.08022417e-02  9.40124587e-03  1.69204378e+09]
[-8.16077768e-02  9.31904842e-03  1.69204378e+09]
[-8.24297513e-02  9.15465351e-03  1.69204378e+09]
[-8.16735347e-02  9.18753249e-03  1.69204378e+09]
[-8.22160380e-02  9.10533503e-03  1.69204378e+09]
[-8.46984011e-02  9.03957707e-03  1.69204378e+09]
[-8.94658536e-02  9.00669809e-03  1.69204378e+09]
[-9.45456565e-02  8.89162165e-03  1.69204378e+09]
[-9.88856822e-02  8.94094013e-03  1.69204378e+09]
[-1.06891714e-01  8.87518216e-03  1.69204378e+09]
[-1.14355244e-01  8.79298471e-03  1.69204378e+09]
[-1.18629511e-01  8.82586369e-03  1.69204378e+09]
[-1.19007620e-01  8.79298471e-03  1.69204378e+09]
[-1.15653963e-01  8.69434776e-03  1.69204378e+09]
[-1.08026039e-01  8.99025860e-03  1.69204378e+09]
[-1.00973498e-01  9.71359620e-03  1.69204378e+09]
[-9.49073253e-02  1.02725389e-02  1.69204378e+09]
[-8.39750635e-02  1.14068638e-02  1.69204378e+09]
[-7.25824961e-02  1.12260294e-02  1.69204378e+09]
[-6.94096743e-02  1.12424688e-02  1.69204378e+09]
[-7.13002157e-02  1.93471378e-02  1.69204378e+09]
[-7.46867509e-02  3.91567242e-02  1.69204378e+09]
[-7.72348721e-02  5.90813868e-02  1.69204378e+09]
[-8.30380125e-02  6.95533423e-02  1.69204378e+09]
[-8.77725860e-02  7.20357054e-02  1.69204378e+09]
[-8.90548663e-02  7.34659410e-02  1.69204378e+09]
[-9.57786183e-02  7.57674697e-02  1.69204378e+09]
[-9.95432618e-02  7.59483041e-02  1.69204378e+09]
[-1.01203650e-01  7.57345907e-02  1.69204378e+09]
[-1.07680810e-01  7.67538391e-02  1.69204378e+09]
[-1.19714518e-01  8.37241831e-02  1.69204378e+09]
[-1.31534512e-01  9.68264569e-02  1.69204378e+09]
[-1.43946328e-01  1.10569871e-01  1.69204378e+09]
[-1.54401845e-01  1.33535839e-01  1.69204378e+09]
[-1.61848935e-01  1.63094042e-01  1.69204378e+09]
[-1.61503705e-01  1.89413665e-01  1.69204378e+09]
[-1.59563845e-01  2.16308670e-01  1.69204378e+09]
[-1.63673718e-01  2.31959064e-01  1.69204378e+09]
[-1.70167317e-01  2.37778643e-01  1.69204378e+09]
[-1.74836133e-01  2.35263401e-01  1.69204378e+09]
[-1.74885451e-01  2.28046465e-01  1.69204379e+09]
[-1.72271572e-01  2.16867612e-01  1.69204379e+09]
[-1.68868597e-01  2.07069677e-01  1.69204379e+09]
[-1.64364177e-01  1.99869180e-01  1.69204379e+09]
[-1.56522539e-01  1.92389212e-01  1.69204379e+09]
[-1.48023322e-01  1.88673888e-01  1.69204379e+09]
[-1.39573424e-01  1.83626964e-01  1.69204379e+09]
[-1.33901799e-01  1.79500652e-01  1.69204379e+09]
[-1.30120716e-01  1.76705939e-01  1.69204379e+09]
[-1.23380524e-01  1.73418041e-01  1.69204379e+09]
[-1.14766231e-01  1.73631755e-01  1.69204379e+09]
[-1.01154332e-01  1.69390366e-01  1.69204379e+09]
[-7.22865852e-02  1.66497016e-01  1.69204379e+09]
[-4.14789787e-02  1.67762857e-01  1.69204379e+09]
[-2.67327552e-02  1.69719156e-01  1.69204379e+09]
[-2.12748442e-02  1.70458933e-01  1.69204379e+09]
[-1.87102836e-02  1.69883551e-01  1.69204379e+09]
[-2.24091691e-02  1.67039519e-01  1.69204379e+09]
[-3.42127237e-02  1.46276443e-01  1.69204379e+09]
[-5.86746865e-02  1.00821253e-01  1.69204379e+09]
[-8.92685797e-02  6.16130684e-02  1.69204379e+09]
[-1.11889320e-01  3.86471000e-02  1.69204379e+09]
[-1.33145582e-01  1.82950104e-02  1.69204379e+09]
[-1.40411838e-01  9.77935416e-03  1.69204379e+09]
[-1.42779124e-01  8.92450064e-03  1.69204379e+09]
[-1.43025717e-01  9.05601656e-03  1.69204379e+09]
[-1.40494035e-01  9.13821402e-03  1.69204379e+09]
[-1.35644385e-01  9.07245605e-03  1.69204379e+09]
[-1.28542525e-01  8.79298471e-03  1.69204379e+09]
[-1.24120302e-01  8.77654522e-03  1.69204379e+09]
[-1.14799110e-01  1.69962906e-02  1.69204379e+09]
[-8.78219045e-02  4.87080682e-02  1.69204379e+09]
[-4.65587815e-02  7.48797372e-02  1.69204379e+09]
[-1.97952900e-02  9.23877945e-02  1.69204379e+09]
[-1.30086270e-03  1.01906259e-01  1.69204379e+09]
[-2.32295787e-04  1.01807622e-01  1.69204379e+09]
[-2.48735278e-04  9.56592531e-02  1.69204379e+09]
[-1.82977314e-04  8.48585079e-02  1.69204379e+09]
[-1.82977314e-04  6.45228582e-02  1.69204379e+09]
[-1.99416805e-04  5.81114569e-02  1.69204379e+09]
[-2.48735278e-04  4.85436733e-02  1.69204379e+09]
[-1.66537823e-04  3.78744439e-02  1.69204379e+09]
[-1.25290350e-02  3.37152527e-02  1.69204379e+09]
[-1.44360160e-02  3.79895203e-02  1.69204379e+09]
[-9.71788206e-03  4.13431764e-02  1.69204379e+09]
[-1.71184997e-03  4.43516032e-02  1.69204379e+09]
[-1.51457608e-03  4.21158325e-02  1.69204379e+09]
[-2.32295787e-04  3.24000935e-02  1.69204379e+09]
[-1.33658842e-04  1.17849720e-02  1.69204379e+09]
[-3.71746786e-03  1.07328446e-02  1.69204379e+09]
[-3.16646026e-02  1.05848892e-02  1.69204379e+09]
[-5.88390814e-02  1.04698128e-02  1.69204379e+09]
[-7.04124832e-02  1.03382968e-02  1.69204379e+09]
[-7.70375982e-02  1.03876153e-02  1.69204379e+09]
[-8.26763437e-02  1.03218574e-02  1.69204379e+09]
[-8.47148406e-02  1.02725389e-02  1.69204379e+09]
[-8.27256622e-02  1.02232204e-02  1.69204379e+09]
[-8.01775410e-02  1.01739019e-02  1.69204379e+09]
[-7.50155408e-02  1.01739019e-02  1.69204379e+09]
[-6.43298715e-02  1.01245835e-02  1.69204379e+09]
[-5.35455652e-02  1.01574624e-02  1.69204379e+09]
[-3.38181759e-02  1.00588255e-02  1.69204379e+09]
[-1.18550159e-02  1.00917045e-02  1.69204379e+09]
[-1.49813659e-03  1.01081440e-02  1.69204379e+09]
[-2.32295787e-04  1.01081440e-02  1.69204379e+09]
[-2.98053751e-04  1.03054179e-02  1.69204379e+09]
[-2.48735278e-04  2.62517240e-02  1.69204379e+09]
[-2.48735278e-04  3.47180617e-02  1.69204379e+09]
[-7.74798987e-04  3.44879088e-02  1.69204379e+09]
[-6.10404078e-04  3.12657686e-02  1.69204379e+09]
[-6.10404078e-04  2.54461889e-02  1.69204379e+09]
[-3.30932732e-04  1.65524244e-02  1.69204379e+09]
[-3.63811714e-04  9.00669809e-03  1.69204379e+09]
[-2.65174769e-04  9.00669809e-03  1.69204379e+09]
[-2.65174769e-04  8.90806114e-03  1.69204379e+09]
[-3.14493242e-04  8.84230318e-03  1.69204379e+09]
[-2.98053751e-04  8.84230318e-03  1.69204379e+09]
[-3.63811714e-04  8.77654522e-03  1.69204379e+09]
[-2.81614260e-04  8.95737962e-03  1.69204379e+09]
[-2.98053751e-04  8.79298471e-03  1.69204379e+09]
[-2.15856296e-04  8.77654522e-03  1.69204379e+09]
[-3.14493242e-04  8.69434776e-03  1.69204379e+09]
[-3.14493242e-04  8.72722675e-03  1.69204379e+09]
[-3.63811714e-04  8.72722675e-03  1.69204379e+09]
[-3.30932732e-04  8.69434776e-03  1.69204379e+09]
[-7.74798987e-04  8.69434776e-03  1.69204379e+09]
[-1.86938441e-02  8.66146878e-03  1.69204379e+09]
[-4.23502718e-02  8.66146878e-03  1.69204379e+09]
[-5.69156609e-02  8.66146878e-03  1.69204379e+09]
[-6.48559352e-02  8.66146878e-03  1.69204379e+09]
[-6.53819989e-02  8.66146878e-03  1.69204379e+09]
[-6.66478397e-02  8.71078725e-03  1.69204379e+09]
[-7.30263623e-02  8.64502929e-03  1.69204379e+09]
[-7.47525089e-02  8.54639235e-03  1.69204379e+09]
[-6.96727061e-02  8.54639235e-03  1.69204379e+09]
[-5.95295400e-02  8.59571082e-03  1.69204379e+09]
[-3.43113606e-02  8.54639235e-03  1.69204379e+09]
[-9.63568460e-03  8.62858980e-03  1.69204379e+09]
[-4.78888151e-04  8.52995285e-03  1.69204379e+09]
[-5.11767132e-04  8.64502929e-03  1.69204379e+09]
[-4.13130187e-04  8.61215031e-03  1.69204379e+09]
[-3.80251205e-04  8.57927133e-03  1.69204379e+09]
[-4.46009169e-04  8.52995285e-03  1.69204379e+09]
[-4.62448660e-04  8.54639235e-03  1.69204379e+09]
[-3.80251205e-04  8.51351336e-03  1.69204379e+09]
[-5.57513034e-03  8.61215031e-03  1.69204379e+09]
[-4.34845967e-02  8.56283184e-03  1.69204379e+09]
[-7.27962095e-02  8.52995285e-03  1.69204379e+09]
[-8.23804329e-02  8.48063438e-03  1.69204379e+09]
[-8.80027389e-02  8.59571082e-03  1.69204379e+09]
[-9.09947263e-02  8.56283184e-03  1.69204379e+09]
[-8.96466880e-02  8.52995285e-03  1.69204379e+09]
[-8.96466880e-02  8.46419489e-03  1.69204379e+09]
[-8.68519745e-02  8.52995285e-03  1.69204379e+09]
[-7.40784898e-02  8.56283184e-03  1.69204379e+09]
[-6.07460624e-02  8.49707387e-03  1.69204379e+09]
[-4.29256540e-02  8.46419489e-03  1.69204379e+09]
[-2.70944240e-02  8.51351336e-03  1.69204379e+09]
[-3.00864114e-02  8.49707387e-03  1.69204379e+09]
[-3.43113606e-02  8.52995285e-03  1.69204379e+09]
[-3.91116920e-02  8.54639235e-03  1.69204379e+09]
[-3.80431251e-02  8.54639235e-03  1.69204379e+09]
[-4.20872399e-02  8.44775540e-03  1.69204379e+09]
[-4.95836479e-02  8.56283184e-03  1.69204379e+09]
[-6.29818332e-02  8.49707387e-03  1.69204379e+09]
[-7.56731204e-02  8.52995285e-03  1.69204379e+09]
[-8.84137262e-02  8.51351336e-03  1.69204379e+09]
[-9.05179811e-02  8.46419489e-03  1.69204379e+09]
[-8.67533376e-02  8.46419489e-03  1.69204379e+09]
[-8.91699428e-02  8.51351336e-03  1.69204379e+09]
[-8.37120317e-02  8.48063438e-03  1.69204379e+09]
[-8.60957579e-02  8.48063438e-03  1.69204379e+09]
[-8.23804329e-02  8.46419489e-03  1.69204379e+09]
[-7.06755151e-02  8.48063438e-03  1.69204379e+09]
[-5.18522977e-02  8.46419489e-03  1.69204379e+09]
[-1.62443600e-02  8.46419489e-03  1.69204379e+09]
[-3.80251205e-04  8.43131591e-03  1.69204379e+09]
[-3.63811714e-04  8.41487642e-03  1.69204379e+09]
[-2.65174769e-04  2.52489150e-02  1.69204379e+09]
[-2.81614260e-04  3.44714693e-02  1.69204379e+09]
[-3.63811714e-04  3.75127751e-02  1.69204379e+09]
[-2.98053751e-04  3.95841509e-02  1.69204379e+09]
[-2.81614260e-04  4.49105459e-02  1.69204379e+09]
[-2.98053751e-04  4.97930746e-02  1.69204379e+09]
[-3.14493242e-04  5.44125715e-02  1.69204379e+09]
[-3.96690696e-04  5.76018327e-02  1.69204379e+09]
[-3.80251205e-04  5.72566034e-02  1.69204379e+09]
[-3.80251205e-04  6.03965461e-02  1.69204379e+09]
[-3.30932732e-04  5.40344632e-02  1.69204379e+09]
[-3.47372223e-04  4.85929918e-02  1.69204379e+09]
[-3.63811714e-04  5.12068708e-02  1.69204379e+09]
[-3.47372223e-04  5.79470620e-02  1.69204379e+09]
[-3.14493242e-04  5.94759346e-02  1.69204379e+09]
[-3.80251205e-04  5.72894823e-02  1.69204379e+09]
[-2.81614260e-04  5.13712657e-02  1.69204379e+09]
[-3.80251205e-04  3.16438769e-02  1.69204379e+09]
[-4.29569678e-04  8.16828406e-03  1.69204379e+09]
[-3.80251205e-04  7.77373627e-03  1.69204379e+09]
[-3.30932732e-04  7.93813118e-03  1.69204379e+09]
[-3.14493242e-04  7.97101017e-03  1.69204379e+09]
[-2.92808764e-02  7.97101017e-03  1.69204379e+09]
[-4.82849281e-02  7.95457067e-03  1.69204379e+09]
[-6.38695657e-02  8.06964711e-03  1.69204379e+09]
[-7.50155408e-02  8.02032864e-03  1.69204379e+09]
[-7.83527575e-02  8.03676813e-03  1.69204379e+09]
[-7.82541206e-02  8.05320762e-03  1.69204379e+09]
[-7.35195471e-02  8.00388915e-03  1.69204379e+09]
[-7.15139291e-02  8.00388915e-03  1.69204379e+09]
[-7.15468081e-02  8.10252609e-03  1.69204379e+09]
[-7.10043049e-02  8.03676813e-03  1.69204379e+09]
[-6.62861709e-02  8.02032864e-03  1.69204379e+09]
[-4.95836479e-02  8.08608660e-03  1.69204379e+09]
[-7.49855078e-03  8.06964711e-03  1.69204379e+09]
[-4.29569678e-04  7.98744966e-03  1.69204379e+09]
[-3.96690696e-04  8.05320762e-03  1.69204379e+09]
[-4.95327642e-04  2.52160360e-02  1.69204379e+09]
[-3.47372223e-04  4.27076542e-02  1.69204379e+09]
[-3.63811714e-04  4.75573039e-02  1.69204379e+09]
[-3.30932732e-04  4.75737434e-02  1.69204379e+09]
[-3.80251205e-04  4.66202529e-02  1.69204379e+09]
[-3.96690696e-04  4.31843994e-02  1.69204379e+09]
[-4.29569678e-04  3.54742783e-02  1.69204379e+09]
[-4.29569678e-04  2.14513926e-02  1.69204379e+09]
