HokinRight_Hand
Dev2/ai0 Dev2/ai1
[-1.44669666e-01  7.01751970e-03  1.69204380e+09]
[-1.46034144e-01  6.96820122e-03  1.69204380e+09]
[-1.42812003e-01  7.06683817e-03  1.69204380e+09]
[-1.38389780e-01  7.11615664e-03  1.69204380e+09]
[-1.40789946e-01  7.14903562e-03  1.69204380e+09]
[-1.42466774e-01  6.98464071e-03  1.69204380e+09]
[-1.42910640e-01  7.14903562e-03  1.69204380e+09]
[-1.40477596e-01  7.03395919e-03  1.69204380e+09]
[-1.00266599e-01  4.86094313e-02  1.69204380e+09]
[-3.35880230e-02  9.69744123e-02  1.69204380e+09]
[-4.29569678e-04  1.17244304e-01  1.69204380e+09]
[-1.33658842e-04  1.21387055e-01  1.69204380e+09]
[-1.99416805e-04  1.22389864e-01  1.69204380e+09]
[-1.99416805e-04  1.23902297e-01  1.69204380e+09]
[-1.99416805e-04  1.21189781e-01  1.69204380e+09]
[-2.15856296e-04  1.17753928e-01  1.69204380e+09]
[-2.15856296e-04  1.15551036e-01  1.69204380e+09]
[-1.99416805e-04  1.12920718e-01  1.69204380e+09]
[-2.32295787e-04  1.09024559e-01  1.69204380e+09]
[-1.82977314e-04  1.06032571e-01  1.69204380e+09]
[-2.32295787e-04  9.99335206e-02  1.69204380e+09]
[-2.32295787e-04  9.06616480e-02  1.69204380e+09]
[-2.32295787e-04  8.65682149e-02  1.69204380e+09]
[-1.66537823e-04  8.64038200e-02  1.69204380e+09]
[-1.66537823e-04  8.74559474e-02  1.69204380e+09]
[-1.82977314e-04  8.60421512e-02  1.69204380e+09]
[-2.15856296e-04  6.69723423e-02  1.69204380e+09]
[-2.48735278e-04  3.14466030e-02  1.69204380e+09]
[-2.90836025e-02  1.09629975e-02  1.69204380e+09]
[-4.18735265e-02  9.51632231e-03  1.69204380e+09]
[-3.09741439e-02  9.64783823e-03  1.69204380e+09]
[-8.12325143e-03  1.03711758e-02  1.69204380e+09]
[-2.65174769e-04  9.53276180e-03  1.69204380e+09]
[-2.15856296e-04  9.13821402e-03  1.69204380e+09]
[-2.48735278e-04  8.97381911e-03  1.69204380e+09]
[-2.65174769e-04  8.89162165e-03  1.69204380e+09]
[-1.82977314e-04  8.92450064e-03  1.69204380e+09]
[-1.82977314e-04  8.82586369e-03  1.69204380e+09]
[-1.82977314e-04  4.47132720e-02  1.69204380e+09]
[-1.33658842e-04  5.52838645e-02  1.69204380e+09]
[-1.66537823e-04  5.37878708e-02  1.69204380e+09]
[-1.33658842e-04  4.47625905e-02  1.69204380e+09]
[-2.15856296e-04  4.04718834e-02  1.69204380e+09]
[-1.17219351e-04  3.96005904e-02  1.69204380e+09]
[-1.82977314e-04  2.58571762e-02  1.69204380e+09]
[-2.32295787e-04  7.41206748e-03  1.69204380e+09]
[-1.33658842e-04  6.24486362e-03  1.69204380e+09]
[-2.81614260e-04  6.14622668e-03  1.69204380e+09]
[-1.99416805e-04  6.03115024e-03  1.69204380e+09]
[-1.82977314e-04  6.08046872e-03  1.69204380e+09]
[-2.15856296e-04  6.12978719e-03  1.69204380e+09]
[-2.15856296e-04  6.12978719e-03  1.69204380e+09]
[-1.17219351e-04  6.04758973e-03  1.69204380e+09]
[-1.82977314e-04  6.03115024e-03  1.69204380e+09]
[-1.66537823e-04  1.39385453e-02  1.69204380e+09]
[-1.50098332e-04  2.01691124e-02  1.69204380e+09]
[-1.99416805e-04  1.35275581e-02  1.69204380e+09]
[-2.48735278e-04  5.52152603e-03  1.69204380e+09]
[-1.82977314e-04  4.71599097e-03  1.69204380e+09]
[-1.99416805e-04  4.76530945e-03  1.69204380e+09]
[-2.15856296e-04  4.74886995e-03  1.69204380e+09]
[-2.15856296e-04  4.78174894e-03  1.69204380e+09]
[-2.48735278e-04  4.76530945e-03  1.69204380e+09]
[-2.32295787e-04  4.74886995e-03  1.69204380e+09]
[-1.82977314e-04  4.71599097e-03  1.69204380e+09]
[-2.48735278e-04  4.76530945e-03  1.69204380e+09]
[-2.65174769e-04  4.79818843e-03  1.69204380e+09]
[-1.99416805e-04  4.69955148e-03  1.69204380e+09]
[-2.81614260e-04  4.74886995e-03  1.69204380e+09]
[-3.96690696e-04  5.89963432e-03  1.69204380e+09]
[-2.48735278e-04  5.20917570e-03  1.69204380e+09]
[-2.48735278e-04  4.78174894e-03  1.69204380e+09]
[-1.51457608e-03  4.74886995e-03  1.69204380e+09]
[-1.18056974e-02  4.89682537e-03  1.69204380e+09]
[-2.93630738e-02  4.88038588e-03  1.69204380e+09]
[-3.31112778e-02  5.52152603e-03  1.69204380e+09]
[-3.50346982e-02  5.42288908e-03  1.69204380e+09]
[-3.61690231e-02  5.12697824e-03  1.69204380e+09]
[-3.28975644e-02  4.99546232e-03  1.69204380e+09]
[-2.87383731e-02  4.94614384e-03  1.69204380e+09]
[-2.10940098e-02  4.79818843e-03  1.69204380e+09]
[-1.16248630e-02  4.79818843e-03  1.69204380e+09]
[-2.59958248e-03  5.89963432e-03  1.69204380e+09]
[-4.29569678e-04  1.15055007e-02  1.69204380e+09]
[-2.98053751e-04  1.46125645e-02  1.69204380e+09]
[-2.48735278e-04  1.39878638e-02  1.69204380e+09]
[-3.50375448e-03  1.31658893e-02  1.69204380e+09]
[-5.85460168e-03  1.25411886e-02  1.69204380e+09]
[-7.36703485e-03  1.25411886e-02  1.69204380e+09]
[-7.44923230e-03  1.29028574e-02  1.69204380e+09]
[-7.39991383e-03  1.29357364e-02  1.69204380e+09]
[-6.93960808e-03  1.28042205e-02  1.69204380e+09]
