HokinRight_Hand
Dev2/ai0 Dev2/ai1
[-1.13947101e-02  1.36261950e-02  1.69204380e+09]
[-1.14933471e-02  1.35933160e-02  1.69204380e+09]
[-1.13947101e-02  1.33467237e-02  1.69204380e+09]
[-1.13618312e-02  1.31165708e-02  1.69204380e+09]
[-1.14111496e-02  1.23603542e-02  1.69204380e+09]
[-1.16248630e-02  1.14890612e-02  1.69204380e+09]
[-1.22331242e-02  1.10616344e-02  1.69204380e+09]
[-1.31701752e-02  1.07164051e-02  1.69204380e+09]
[-1.85952072e-02  1.02067809e-02  1.69204380e+09]
[-2.85575387e-02  9.54920129e-03  1.69204380e+09]
[-5.36277627e-02  6.44213751e-03  1.69204380e+09]
[-7.65937319e-02  5.58728399e-03  1.69204380e+09]
[-8.64903057e-02  5.55440501e-03  1.69204380e+09]
[-9.78006757e-02  5.57084450e-03  1.69204380e+09]
[-1.03044873e-01  5.58728399e-03  1.69204380e+09]
[-1.11840001e-01  5.66948144e-03  1.69204380e+09]
[-1.21358467e-01  5.62016297e-03  1.69204380e+09]
[-1.30301550e-01  5.63660246e-03  1.69204380e+09]
[-1.37041742e-01  5.70236043e-03  1.69204380e+09]
[-1.42236621e-01  5.66948144e-03  1.69204380e+09]
[-1.56867769e-01  5.65304195e-03  1.69204380e+09]
[-1.67898667e-01  5.66948144e-03  1.69204380e+09]
[-1.85028618e-01  5.66948144e-03  1.69204380e+09]
[-2.04854645e-01  5.70236043e-03  1.69204380e+09]
[-2.26505455e-01  5.71879992e-03  1.69204380e+09]
[-2.40166673e-01  5.75167890e-03  1.69204380e+09]
[-2.37634991e-01  1.38892269e-02  1.69204380e+09]
[-1.90042663e-01  8.77847372e-02  1.69204380e+09]
[-8.79369809e-02  1.63521468e-01  1.69204380e+09]
[-2.28694748e-02  2.25761376e-01  1.69204380e+09]
[-1.17219351e-04  2.51242585e-01  1.69204380e+09]
[-1.33658842e-04  2.58114291e-01  1.69204380e+09]
[-1.66537823e-04  2.53050928e-01  1.69204380e+09]
[-1.82977314e-04  2.47264228e-01  1.69204380e+09]
[-1.82977314e-04  2.41822757e-01  1.69204380e+09]
[-1.99416805e-04  2.37433414e-01  1.69204380e+09]
[-1.82977314e-04  2.30742541e-01  1.69204380e+09]
[-2.65174769e-04  2.05524365e-01  1.69204380e+09]
[-2.48735278e-04  9.69579728e-02  1.69204380e+09]
[-1.50098332e-04  3.28110808e-02  1.69204380e+09]
[-4.72027681e-03  7.87237322e-03  1.69204380e+09]
[-5.28715461e-02  7.36274900e-03  1.69204380e+09]
[-9.39867137e-02  7.16547511e-03  1.69204380e+09]
[-1.22476352e-01  6.98464071e-03  1.69204380e+09]
[-1.36318404e-01  6.93532224e-03  1.69204380e+09]
[-1.43650417e-01  6.85312479e-03  1.69204380e+09]
[-1.47152029e-01  6.72160886e-03  1.69204380e+09]
[-1.54845711e-01  6.73804835e-03  1.69204380e+09]
[-1.59596724e-01  6.67229039e-03  1.69204380e+09]
[-1.65038196e-01  6.67229039e-03  1.69204380e+09]
[-1.62835304e-01  6.65585090e-03  1.69204380e+09]
[-1.61076278e-01  6.68872988e-03  1.69204380e+09]
[-1.57640425e-01  6.60653242e-03  1.69204380e+09]
[-1.55996476e-01  6.62297191e-03  1.69204380e+09]
[-1.52116756e-01  6.62297191e-03  1.69204380e+09]
[-1.47513698e-01  6.59009293e-03  1.69204380e+09]
[-1.40263882e-01  6.59009293e-03  1.69204380e+09]
[-1.23725754e-01  6.57365344e-03  1.69204380e+09]
[-1.04129880e-01  6.50789548e-03  1.69204380e+09]
[-7.91254136e-02  6.54077446e-03  1.69204380e+09]
[-3.84047939e-02  6.60653242e-03  1.69204380e+09]
[-4.22516348e-02  2.32761761e-02  1.69204380e+09]
[-7.18591585e-02  5.39193868e-02  1.69204380e+09]
[-1.13467511e-01  8.31323614e-02  1.69204381e+09]
[-1.49683711e-01  1.18378629e-01  1.69204381e+09]
[-1.87889089e-01  1.43991354e-01  1.69204381e+09]
[-2.19781703e-01  1.77758067e-01  1.69204381e+09]
[-2.43684724e-01  2.10127422e-01  1.69204381e+09]
[-2.51526362e-01  2.27027217e-01  1.69204381e+09]
[-2.44819049e-01  2.28128663e-01  1.69204381e+09]
[-2.32357915e-01  2.23936593e-01  1.69204381e+09]
[-2.22296946e-01  2.18149893e-01  1.69204381e+09]
[-2.14816977e-01  2.12790619e-01  1.69204381e+09]
[-2.08438454e-01  2.08187562e-01  1.69204381e+09]
[-2.05298511e-01  2.04472237e-01  1.69204381e+09]
[-2.03786078e-01  2.01332295e-01  1.69204381e+09]
[-2.05002600e-01  1.97337499e-01  1.69204381e+09]
[-2.06810944e-01  1.97469015e-01  1.69204381e+09]
[-2.09178231e-01  1.97682728e-01  1.69204381e+09]
[-2.08257620e-01  1.96170295e-01  1.69204381e+09]
[-2.06284881e-01  1.94477028e-01  1.69204381e+09]
[-2.07304129e-01  1.94674301e-01  1.69204381e+09]
[-2.04575173e-01  1.93276945e-01  1.69204381e+09]
[-1.99363855e-01  1.90893219e-01  1.69204381e+09]
[-1.91456459e-01  1.85944932e-01  1.69204381e+09]
[-1.82809286e-01  1.78382767e-01  1.69204381e+09]
[-1.77565089e-01  1.73993423e-01  1.69204381e+09]
[-1.69098750e-01  1.67187475e-01  1.69204381e+09]
[-1.62342119e-01  1.61055545e-01  1.69204381e+09]
[-1.57328074e-01  1.55351042e-01  1.69204381e+09]
[-1.56654055e-01  1.53000195e-01  1.69204381e+09]
[-1.54484042e-01  1.50402755e-01  1.69204381e+09]
[-1.48911055e-01  1.44089991e-01  1.69204381e+09]
[-1.42696927e-01  1.36905934e-01  1.69204381e+09]
[-1.36762270e-01  1.30083546e-01  1.69204381e+09]
[-1.35940296e-01  1.25496928e-01  1.69204381e+09]
[-1.29907003e-01  1.17605973e-01  1.69204381e+09]
[-1.27424639e-01  1.12542610e-01  1.69204381e+09]
[-1.24218938e-01  1.06295603e-01  1.69204381e+09]
[-1.22821582e-01  9.55934951e-02  1.69204381e+09]
[-1.18563753e-01  8.88533041e-02  1.69204381e+09]
[-1.13549708e-01  8.34611512e-02  1.69204381e+09]
[-1.11083785e-01  8.39872149e-02  1.69204381e+09]
[-1.15670403e-01  8.77847372e-02  1.69204381e+09]
[-1.18169206e-01  9.02506608e-02  1.69204381e+09]
[-1.19418607e-01  9.12041512e-02  1.69204381e+09]
[-1.19698078e-01  9.19274888e-02  1.69204381e+09]
[-1.20996798e-01  9.27494633e-02  1.69204381e+09]
[-1.20404976e-01  9.30289346e-02  1.69204381e+09]
[-1.17232155e-01  9.24699920e-02  1.69204381e+09]
[-1.15670403e-01  9.12041512e-02  1.69204381e+09]
[-1.14930626e-01  9.10726353e-02  1.69204381e+09]
[-1.15916995e-01  9.05136926e-02  1.69204381e+09]
[-1.14799110e-01  9.01027054e-02  1.69204381e+09]
[-1.17774658e-01  9.13356671e-02  1.69204381e+09]
[-1.19714518e-01  9.18781703e-02  1.69204381e+09]
[-1.28953512e-01  9.38180302e-02  1.69204381e+09]
[-1.30367308e-01  9.31440111e-02  1.69204381e+09]
[-1.31320799e-01  9.18288518e-02  1.69204381e+09]
[-1.31830423e-01  9.13192276e-02  1.69204381e+09]
[-1.33342856e-01  9.22727181e-02  1.69204381e+09]
[-1.36548557e-01  9.32919665e-02  1.69204381e+09]
[-1.35332035e-01  9.26672659e-02  1.69204381e+09]
