HokinRight_Hand
Dev2/ai0 Dev2/ai1
[-8.90548663e-02  7.23123308e-03  1.69204381e+09]
[-8.57176496e-02  7.21479359e-03  1.69204381e+09]
[-7.44894771e-02  7.14903562e-03  1.69204381e+09]
[-5.98418904e-02  2.24870806e-02  1.69204381e+09]
[-3.32427937e-02  8.17185652e-02  1.69204381e+09]
[-1.34496465e-02  1.18477266e-01  1.69204381e+09]
[-5.24634052e-03  1.36215475e-01  1.69204381e+09]
[-6.10404078e-04  1.43810520e-01  1.69204381e+09]
[-1.17219351e-04  1.46901144e-01  1.69204381e+09]
[-2.15856296e-04  1.58934851e-01  1.69204381e+09]
[-1.17219351e-04  1.73401602e-01  1.69204381e+09]
[-1.99416805e-04  1.73500239e-01  1.69204381e+09]
[-1.50098332e-04  1.67960131e-01  1.69204381e+09]
[-8.43403688e-05  1.62518659e-01  1.69204381e+09]
[-1.99416805e-04  1.61713124e-01  1.69204381e+09]
[-1.66537823e-04  1.64524277e-01  1.69204381e+09]
[-1.00779860e-04  1.70787723e-01  1.69204381e+09]
[-1.66537823e-04  1.78695117e-01  1.69204381e+09]
[-2.15856296e-04  1.86586072e-01  1.69204381e+09]
[-1.50098332e-04  1.89610939e-01  1.69204381e+09]
[-1.66537823e-04  1.91616556e-01  1.69204381e+09]
[-1.33658842e-04  1.94460588e-01  1.69204381e+09]
[-1.99416805e-04  1.97173104e-01  1.69204381e+09]
[-8.43403688e-05  1.96038779e-01  1.69204381e+09]
[-6.98042220e-02  1.76015481e-01  1.69204381e+09]
[-1.33079824e-01  7.21179028e-02  1.69204381e+09]
[-1.64577890e-01  1.37248320e-02  1.69204381e+09]
[-1.70759139e-01  8.64502929e-03  1.69204381e+09]
[-1.69789209e-01  8.31623947e-03  1.69204381e+09]
[-1.64561451e-01  8.11896558e-03  1.69204381e+09]
[-1.55634807e-01  8.02032864e-03  1.69204381e+09]
[-1.46001265e-01  7.88881271e-03  1.69204381e+09]
[-1.26093040e-01  7.92169169e-03  1.69204381e+09]
[-1.03242147e-01  7.77373627e-03  1.69204381e+09]
[-8.36298342e-02  7.75729678e-03  1.69204381e+09]
[-8.00953436e-02  7.74085729e-03  1.69204381e+09]
[-6.50532091e-02  7.74085729e-03  1.69204381e+09]
[-5.58306545e-02  7.65865984e-03  1.69204381e+09]
[-4.32544438e-02  7.72441780e-03  1.69204381e+09]
[-2.68149527e-02  7.67509933e-03  1.69204381e+09]
[-2.65174769e-04  8.36255461e-02  1.69204381e+09]
[-2.32295787e-04  1.10241081e-01  1.69204381e+09]
[-1.99416805e-04  1.18888253e-01  1.69204381e+09]
[-1.82977314e-04  1.25792839e-01  1.69204381e+09]
[-1.17219351e-04  1.29738316e-01  1.69204381e+09]
[-1.99416805e-04  1.30247941e-01  1.69204381e+09]
[-1.66537823e-04  1.30313699e-01  1.69204381e+09]
[-2.48735278e-04  1.32878259e-01  1.69204381e+09]
[-1.99416805e-04  1.32911138e-01  1.69204381e+09]
[-1.66537823e-04  1.28521794e-01  1.69204381e+09]
[-2.65174769e-04  1.24066692e-01  1.69204381e+09]
[-1.99416805e-04  1.20121215e-01  1.69204381e+09]
[-2.65174769e-04  1.10027368e-01  1.69204381e+09]
[-1.82977314e-04  7.02438009e-02  1.69204381e+09]
[-1.82977314e-04  1.55167365e-02  1.69204381e+09]
[-3.39990103e-02  8.31623947e-03  1.69204381e+09]
[-6.26859223e-02  8.20116304e-03  1.69204381e+09]
[-7.69225218e-02  8.08608660e-03  1.69204381e+09]
[-8.36133947e-02  7.97101017e-03  1.69204381e+09]
[-8.74109172e-02  8.02032864e-03  1.69204381e+09]
[-9.12741977e-02  7.97101017e-03  1.69204381e+09]
[-9.50388412e-02  7.93813118e-03  1.69204381e+09]
[-9.55320259e-02  7.93813118e-03  1.69204381e+09]
[-9.19975353e-02  7.82305475e-03  1.69204381e+09]
[-8.11967895e-02  7.85593373e-03  1.69204381e+09]
[-5.89705973e-02  7.82305475e-03  1.69204381e+09]
[-4.33037623e-02  7.85593373e-03  1.69204381e+09]
[-3.93747239e-02  7.74085729e-03  1.69204381e+09]
[-4.90575842e-02  7.88881271e-03  1.69204381e+09]
[-4.60984757e-02  7.79017577e-03  1.69204381e+09]
[-4.54737751e-02  7.82305475e-03  1.69204381e+09]
[-4.46846795e-02  7.79017577e-03  1.69204381e+09]
[-4.62957496e-02  7.83949424e-03  1.69204381e+09]
[-4.70190873e-02  7.77373627e-03  1.69204381e+09]
[-4.79890172e-02  7.77373627e-03  1.69204381e+09]
[-4.49148324e-02  7.80661526e-03  1.69204381e+09]
[-3.57909148e-02  7.70797831e-03  1.69204381e+09]
[-3.38346154e-02  7.72441780e-03  1.69204381e+09]
[-4.44216477e-02  7.72441780e-03  1.69204381e+09]
[-5.08330492e-02  7.75729678e-03  1.69204381e+09]
[-5.57155781e-02  7.85593373e-03  1.69204381e+09]
[-5.58306545e-02  7.79017577e-03  1.69204381e+09]
[-5.06193358e-02  7.79017577e-03  1.69204381e+09]
[-4.11337494e-02  7.65865984e-03  1.69204381e+09]
[-2.91164814e-02  7.79017577e-03  1.69204381e+09]
[-8.91234700e-03  7.59290188e-03  1.69204381e+09]
[-3.50218961e-05  7.69153882e-03  1.69204381e+09]
[-1.00779860e-04  1.93306983e-02  1.69204381e+09]
[-6.79008779e-05  3.21370616e-02  1.69204381e+09]
[-8.43403688e-05  3.72497433e-02  1.69204381e+09]
[-5.14613870e-05  4.17870427e-02  1.69204381e+09]
[-1.33658842e-04  4.33159153e-02  1.69204381e+09]
[-1.17219351e-04  4.27076542e-02  1.69204381e+09]
[-8.43403688e-05  4.14911318e-02  1.69204381e+09]
[-1.33658842e-04  4.07513548e-02  1.69204381e+09]
[-8.43403688e-05  3.84169471e-02  1.69204381e+09]
[-5.14613870e-05  3.44221508e-02  1.69204381e+09]
[-1.66537823e-04  3.32878260e-02  1.69204381e+09]
[-1.00779860e-04  3.13972846e-02  1.69204381e+09]
[-8.43403688e-05  2.52324755e-02  1.69204381e+09]
[-1.00779860e-04  1.32645262e-02  1.69204381e+09]
[-6.79008779e-05  7.29699104e-03  1.69204381e+09]
[-1.00779860e-04  7.28055155e-03  1.69204381e+09]
[-1.50098332e-04  7.21479359e-03  1.69204381e+09]
[-1.17219351e-04  7.21479359e-03  1.69204381e+09]
[-1.19207738e-02  7.47782544e-03  1.69204381e+09]
[-2.17680290e-02  7.80661526e-03  1.69204381e+09]
[-3.09741439e-02  7.26411206e-03  1.69204381e+09]
[-4.17255711e-02  7.16547511e-03  1.69204381e+09]
[-4.90411447e-02  7.19835409e-03  1.69204381e+09]
[-5.52388328e-02  7.21479359e-03  1.69204382e+09]
[-5.39072340e-02  7.18191460e-03  1.69204382e+09]
[-4.89589472e-02  7.11615664e-03  1.69204382e+09]
[-4.05090488e-02  7.11615664e-03  1.69204382e+09]
[-3.13193732e-02  7.08327766e-03  1.69204382e+09]
[-2.40366787e-02  7.06683817e-03  1.69204382e+09]
[-1.28413853e-02  7.14903562e-03  1.69204382e+09]
[-3.25716212e-03  7.14903562e-03  1.69204382e+09]
[-8.24117460e-04  7.11615664e-03  1.69204382e+09]
[-7.25480514e-04  7.01751970e-03  1.69204382e+09]
[-1.72828946e-03  7.11615664e-03  1.69204382e+09]
[-2.22147419e-03  7.16547511e-03  1.69204382e+09]
[-2.10639775e-03  7.13259613e-03  1.69204382e+09]
[-1.71184997e-03  7.06683817e-03  1.69204382e+09]
[-5.11767132e-04  7.05039868e-03  1.69204382e+09]
[-5.11767132e-04  7.09971715e-03  1.69204382e+09]
[-4.29569678e-04  7.06683817e-03  1.69204382e+09]
[-1.14604681e-02  7.05039868e-03  1.69204382e+09]
