HokinRight_Hand
Dev2/ai0 Dev2/ai1
[-8.73287198e-02  7.14903562e-03  1.69204382e+09]
[-9.49073253e-02  7.08327766e-03  1.69204382e+09]
[-1.03472300e-01  7.13259613e-03  1.69204382e+09]
[-1.09571352e-01  7.13259613e-03  1.69204382e+09]
[-1.10376887e-01  7.09971715e-03  1.69204382e+09]
[-1.09259001e-01  7.13259613e-03  1.69204382e+09]
[-1.07467097e-01  7.11615664e-03  1.69204382e+09]
[-1.03176389e-01  7.09971715e-03  1.69204382e+09]
[-8.27092227e-02  3.46358642e-02  1.69204382e+09]
[-4.97973613e-02  6.92409920e-02  1.69204382e+09]
[-2.43983475e-02  8.90670175e-02  1.69204382e+09]
[-9.37265275e-03  9.78128263e-02  1.69204382e+09]
[-5.77525096e-04  1.01199361e-01  1.69204382e+09]
[-1.66537823e-04  1.02185731e-01  1.69204382e+09]
[-2.32295787e-04  1.02284368e-01  1.69204382e+09]
[-3.30932732e-04  1.01939138e-01  1.69204382e+09]
[-3.63811714e-04  9.89800301e-02  1.69204382e+09]
[-3.80251205e-04  9.90293486e-02  1.69204382e+09]
[-3.14493242e-04  9.89964696e-02  1.69204382e+09]
[-3.47372223e-04  9.78621448e-02  1.69204382e+09]
[-3.47372223e-04  9.74840365e-02  1.69204382e+09]
[-4.46009169e-04  9.69250939e-02  1.69204382e+09]
[-8.73435933e-04  9.59058455e-02  1.69204382e+09]
[-9.72072878e-04  9.41961385e-02  1.69204382e+09]
[-1.64609201e-03  9.42125779e-02  1.69204382e+09]
[-2.05707928e-03  9.45578072e-02  1.69204382e+09]
[-1.66253150e-03  9.47386416e-02  1.69204382e+09]
[-1.44881811e-03  9.47550811e-02  1.69204382e+09]
[-3.01056975e-03  9.47222021e-02  1.69204382e+09]
[-3.20784364e-03  9.64976671e-02  1.69204382e+09]
[-3.63527041e-03  9.61031193e-02  1.69204382e+09]
[-3.94762073e-03  9.51167499e-02  1.69204382e+09]
[-3.98049972e-03  9.41961385e-02  1.69204382e+09]
[-3.98049972e-03  9.44098518e-02  1.69204382e+09]
[-4.22709208e-03  9.28645397e-02  1.69204382e+09]
[-4.52300292e-03  9.08424824e-02  1.69204382e+09]
[-5.57513034e-03  8.59270748e-02  1.69204382e+09]
[-7.02180554e-03  7.70497500e-02  1.69204382e+09]
[-7.05468452e-03  6.13993550e-02  1.69204382e+09]
[-8.10681194e-03  4.16884057e-02  1.69204382e+09]
[-9.58636613e-03  3.31069916e-02  1.69204382e+09]
[-1.11974362e-02  2.65640743e-02  1.69204382e+09]
[-1.51922325e-02  1.84922843e-02  1.69204382e+09]
[-2.20146213e-02  1.34782396e-02  1.69204382e+09]
[-2.84424623e-02  1.21959593e-02  1.69204382e+09]
[-3.21742268e-02  1.14068638e-02  1.69204382e+09]
[-3.18618765e-02  1.03054179e-02  1.69204382e+09]
[-3.17468000e-02  1.05191312e-02  1.69204382e+09]
[-3.17961185e-02  1.05191312e-02  1.69204382e+09]
[-3.15495261e-02  1.10945134e-02  1.69204382e+09]
[-3.04973987e-02  1.18178510e-02  1.69204382e+09]
[-2.95767872e-02  1.20315644e-02  1.69204382e+09]
[-2.93795133e-02  1.25576281e-02  1.69204382e+09]
[-2.94617108e-02  1.29521759e-02  1.69204382e+09]
[-3.02508063e-02  1.33960421e-02  1.69204382e+09]
[-3.13029338e-02  1.36426345e-02  1.69204382e+09]
[-3.21742268e-02  1.38727874e-02  1.69204382e+09]
[-3.20920293e-02  1.34124816e-02  1.69204382e+09]
[-3.28153669e-02  1.40371823e-02  1.69204382e+09]
[-3.24865771e-02  1.44974880e-02  1.69204382e+09]
[-3.19276344e-02  1.47769594e-02  1.69204382e+09]
[-3.10563414e-02  1.46783224e-02  1.69204382e+09]
[-3.07275516e-02  1.48262778e-02  1.69204382e+09]
[-3.04809592e-02  1.52043861e-02  1.69204382e+09]
[-3.01850484e-02  1.53852205e-02  1.69204382e+09]
[-3.01192904e-02  1.55331760e-02  1.69204382e+09]
[-2.98398191e-02  1.55989339e-02  1.69204382e+09]
[-3.00699719e-02  1.58455263e-02  1.69204382e+09]
[-2.97740611e-02  1.60428002e-02  1.69204382e+09]
[-2.99548955e-02  1.60921186e-02  1.69204382e+09]
[-2.99877745e-02  1.61249976e-02  1.69204382e+09]
[-3.02179273e-02  1.62565135e-02  1.69204382e+09]
[-3.05302777e-02  1.64044690e-02  1.69204382e+09]
[-3.09083860e-02  1.64537874e-02  1.69204382e+09]
[-3.04973987e-02  1.63058320e-02  1.69204382e+09]
[-3.10563414e-02  1.66017429e-02  1.69204382e+09]
[-3.16481631e-02  1.67825773e-02  1.69204382e+09]
[-3.27167300e-02  1.70620486e-02  1.69204382e+09]
[-3.35387045e-02  1.74894754e-02  1.69204382e+09]
[-3.69252397e-02  1.85744818e-02  1.69204382e+09]
[-4.50463483e-02  2.06129786e-02  1.69204382e+09]
[-5.97761324e-02  3.57537496e-02  1.69204382e+09]
[-7.59197128e-02  5.94101766e-02  1.69204382e+09]
[-9.89185612e-02  8.85245143e-02  1.69204382e+09]
[-1.18448677e-01  1.22373425e-01  1.69204382e+09]
[-1.27441079e-01  1.36330552e-01  1.69204382e+09]
[-1.35430672e-01  1.55778469e-01  1.69204382e+09]
[-1.37222576e-01  1.60891150e-01  1.69204382e+09]
[-1.36351283e-01  1.55383921e-01  1.69204382e+09]
[-1.33983996e-01  1.49482144e-01  1.69204382e+09]
[-1.31879741e-01  1.43596806e-01  1.69204382e+09]
[-1.30334429e-01  1.40193832e-01  1.69204382e+09]
[-1.31748226e-01  1.39980119e-01  1.69204382e+09]
[-1.35167640e-01  1.41755584e-01  1.69204382e+09]
[-1.35973175e-01  1.43317335e-01  1.69204382e+09]
[-1.37502048e-01  1.45076361e-01  1.69204382e+09]
[-1.38652812e-01  1.44829768e-01  1.69204382e+09]
[-1.40263882e-01  1.45914775e-01  1.69204382e+09]
[-1.37781519e-01  1.44813329e-01  1.69204382e+09]
