HokinRight_Hand
Dev2/ai0 Dev2/ai1
[-1.01811912e-01  7.18191460e-03  1.69204382e+09]
[-1.03981924e-01  7.11615664e-03  1.69204382e+09]
[-1.06776638e-01  7.18191460e-03  1.69204382e+09]
[-1.06891714e-01  7.06683817e-03  1.69204382e+09]
[-1.08420587e-01  7.13259613e-03  1.69204382e+09]
[-1.10360447e-01  7.08327766e-03  1.69204382e+09]
[-1.13862059e-01  7.16547511e-03  1.69204382e+09]
[-1.18777467e-01  7.08327766e-03  1.69204382e+09]
[-1.22985977e-01  7.18191460e-03  1.69204382e+09]
[-1.29874124e-01  7.08327766e-03  1.69204382e+09]
[-1.36384162e-01  7.06683817e-03  1.69204382e+09]
[-1.38965162e-01  7.11615664e-03  1.69204382e+09]
[-1.46872558e-01  7.16547511e-03  1.69204382e+09]
[-1.56654055e-01  7.11615664e-03  1.69204382e+09]
[-1.75066286e-01  7.05039868e-03  1.69204382e+09]
[-1.97506192e-01  7.14903562e-03  1.69204382e+09]
[-2.34758080e-01  6.98464071e-03  1.69204382e+09]
[-2.86098613e-01  7.05039868e-03  1.69204382e+09]
[-3.38885822e-01  7.05039868e-03  1.69204382e+09]
[-3.99794140e-01  7.00108020e-03  1.69204382e+09]
[-4.48701629e-01  7.03395919e-03  1.69204382e+09]
[-4.17713186e-01  1.40834972e-01  1.69204383e+09]
[-3.13716960e-01  2.98423918e-01  1.69204383e+09]
[-1.66649266e-01  4.69411032e-01  1.69204383e+09]
[-1.09522033e-01  5.58989795e-01  1.69204383e+09]
[-6.73711773e-02  6.28331545e-01  1.69204383e+09]
[-6.29489542e-02  6.13470251e-01  1.69204383e+09]
[-7.17934005e-02  6.04247699e-01  1.69204383e+09]
[-9.91158351e-02  5.80246050e-01  1.69204383e+09]
[-1.32586640e-01  5.55603261e-01  1.69204383e+09]
[-1.62884623e-01  5.27195828e-01  1.69204383e+09]
[-1.87691815e-01  5.20324123e-01  1.69204383e+09]
[-2.08619288e-01  5.21507766e-01  1.69204383e+09]
[-2.21705124e-01  5.24828542e-01  1.69204383e+09]
[-2.25831436e-01  5.27425981e-01  1.69204383e+09]
[-2.34084061e-01  5.31568732e-01  1.69204383e+09]
[-2.65828720e-01  5.35727922e-01  1.69204383e+09]
[-3.09015265e-01  5.34823750e-01  1.69204383e+09]
[-3.58777607e-01  5.33853820e-01  1.69204383e+09]
[-3.92889553e-01  5.32883891e-01  1.69204383e+09]
[-4.27461805e-01  5.30861834e-01  1.69204383e+09]
[-4.19011906e-01  5.26932797e-01  1.69204383e+09]
[-4.02983402e-01  5.22839364e-01  1.69204383e+09]
[-4.17006288e-01  5.23036638e-01  1.69204383e+09]
[-4.14228014e-01  5.22411938e-01  1.69204383e+09]
[-4.13570434e-01  4.77614336e-01  1.69204383e+09]
[-4.00879147e-01  4.69148001e-01  1.69204383e+09]
[-3.96719955e-01  4.65827224e-01  1.69204383e+09]
[-3.89634534e-01  4.64479186e-01  1.69204383e+09]
[-3.85754814e-01  4.59810372e-01  1.69204383e+09]
[-3.77140520e-01  4.49091826e-01  1.69204383e+09]
[-3.70597602e-01  4.30696040e-01  1.69204383e+09]
[-3.78094011e-01  3.88117767e-01  1.69204383e+09]
[-3.82055928e-01  3.62422847e-01  1.69204383e+09]
[-3.83338209e-01  3.34377080e-01  1.69204383e+09]
[-3.80066750e-01  3.24562705e-01  1.69204383e+09]
[-3.76565138e-01  3.17444406e-01  1.69204383e+09]
[-3.71419577e-01  3.14863407e-01  1.69204383e+09]
[-3.60980499e-01  3.14024993e-01  1.69204383e+09]
[-3.46924734e-01  3.15553865e-01  1.69204383e+09]
[-3.37389828e-01  3.17789636e-01  1.69204383e+09]
[-3.35565045e-01  3.18595171e-01  1.69204383e+09]
[-3.28430305e-01  3.18167744e-01  1.69204383e+09]
[-3.24435509e-01  3.15192196e-01  1.69204383e+09]
[-3.20868139e-01  3.09438375e-01  1.69204383e+09]
[-3.15196514e-01  3.01037797e-01  1.69204383e+09]
[-3.09722163e-01  2.88954772e-01  1.69204383e+09]
[-3.05004029e-01  2.79650022e-01  1.69204383e+09]
[-2.93907372e-01  2.79765098e-01  1.69204383e+09]
[-2.77813110e-01  2.79863735e-01  1.69204383e+09]
[-2.64119013e-01  2.81228213e-01  1.69204383e+09]
[-2.61636649e-01  2.79370550e-01  1.69204383e+09]
[-2.57559656e-01  2.80488436e-01  1.69204383e+09]
[-2.55455401e-01  2.80751467e-01  1.69204383e+09]
[-2.53745693e-01  2.81606321e-01  1.69204383e+09]
[-2.53367585e-01  2.81951550e-01  1.69204383e+09]
[-2.53679935e-01  2.82050187e-01  1.69204383e+09]
[-2.52085305e-01  2.82033748e-01  1.69204383e+09]
[-2.45361553e-01  2.78844487e-01  1.69204383e+09]
[-2.39048788e-01  2.77512888e-01  1.69204383e+09]
[-2.35547176e-01  2.76575837e-01  1.69204383e+09]
[-2.30352297e-01  2.75951137e-01  1.69204383e+09]
[-2.28412436e-01  2.74520901e-01  1.69204383e+09]
[-2.22625735e-01  2.71249443e-01  1.69204383e+09]
[-2.17184264e-01  2.68405411e-01  1.69204383e+09]
[-2.11660594e-01  2.63095456e-01  1.69204383e+09]
[-2.07698677e-01  2.56832011e-01  1.69204383e+09]
[-2.00613256e-01  2.42595413e-01  1.69204383e+09]
[-1.92261994e-01  2.26336758e-01  1.69204383e+09]
[-1.81132458e-01  2.13793428e-01  1.69204383e+09]
[-1.71564674e-01  2.06494294e-01  1.69204383e+09]
[-1.63344928e-01  2.03107760e-01  1.69204383e+09]
[-1.61076278e-01  1.98849932e-01  1.69204383e+09]
[-1.54927909e-01  1.97222422e-01  1.69204383e+09]
[-1.41809194e-01  1.86323041e-01  1.69204383e+09]
[-1.35907417e-01  1.71313787e-01  1.69204383e+09]
[-1.34164831e-01  1.64787309e-01  1.69204383e+09]
[-1.30334429e-01  1.62962526e-01  1.69204383e+09]
[-1.28345251e-01  1.62946086e-01  1.69204383e+09]
[-1.27917824e-01  1.62025475e-01  1.69204383e+09]
[-1.28542525e-01  1.59658188e-01  1.69204383e+09]
[-1.27687671e-01  1.56896354e-01  1.69204383e+09]
[-1.28016461e-01  1.54824978e-01  1.69204383e+09]
[-1.26323193e-01  1.51569959e-01  1.69204383e+09]
[-1.25501219e-01  1.49136915e-01  1.69204383e+09]
[-1.24383333e-01  1.46654552e-01  1.69204383e+09]
[-1.23725754e-01  1.45306513e-01  1.69204383e+09]
[-1.23265448e-01  1.44780450e-01  1.69204383e+09]
[-1.23380524e-01  1.44418781e-01  1.69204383e+09]
[-1.24005225e-01  1.43711883e-01  1.69204383e+09]
[-1.24317575e-01  1.43366654e-01  1.69204383e+09]
[-1.23364085e-01  1.42544679e-01  1.69204383e+09]
[-1.23758633e-01  1.41673386e-01  1.69204383e+09]
[-1.23446282e-01  1.40095195e-01  1.69204383e+09]
[-1.23265448e-01  1.39618450e-01  1.69204383e+09]
[-1.23117493e-01  1.39651329e-01  1.69204383e+09]
[-1.21095435e-01  1.39585571e-01  1.69204383e+09]
[-1.20569371e-01  1.42067934e-01  1.69204383e+09]
[-1.19714518e-01  1.43415972e-01  1.69204383e+09]
