HokinRight_Hand
Dev2/ai0 Dev2/ai1
[-5.12769155e-02  6.55421066e-02  1.69204383e+09]
[-7.49004643e-02  6.66599920e-02  1.69204383e+09]
[-8.91041848e-02  6.29282276e-02  1.69204383e+09]
[-1.05412160e-01  5.59250046e-02  1.69204383e+09]
[-1.17840416e-01  5.91635843e-02  1.69204383e+09]
[-1.27983582e-01  6.60188518e-02  1.69204383e+09]
[-1.49946743e-01  7.81511958e-02  1.69204383e+09]
[-1.70134438e-01  1.13348145e-01  1.69204383e+09]
[-1.97210281e-01  1.57833405e-01  1.69204383e+09]
[-2.17003429e-01  1.82015894e-01  1.69204383e+09]
[-2.34363533e-01  2.08532791e-01  1.69204383e+09]
[-2.53729254e-01  2.30972694e-01  1.69204383e+09]
[-2.55504719e-01  2.37022426e-01  1.69204383e+09]
[-2.56014343e-01  2.36414165e-01  1.69204383e+09]
[-2.55603356e-01  2.31696032e-01  1.69204383e+09]
[-2.52841521e-01  2.24561293e-01  1.69204383e+09]
[-2.46397241e-01  2.16867612e-01  1.69204383e+09]
[-2.35695131e-01  2.08664307e-01  1.69204383e+09]
[-2.24368322e-01  2.00592518e-01  1.69204383e+09]
[-2.22362704e-01  1.97140225e-01  1.69204383e+09]
[-2.16625321e-01  1.96120977e-01  1.69204383e+09]
[-2.12614085e-01  1.95644231e-01  1.69204383e+09]
[-2.07698677e-01  1.94000282e-01  1.69204383e+09]
[-2.09145352e-01  1.91978225e-01  1.69204383e+09]
[-2.06169804e-01  1.89923289e-01  1.69204383e+09]
[-2.04953282e-01  1.82098092e-01  1.69204383e+09]
[-2.03983352e-01  1.75045551e-01  1.69204383e+09]
[-2.04739568e-01  1.69472564e-01  1.69204383e+09]
[-2.03572364e-01  1.67582022e-01  1.69204383e+09]
[-1.97407555e-01  1.67236793e-01  1.69204383e+09]
[-1.89302886e-01  1.64540717e-01  1.69204383e+09]
[-1.86360217e-01  1.60299328e-01  1.69204383e+09]
[-1.88579548e-01  1.57044309e-01  1.69204383e+09]
[-1.89072733e-01  1.53460500e-01  1.69204383e+09]
[-1.88645306e-01  1.51882309e-01  1.69204383e+09]
[-1.85636879e-01  1.50419195e-01  1.69204383e+09]
[-1.85620439e-01  1.50978137e-01  1.69204383e+09]
[-1.86195822e-01  1.52161781e-01  1.69204383e+09]
[-1.80902305e-01  1.52474131e-01  1.69204383e+09]
[-1.77318496e-01  1.51389125e-01  1.69204383e+09]
[-1.76562280e-01  1.50879501e-01  1.69204383e+09]
[-1.77828120e-01  1.51043895e-01  1.69204383e+09]
[-1.73603171e-01  1.51060335e-01  1.69204383e+09]
[-1.71153687e-01  1.50189042e-01  1.69204383e+09]
[-1.70759139e-01  1.47197055e-01  1.69204383e+09]
[-1.73636050e-01  1.45043482e-01  1.69204383e+09]
[-1.73866203e-01  1.44254386e-01  1.69204383e+09]
[-1.70693381e-01  1.44336584e-01  1.69204383e+09]
[-1.64988877e-01  1.44155749e-01  1.69204383e+09]
[-1.62243482e-01  1.43037864e-01  1.69204383e+09]
[-1.60829686e-01  1.43580367e-01  1.69204383e+09]
[-1.55486851e-01  1.42429603e-01  1.69204383e+09]
[-1.48779539e-01  1.40358227e-01  1.69204383e+09]
[-1.46280736e-01  1.39421176e-01  1.69204383e+09]
[-1.46510889e-01  1.39075947e-01  1.69204383e+09]
[-1.45968386e-01  1.40785654e-01  1.69204383e+09]
[-1.55223819e-01  1.41377475e-01  1.69204383e+09]
[-1.56703374e-01  1.40982928e-01  1.69204383e+09]
[-1.59498087e-01  1.41410354e-01  1.69204383e+09]
[-1.60862565e-01  1.42002176e-01  1.69204383e+09]
[-1.59876196e-01  1.42002176e-01  1.69204383e+09]
[-1.59333692e-01  1.41574749e-01  1.69204383e+09]
[-1.65350546e-01  1.41870660e-01  1.69204383e+09]
[-1.64199782e-01  1.42544679e-01  1.69204383e+09]
[-1.61881814e-01  1.43136501e-01  1.69204383e+09]
[-1.60418699e-01  1.42330966e-01  1.69204383e+09]
[-1.61618782e-01  1.42133692e-01  1.69204383e+09]
[-1.62095527e-01  1.42610437e-01  1.69204383e+09]
[-1.56999285e-01  1.43103622e-01  1.69204383e+09]
[-1.51574252e-01  1.43843399e-01  1.69204383e+09]
[-1.51705768e-01  1.43942036e-01  1.69204383e+09]
[-1.53974418e-01  1.44599615e-01  1.69204383e+09]
[-1.52774335e-01  1.45076361e-01  1.69204384e+09]
[-1.51294781e-01  1.44977724e-01  1.69204384e+09]
[-1.51623571e-01  1.44484539e-01  1.69204384e+09]
[-1.52445545e-01  1.44418781e-01  1.69204384e+09]
