HokinRight_Hand
Dev2/ai0 Dev2/ai1
[-1.61487266e-01  1.52408373e-01  1.69204384e+09]
[-1.58626794e-01  1.51208290e-01  1.69204384e+09]
[-1.59909075e-01  1.49580781e-01  1.69204384e+09]
[-1.60961202e-01  1.49465704e-01  1.69204384e+09]
[-1.57952775e-01  1.49597220e-01  1.69204384e+09]
[-1.57525348e-01  1.49219112e-01  1.69204384e+09]
[-1.56440342e-01  1.47805316e-01  1.69204384e+09]
[-1.57262316e-01  1.47427208e-01  1.69204384e+09]
[-1.56210189e-01  1.47953271e-01  1.69204384e+09]
[-1.54122374e-01  1.47492966e-01  1.69204384e+09]
[-1.53497673e-01  1.46588794e-01  1.69204384e+09]
[-1.55437533e-01  1.45602424e-01  1.69204384e+09]
[-1.56177310e-01  1.45454469e-01  1.69204384e+09]
[-1.54648437e-01  1.45635303e-01  1.69204384e+09]
[-1.53366157e-01  1.45076361e-01  1.69204384e+09]
[-1.55848520e-01  1.44320144e-01  1.69204384e+09]
[-1.58495278e-01  1.45158558e-01  1.69204384e+09]
[-1.56949966e-01  1.45635303e-01  1.69204384e+09]
[-1.56226628e-01  1.45766819e-01  1.69204384e+09]
[-1.56308826e-01  1.45421590e-01  1.69204384e+09]
[-1.57722622e-01  1.45996972e-01  1.69204384e+09]
[-1.57344514e-01  1.46818947e-01  1.69204384e+09]
[-1.55158062e-01  1.47262813e-01  1.69204384e+09]
[-1.53662068e-01  1.46720310e-01  1.69204384e+09]
[-1.55453972e-01  1.46407959e-01  1.69204384e+09]
[-1.55799202e-01  1.46523036e-01  1.69204384e+09]
[-1.55010106e-01  1.47213494e-01  1.69204384e+09]
[-1.55453972e-01  1.47509405e-01  1.69204384e+09]
[-1.60615973e-01  1.49202673e-01  1.69204384e+09]
[-1.71515356e-01  1.56584004e-01  1.69204384e+09]
[-2.08208301e-01  1.94937333e-01  1.69204384e+09]
[-2.74821122e-01  2.68536927e-01  1.69204384e+09]
[-3.15015680e-01  3.01646058e-01  1.69204384e+09]
[-3.19470782e-01  2.95300415e-01  1.69204384e+09]
[-3.14933482e-01  2.89152046e-01  1.69204384e+09]
[-3.09492010e-01  2.84779142e-01  1.69204384e+09]
[-3.00532487e-01  2.80652830e-01  1.69204384e+09]
[-2.97030876e-01  2.77989633e-01  1.69204384e+09]
[-2.87824760e-01  2.76197729e-01  1.69204384e+09]
[-2.76202039e-01  2.73797564e-01  1.69204384e+09]
[-2.59499516e-01  2.65906609e-01  1.69204384e+09]
[-2.56408891e-01  2.63687278e-01  1.69204384e+09]
[-2.52118184e-01  2.61188475e-01  1.69204384e+09]
[-2.42977826e-01  2.56305947e-01  1.69204384e+09]
[-2.38292571e-01  2.48710903e-01  1.69204384e+09]
[-2.37059609e-01  2.44551712e-01  1.69204384e+09]
[-2.34955354e-01  2.43729738e-01  1.69204384e+09]
[-2.33475800e-01  2.42595413e-01  1.69204384e+09]
[-2.31470182e-01  2.40096611e-01  1.69204384e+09]
[-2.28856303e-01  2.36841592e-01  1.69204384e+09]
[-2.26702729e-01  2.35049688e-01  1.69204384e+09]
[-2.20669436e-01  2.32107019e-01  1.69204384e+09]
[-2.09211110e-01  2.24479096e-01  1.69204384e+09]
[-1.98772033e-01  2.17245721e-01  1.69204384e+09]
[-1.98525440e-01  2.16884052e-01  1.69204384e+09]
[-1.95648529e-01  2.16440186e-01  1.69204384e+09]
[-1.96470504e-01  2.15881243e-01  1.69204384e+09]
[-1.96059517e-01  2.11705613e-01  1.69204384e+09]
[-2.00514619e-01  2.10078103e-01  1.69204384e+09]
[-1.96651338e-01  2.01891237e-01  1.69204384e+09]
[-1.95812924e-01  1.92011104e-01  1.69204384e+09]
[-1.92952453e-01  1.83215977e-01  1.69204384e+09]
[-1.96815733e-01  1.82394003e-01  1.69204384e+09]
[-1.95467695e-01  1.83610525e-01  1.69204384e+09]
[-1.91061911e-01  1.84251665e-01  1.69204384e+09]
[-1.89204249e-01  1.83528327e-01  1.69204384e+09]
[-1.89039854e-01  1.83561206e-01  1.69204384e+09]
[-1.86130064e-01  1.84991442e-01  1.69204384e+09]
[-1.79965254e-01  1.87950550e-01  1.69204384e+09]
[-1.75575910e-01  1.90728824e-01  1.69204384e+09]
[-1.73109986e-01  1.90876779e-01  1.69204384e+09]
[-1.73307260e-01  1.91172690e-01  1.69204384e+09]
[-1.72468846e-01  1.90827461e-01  1.69204384e+09]
[-1.71350961e-01  1.90268518e-01  1.69204384e+09]
[-1.73570292e-01  1.88608130e-01  1.69204384e+09]
[-1.76184171e-01  1.88345098e-01  1.69204384e+09]
[-1.75822502e-01  1.88624569e-01  1.69204384e+09]
[-1.73323700e-01  1.87950550e-01  1.69204384e+09]
[-1.68391852e-01  1.87013499e-01  1.69204384e+09]
[-1.69690572e-01  1.87391607e-01  1.69204384e+09]
[-1.68079502e-01  1.85599703e-01  1.69204384e+09]
[-1.66221839e-01  1.85024321e-01  1.69204384e+09]
[-1.65005317e-01  1.83692722e-01  1.69204384e+09]
[-1.65547820e-01  1.82804990e-01  1.69204384e+09]
[-1.64808043e-01  1.82640595e-01  1.69204384e+09]
[-1.62917502e-01  1.81407633e-01  1.69204384e+09]
[-1.62243482e-01  1.80421264e-01  1.69204384e+09]
[-1.61799616e-01  1.80223990e-01  1.69204384e+09]
