HokinRight_Hand
Dev2/ai0 Dev2/ai1
[-1.59251495e-01  1.55104449e-01  1.69204384e+09]
[-1.57344514e-01  1.54611265e-01  1.69204384e+09]
[-1.56177310e-01  1.53049513e-01  1.69204384e+09]
[-1.61553024e-01  1.53197469e-01  1.69204384e+09]
[-1.67093132e-01  1.42840590e-01  1.69204384e+09]
[-1.67964425e-01  1.42873469e-01  1.69204384e+09]
[-1.67158890e-01  1.43826959e-01  1.69204384e+09]
[-1.70101559e-01  1.44303705e-01  1.69204384e+09]
[-1.71350961e-01  1.44813329e-01  1.69204384e+09]
[-1.71153687e-01  1.45684622e-01  1.69204384e+09]
[-1.69263145e-01  1.45849017e-01  1.69204384e+09]
[-1.71482477e-01  1.45964093e-01  1.69204384e+09]
[-1.74178553e-01  1.46703870e-01  1.69204384e+09]
[-1.71022171e-01  1.46638112e-01  1.69204384e+09]
[-1.70676942e-01  1.46588794e-01  1.69204384e+09]
[-1.69657693e-01  1.45684622e-01  1.69204384e+09]
[-1.71203005e-01  1.45832577e-01  1.69204384e+09]
[-1.70348152e-01  1.45996972e-01  1.69204384e+09]
[-1.68934355e-01  1.45931214e-01  1.69204384e+09]
[-1.65942368e-01  1.45405150e-01  1.69204384e+09]
[-1.65646457e-01  1.46342201e-01  1.69204384e+09]
[-1.65531381e-01  1.48002590e-01  1.69204384e+09]
[-1.63131215e-01  1.48397138e-01  1.69204384e+09]
[-1.61964011e-01  1.48051908e-01  1.69204384e+09]
[-1.62243482e-01  1.47016220e-01  1.69204384e+09]
[-1.64610769e-01  1.45931214e-01  1.69204384e+09]
[-1.63377807e-01  1.45125679e-01  1.69204384e+09]
[-1.64134024e-01  1.45322953e-01  1.69204384e+09]
[-1.64512132e-01  1.44648934e-01  1.69204384e+09]
[-1.70101559e-01  1.45898335e-01  1.69204384e+09]
[-1.74786814e-01  1.47509405e-01  1.69204384e+09]
[-1.80672153e-01  1.49613660e-01  1.69204384e+09]
[-1.85784834e-01  1.50419195e-01  1.69204384e+09]
[-1.91916765e-01  1.49794494e-01  1.69204384e+09]
[-1.92607223e-01  1.47854634e-01  1.69204384e+09]
[-1.84157325e-01  1.39667768e-01  1.69204384e+09]
[-1.70397470e-01  1.17425138e-01  1.69204384e+09]
[-1.68441171e-01  9.22398391e-02  1.69204384e+09]
[-1.95566332e-01  1.10109565e-01  1.69204384e+09]
[-2.19978977e-01  1.40276029e-01  1.69204384e+09]
[-2.60009140e-01  1.81473391e-01  1.69204384e+09]
[-2.90126289e-01  2.33997560e-01  1.69204384e+09]
[-2.68163128e-01  2.05770957e-01  1.69204384e+09]
[-2.31618137e-01  2.01003505e-01  1.69204384e+09]
[-2.40577660e-01  2.05606562e-01  1.69204384e+09]
[-2.46643833e-01  2.08121804e-01  1.69204384e+09]
[-2.46035572e-01  2.15174345e-01  1.69204385e+09]
[-2.38555603e-01  2.20500740e-01  1.69204385e+09]
[-2.52233260e-01  2.30150720e-01  1.69204385e+09]
[-2.65154701e-01  2.38321146e-01  1.69204385e+09]
[-2.68031612e-01  2.47050515e-01  1.69204385e+09]
[-2.87315136e-01  2.56881329e-01  1.69204385e+09]
[-3.32523739e-01  2.63851673e-01  1.69204385e+09]
[-3.35844516e-01  2.66301157e-01  1.69204385e+09]
[-3.42272357e-01  2.71939901e-01  1.69204385e+09]
[-3.33230637e-01  2.76855309e-01  1.69204385e+09]
[-3.27049388e-01  2.76789551e-01  1.69204385e+09]
[-3.10988004e-01  2.78926684e-01  1.69204385e+09]
[-2.97080194e-01  2.79518506e-01  1.69204385e+09]
[-2.87857639e-01  2.81951550e-01  1.69204385e+09]
[-2.73390886e-01  2.77940315e-01  1.69204385e+09]
[-2.62606580e-01  2.74685296e-01  1.69204385e+09]
[-2.51082496e-01  2.70624742e-01  1.69204385e+09]
[-2.45328674e-01  2.66613507e-01  1.69204385e+09]
[-2.38621361e-01  2.64591450e-01  1.69204385e+09]
[-2.32916857e-01  2.64936679e-01  1.69204385e+09]
[-2.31667456e-01  2.65101074e-01  1.69204385e+09]
[-2.34527927e-01  2.65166832e-01  1.69204385e+09]
[-2.33344284e-01  2.63522883e-01  1.69204385e+09]
[-2.31634577e-01  2.61237794e-01  1.69204385e+09]
[-2.28363118e-01  2.59380132e-01  1.69204385e+09]
[-2.22839449e-01  2.57538909e-01  1.69204385e+09]
[-2.14093639e-01  2.55631928e-01  1.69204385e+09]
[-2.08569970e-01  2.52738578e-01  1.69204385e+09]
[-2.01714702e-01  2.47576578e-01  1.69204385e+09]
[-1.93363440e-01  2.43055719e-01  1.69204385e+09]
[-1.85751955e-01  2.41609044e-01  1.69204385e+09]
[-1.76233490e-01  2.39817140e-01  1.69204385e+09]
[-1.72912712e-01  2.41428209e-01  1.69204385e+09]
[-1.78863808e-01  2.43302311e-01  1.69204385e+09]
[-1.86294459e-01  2.44337999e-01  1.69204385e+09]
[-1.90634484e-01  2.44190044e-01  1.69204385e+09]
[-1.88283637e-01  2.42595413e-01  1.69204385e+09]
[-1.88217879e-01  2.41658362e-01  1.69204385e+09]
