HokinRight_Hand
Dev2/ai0 Dev2/ai1
[-5.80335463e-02  1.29373013e-04  1.69204372e+09]
[-5.82472597e-02  1.95130977e-04  1.69204372e+09]
[-5.87240050e-02  1.29373013e-04  1.69204372e+09]
[-6.01049222e-02  6.36150493e-05  1.69204372e+09]
[-6.31133491e-02  1.78691486e-04  1.69204372e+09]
[-7.07248336e-02  1.45812504e-04  1.69204372e+09]
[-7.70375982e-02  1.78691486e-04  1.69204372e+09]
[-8.66382611e-02  1.95130977e-04  1.69204372e+09]
[-9.00247963e-02  1.12933522e-04  1.69204372e+09]
[-8.97124460e-02  1.78691486e-04  1.69204372e+09]
[-8.95809301e-02  1.29373013e-04  1.69204372e+09]
[-8.77232675e-02  1.78691486e-04  1.69204372e+09]
[-8.57669681e-02  1.95130977e-04  1.69204372e+09]
[-8.39586240e-02  1.45812504e-04  1.69204372e+09]
[-8.56847706e-02  1.12933522e-04  1.69204372e+09]
[-8.50271910e-02  1.78691486e-04  1.69204372e+09]
[-8.25612673e-02  1.95130977e-04  1.69204372e+09]
[-7.97336748e-02  1.29373013e-04  1.69204372e+09]
[-7.54922860e-02  2.11570467e-04  1.69204372e+09]
[-7.28126489e-02  1.78691486e-04  1.69204372e+09]
[-7.18427190e-02  1.62251995e-04  1.69204372e+09]
[-7.01823303e-02  2.77328431e-04  1.69204372e+09]
[-6.82095914e-02  1.62251995e-04  1.69204372e+09]
[-6.58258652e-02  1.45812504e-04  1.69204372e+09]
[-6.48394957e-02  1.62251995e-04  1.69204372e+09]
[-6.59573811e-02  1.45812504e-04  1.69204372e+09]
[-7.48018274e-02  1.29373013e-04  1.69204372e+09]
[-8.31530890e-02  1.45812504e-04  1.69204372e+09]
[-9.13399556e-02  1.45812504e-04  1.69204372e+09]
[-9.59265737e-02  2.11570467e-04  1.69204372e+09]
[-1.00726905e-01  1.12933522e-04  1.69204373e+09]
[-1.07713689e-01  1.62251995e-04  1.69204373e+09]
[-1.17429428e-01  1.29373013e-04  1.69204373e+09]
[-1.20651569e-01  2.28009958e-04  1.69204373e+09]
[-1.13188040e-01  1.45812504e-04  1.69204373e+09]
[-1.01022816e-01  1.12933522e-04  1.69204373e+09]
[-9.48908858e-02  1.62251995e-04  1.69204373e+09]
[-8.57669681e-02  1.62251995e-04  1.69204373e+09]
[-6.91630819e-02  9.64940311e-05  1.69204373e+09]
[-4.76766669e-02  1.45812504e-04  1.69204373e+09]
[-2.77684432e-02  1.12933522e-04  1.69204373e+09]
[-1.59320096e-02 -2.14291430e-06  1.69204373e+09]
[-1.51264746e-02  1.29373013e-04  1.69204373e+09]
[-1.76910352e-02  1.62251995e-04  1.69204373e+09]
[-1.57511752e-02  1.39385453e-02  1.69204373e+09]
[-9.20825784e-03  3.91402847e-02  1.69204373e+09]
[-4.44080546e-03  5.60893995e-02  1.69204373e+09]
[-1.07070982e-03  5.16836161e-02  1.69204373e+09]
[-6.92601532e-04  3.75949726e-02  1.69204373e+09]
[-2.19159844e-02  1.74401569e-02  1.69204373e+09]
[-7.56731204e-02  2.61173614e-03  1.69204373e+09]
[-1.22229760e-01  1.08286349e-03  1.69204373e+09]
[-1.46001265e-01  1.08286349e-03  1.69204373e+09]
[-1.50587883e-01  1.06642399e-03  1.69204373e+09]
[-1.45919067e-01  9.34908067e-04  1.69204373e+09]
[-1.38965162e-01  1.03354501e-03  1.69204373e+09]
[-1.36022493e-01  9.34908067e-04  1.69204373e+09]
[-1.42959959e-01  9.02029085e-04  1.69204373e+09]
[-1.55766323e-01  1.00066603e-03  1.69204373e+09]
[-1.60172106e-01  9.34908067e-04  1.69204373e+09]
[-1.54812832e-01  8.52710613e-04  1.69204373e+09]
[-1.39935092e-01  9.02029085e-04  1.69204373e+09]
[-1.01631077e-01  8.52710613e-04  1.69204373e+09]
[-5.12275970e-02  7.86952649e-04  1.69204373e+09]
[-1.35318440e-02  5.09409926e-03  1.69204373e+09]
[-3.47372223e-04  4.39570554e-02  1.69204373e+09]
[-2.32295787e-04  7.17233550e-02  1.69204373e+09]
[-1.66537823e-04  7.39262468e-02  1.69204373e+09]
[-1.50098332e-04  7.49619347e-02  1.69204373e+09]
[-2.32295787e-04  7.83649092e-02  1.69204373e+09]
[-2.15856296e-04  8.39707754e-02  1.69204373e+09]
[-2.48735278e-04  8.85902722e-02  1.69204373e+09]
[-2.48735278e-04  9.24535525e-02  1.69204373e+09]
[-1.99416805e-04  9.33248455e-02  1.69204373e+09]
[-3.14493242e-04  9.23877945e-02  1.69204373e+09]
[-2.15856296e-04  9.28316608e-02  1.69204373e+09]
[-2.81614260e-04  8.99383105e-02  1.69204373e+09]
[-2.32295787e-04  8.48749474e-02  1.69204373e+09]
[-2.32295787e-04  8.03540875e-02  1.69204373e+09]
[-2.32295787e-04  8.10116672e-02  1.69204373e+09]
[-1.82977314e-04  8.00088582e-02  1.69204373e+09]
[-1.99416805e-04  7.93348391e-02  1.69204373e+09]
[-1.82977314e-04  7.66880812e-02  1.69204373e+09]
[-2.65174769e-04  6.79751512e-02  1.69204373e+09]
[-2.48735278e-04  3.78086859e-02  1.69204373e+09]
[-2.32295787e-04  4.35432217e-03  1.69204373e+09]
[-2.81614260e-04  3.99265337e-03  1.69204373e+09]
[-2.65174769e-04  3.86113745e-03  1.69204373e+09]
[-2.81614260e-04  3.69674254e-03  1.69204373e+09]
[-2.15856296e-04  3.63098457e-03  1.69204373e+09]
[-2.32295787e-04  3.45015017e-03  1.69204373e+09]
[-2.98053751e-04  3.43371068e-03  1.69204373e+09]
[-2.32295787e-04  3.36795272e-03  1.69204373e+09]
[-2.15856296e-04  3.28575527e-03  1.69204373e+09]
[-1.93514238e-02  3.26931577e-03  1.69204373e+09]
[-3.73197875e-02  3.28575527e-03  1.69204373e+09]
[-4.98302402e-02  3.30219476e-03  1.69204373e+09]
[-5.43675398e-02  3.20355781e-03  1.69204373e+09]
[-5.59786099e-02  3.12136036e-03  1.69204373e+09]
[-5.51237564e-02  3.13779985e-03  1.69204373e+09]
[-5.93322661e-02  3.10492087e-03  1.69204373e+09]
[-6.52833620e-02  3.10492087e-03  1.69204373e+09]
[-6.71574640e-02  3.07204188e-03  1.69204373e+09]
[-6.64670053e-02  3.12136036e-03  1.69204373e+09]
[-6.73054194e-02  3.07204188e-03  1.69204373e+09]
[-6.87192156e-02  2.97340494e-03  1.69204373e+09]
[-6.61382155e-02  2.97340494e-03  1.69204373e+09]
[-5.47949666e-02  3.03916290e-03  1.69204373e+09]
[-2.70944240e-02  2.89120748e-03  1.69204373e+09]
[-1.08714931e-03  2.89120748e-03  1.69204373e+09]
[-2.98053751e-04  2.98984443e-03  1.69204373e+09]
[-1.99416805e-04  2.84188901e-03  1.69204373e+09]
[-3.14493242e-04  2.84188901e-03  1.69204373e+09]
[-3.14493242e-04  2.89120748e-03  1.69204373e+09]
[-2.98053751e-04  2.79257054e-03  1.69204373e+09]
[-2.65174769e-04  2.77613105e-03  1.69204373e+09]
[-2.65174769e-04  2.85832850e-03  1.69204373e+09]
[-1.50098332e-04  1.50728702e-02  1.69204373e+09]
[-1.50098332e-04  2.37529214e-02  1.69204373e+09]
[-1.82977314e-04  3.18575903e-02  1.69204373e+09]
