HokinRight_Hand
Dev2/ai0 Dev2/ai1
[-1.66057444e-01  2.15503135e-01  1.69204385e+09]
[-1.65547820e-01  2.14993511e-01  1.69204385e+09]
[-1.64166903e-01  2.13234485e-01  1.69204385e+09]
[-1.63575081e-01  2.12050842e-01  1.69204385e+09]
[-1.61158476e-01  2.11623415e-01  1.69204385e+09]
[-1.63229852e-01  2.11343944e-01  1.69204385e+09]
[-1.61996890e-01  2.10374014e-01  1.69204385e+09]
[-1.62917502e-01  2.10735683e-01  1.69204385e+09]
[-1.62785986e-01  2.10916517e-01  1.69204385e+09]
[-1.62818865e-01  2.11064473e-01  1.69204385e+09]
[-1.62654470e-01  2.10324696e-01  1.69204385e+09]
[-1.63525763e-01  2.09141052e-01  1.69204385e+09]
[-1.64676527e-01  2.07793014e-01  1.69204385e+09]
[-1.66830101e-01  2.07875212e-01  1.69204385e+09]
[-1.68901476e-01  2.08516352e-01  1.69204385e+09]
[-1.68572687e-01  2.08269759e-01  1.69204385e+09]
[-1.71466037e-01  2.07250511e-01  1.69204385e+09]
[-1.73899082e-01  2.07513543e-01  1.69204385e+09]
[-1.77367815e-01  2.07365587e-01  1.69204385e+09]
[-1.76085534e-01  2.07727256e-01  1.69204385e+09]
[-1.75904700e-01  2.08204001e-01  1.69204385e+09]
[-1.74523783e-01  2.08532791e-01  1.69204385e+09]
[-1.76825311e-01  2.08138243e-01  1.69204385e+09]
[-1.80639274e-01  2.07546422e-01  1.69204385e+09]
[-1.85653318e-01  2.07250511e-01  1.69204385e+09]
[-1.87954847e-01  2.07398466e-01  1.69204385e+09]
[-1.88086363e-01  2.07069677e-01  1.69204385e+09]
[-1.86853401e-01  2.07940970e-01  1.69204385e+09]
[-1.86228701e-01  2.07924530e-01  1.69204385e+09]
[-1.84601191e-01  2.07973849e-01  1.69204385e+09]
[-1.83401108e-01  2.07349148e-01  1.69204385e+09]
[-1.84288841e-01  2.07020358e-01  1.69204385e+09]
[-1.89680994e-01  2.06987479e-01  1.69204385e+09]
[-1.92311313e-01  2.08039606e-01  1.69204385e+09]
[-1.91604414e-01  2.08894460e-01  1.69204385e+09]
[-1.92114039e-01  2.09091734e-01  1.69204385e+09]
[-1.92672981e-01  2.09371205e-01  1.69204385e+09]
[-1.91703051e-01  2.09075294e-01  1.69204385e+09]
[-1.89944026e-01  2.08516352e-01  1.69204385e+09]
[-1.88859019e-01  2.07710817e-01  1.69204385e+09]
[-1.88595987e-01  2.07414906e-01  1.69204385e+09]
[-1.87839771e-01  2.06724447e-01  1.69204385e+09]
[-1.91308504e-01  2.06823084e-01  1.69204385e+09]
[-1.96634899e-01  2.07875212e-01  1.69204385e+09]
[-1.98015816e-01  2.08417715e-01  1.69204385e+09]
[-1.97851421e-01  2.08828702e-01  1.69204385e+09]
[-1.97654147e-01  2.09173931e-01  1.69204385e+09]
[-1.98361046e-01  2.08762944e-01  1.69204385e+09]
[-1.95960880e-01  2.08056046e-01  1.69204385e+09]
[-1.95352619e-01  2.07529982e-01  1.69204385e+09]
[-1.95500574e-01  2.07529982e-01  1.69204385e+09]
[-1.94070338e-01  2.07908091e-01  1.69204385e+09]
[-1.95615650e-01  2.07497103e-01  1.69204385e+09]
[-1.96569141e-01  2.07217632e-01  1.69204385e+09]
[-1.97802103e-01  2.07513543e-01  1.69204385e+09]
[-1.99429613e-01  2.07891651e-01  1.69204385e+09]
[-1.99495370e-01  2.08516352e-01  1.69204385e+09]
[-1.99774842e-01  2.09141052e-01  1.69204385e+09]
[-1.99758402e-01  2.09173931e-01  1.69204385e+09]
[-2.02585995e-01  2.09256129e-01  1.69204385e+09]
[-2.04525855e-01  2.08878020e-01  1.69204385e+09]
[-2.07139734e-01  2.10439772e-01  1.69204385e+09]
[-2.06399957e-01  2.10916517e-01  1.69204385e+09]
[-2.08158983e-01  2.11705613e-01  1.69204385e+09]
[-2.05643740e-01  2.10357574e-01  1.69204385e+09]
[-2.04213505e-01  2.09239689e-01  1.69204385e+09]
[-2.04131307e-01  2.08006727e-01  1.69204385e+09]
[-2.01287275e-01  2.07809454e-01  1.69204385e+09]
[-2.00563937e-01  2.07529982e-01  1.69204385e+09]
[-1.96848612e-01  2.07283390e-01  1.69204385e+09]
[-1.98509001e-01  2.07891651e-01  1.69204385e+09]
[-1.97637708e-01  2.07760135e-01  1.69204385e+09]
[-1.99413173e-01  2.08204001e-01  1.69204385e+09]
[-1.99100823e-01  2.08631428e-01  1.69204385e+09]
[-1.99643326e-01  2.08384836e-01  1.69204385e+09]
[-1.99906358e-01  2.09173931e-01  1.69204385e+09]
[-1.96141714e-01  2.07957409e-01  1.69204385e+09]
[-1.92755179e-01  2.07036798e-01  1.69204385e+09]
[-1.80836547e-01  2.05244893e-01  1.69204385e+09]
[-1.71729069e-01  2.05228454e-01  1.69204385e+09]
[-1.63262731e-01  2.04357161e-01  1.69204385e+09]
[-1.58758310e-01  2.04636632e-01  1.69204385e+09]
[-1.58725431e-01  2.06181944e-01  1.69204385e+09]
[-1.54730635e-01  2.09338326e-01  1.69204385e+09]
[-1.32323608e-01  2.07118995e-01  1.69204385e+09]
