HokinRight_Hand
Dev2/ai0 Dev2/ai1
[-1.41463965e-01  1.95381199e-01  1.69204385e+09]
[-1.49223405e-01  1.96071658e-01  1.69204385e+09]
[-1.53760705e-01  1.96877193e-01  1.69204385e+09]
[-1.55733444e-01  1.96351129e-01  1.69204385e+09]
[-1.58133609e-01  1.95496276e-01  1.69204385e+09]
[-1.53760705e-01  1.95446957e-01  1.69204385e+09]
[-1.45623156e-01  1.94707180e-01  1.69204385e+09]
[-1.39047360e-01  1.93803008e-01  1.69204385e+09]
[-1.35479990e-01  1.92865958e-01  1.69204385e+09]
[-1.34953926e-01  1.93441340e-01  1.69204385e+09]
[-1.34296347e-01  1.96022340e-01  1.69204385e+09]
[-1.35118321e-01  1.97863562e-01  1.69204385e+09]
[-1.33096264e-01  1.98669097e-01  1.69204385e+09]
[-1.34444302e-01  2.00674715e-01  1.69204385e+09]
[-1.33885359e-01  2.00313046e-01  1.69204385e+09]
[-1.29232983e-01  1.97962199e-01  1.69204385e+09]
[-1.26701302e-01  1.97469015e-01  1.69204386e+09]
[-1.27753429e-01  1.97452575e-01  1.69204386e+09]
[-1.27769869e-01  1.97255301e-01  1.69204386e+09]
[-1.25057353e-01  1.96942951e-01  1.69204386e+09]
[-1.19237773e-01  1.96022340e-01  1.69204386e+09]
[-1.08913772e-01  1.92734442e-01  1.69204386e+09]
[-1.08354829e-01  1.85599703e-01  1.69204386e+09]
[-1.17330792e-01  1.86832665e-01  1.69204386e+09]
[-1.29857684e-01  1.90087684e-01  1.69204386e+09]
[-1.51015310e-01  1.94493467e-01  1.69204386e+09]
[-1.59613164e-01  1.99343116e-01  1.69204386e+09]
[-1.70759139e-01  2.01924116e-01  1.69204386e+09]
[-1.68901476e-01  2.04981861e-01  1.69204386e+09]
[-1.66616387e-01  2.02351543e-01  1.69204386e+09]
[-1.56506100e-01  1.95512715e-01  1.69204386e+09]
[-1.52889412e-01  1.94164677e-01  1.69204386e+09]
[-1.53333278e-01  1.92849518e-01  1.69204386e+09]
[-1.51689329e-01  1.91074053e-01  1.69204386e+09]
[-1.45803991e-01  1.86536754e-01  1.69204386e+09]
[-1.40395398e-01  1.63439271e-01  1.69204386e+09]
[-1.39129557e-01  1.30839762e-01  1.69204386e+09]
[-1.39655621e-01  1.32648106e-01  1.69204386e+09]
[-1.36400602e-01  1.28340960e-01  1.69204386e+09]
[-1.33096264e-01  1.36363431e-01  1.69204386e+09]
[-1.32668837e-01  1.49547902e-01  1.69204386e+09]
[-1.36170449e-01  1.62946086e-01  1.69204386e+09]
[-1.45343685e-01  1.70705525e-01  1.69204386e+09]
[-1.56966406e-01  1.80076035e-01  1.69204386e+09]
[-1.65712215e-01  1.81818620e-01  1.69204386e+09]
[-1.63213412e-01  1.77511474e-01  1.69204386e+09]
[-1.57952775e-01  1.72135761e-01  1.69204386e+09]
[-1.52149635e-01  1.65576405e-01  1.69204386e+09]
[-1.41463965e-01  1.60266449e-01  1.69204386e+09]
[-1.35858098e-01  1.57159386e-01  1.69204386e+09]
[-1.28164416e-01  1.54775660e-01  1.69204386e+09]
[-1.13171600e-01  1.54035883e-01  1.69204386e+09]
[-1.14831989e-01  1.60578800e-01  1.69204386e+09]
[-1.10722116e-01  1.64951704e-01  1.69204386e+09]
[-1.20865282e-01  1.69258850e-01  1.69204386e+09]
[-1.28772678e-01  1.72415232e-01  1.69204386e+09]
[-1.33079824e-01  1.73007054e-01  1.69204386e+09]
[-1.31139964e-01  1.72102882e-01  1.69204386e+09]
[-1.34510060e-01  1.71395984e-01  1.69204386e+09]
[-1.32455124e-01  1.70409615e-01  1.69204386e+09]
[-1.32816792e-01  1.71527500e-01  1.69204386e+09]
[-1.32356487e-01  1.75785328e-01  1.69204386e+09]
[-1.35381353e-01  1.82278926e-01  1.69204386e+09]
[-1.37058181e-01  1.85122958e-01  1.69204386e+09]
[-1.38767888e-01  1.86701149e-01  1.69204386e+09]
[-1.50127577e-01  1.91074053e-01  1.69204386e+09]
[-1.57887017e-01  1.97156664e-01  1.69204386e+09]
[-1.58528157e-01  1.95315442e-01  1.69204386e+09]
[-1.51886603e-01  1.91945346e-01  1.69204386e+09]
[-1.50456367e-01  1.91090493e-01  1.69204386e+09]
[-1.56802011e-01  1.92537168e-01  1.69204386e+09]
[-1.56045794e-01  1.92043983e-01  1.69204386e+09]
[-1.41858513e-01  1.88427295e-01  1.69204386e+09]
[-1.33490812e-01  1.85155837e-01  1.69204386e+09]
[-1.13138721e-01  1.83380372e-01  1.69204386e+09]
[-6.37873683e-02  1.82739232e-01  1.69204386e+09]
[-4.81534121e-02  1.80898009e-01  1.69204386e+09]
[-4.87781128e-02  1.78234812e-01  1.69204386e+09]
[-8.05063309e-02  1.83248856e-01  1.69204386e+09]
[-1.14749791e-01  1.89413665e-01  1.69204386e+09]
[-1.36318404e-01  1.89890410e-01  1.69204386e+09]
[-1.43338067e-01  1.88542372e-01  1.69204386e+09]
[-1.43666857e-01  1.87079257e-01  1.69204386e+09]
[-1.40691309e-01  1.86520315e-01  1.69204386e+09]
[-1.21457104e-01  1.82278926e-01  1.69204386e+09]
[-1.11149543e-01  1.78366328e-01  1.69204386e+09]
[-1.12168791e-01  1.76804576e-01  1.69204386e+09]
[-1.15818358e-01  1.80059595e-01  1.69204386e+09]
[-1.20224142e-01  1.82377563e-01  1.69204386e+09]
[-1.15029263e-01  1.82443321e-01  1.69204386e+09]
[-1.09735746e-01  1.82377563e-01  1.69204386e+09]
