HokinRight_Hand
Dev2/ai0 Dev2/ai1
[-1.46691723e-01  2.13349562e-01  1.69204386e+09]
[-1.50801596e-01  2.13333122e-01  1.69204386e+09]
[-1.48664462e-01  2.12922135e-01  1.69204386e+09]
[-1.46658844e-01  2.11163109e-01  1.69204386e+09]
[-1.48006883e-01  2.09798632e-01  1.69204386e+09]
[-1.44702545e-01  2.08845141e-01  1.69204386e+09]
[-1.40510475e-01  2.08171122e-01  1.69204386e+09]
[-1.38406220e-01  2.08088925e-01  1.69204386e+09]
[-1.35660825e-01  2.08549231e-01  1.69204386e+09]
[-1.35463551e-01  2.08187562e-01  1.69204386e+09]
[-1.36367723e-01  2.07645059e-01  1.69204386e+09]
[-1.37452729e-01  2.07184753e-01  1.69204386e+09]
[-1.38340462e-01  2.06855963e-01  1.69204386e+09]
[-1.38817207e-01  2.06198384e-01  1.69204386e+09]
[-1.38373341e-01  2.04981861e-01  1.69204386e+09]
[-1.41250252e-01  2.03831097e-01  1.69204386e+09]
[-1.46856118e-01  2.04636632e-01  1.69204386e+09]
[-1.47628774e-01  2.05951791e-01  1.69204386e+09]
[-1.49486437e-01  2.08187562e-01  1.69204386e+09]
[-1.46149220e-01  2.13744109e-01  1.69204386e+09]
[-1.38932283e-01  2.19103383e-01  1.69204386e+09]
[-1.35759461e-01  2.22177567e-01  1.69204386e+09]
[-1.35496430e-01  2.21881657e-01  1.69204386e+09]
[-1.37074621e-01  2.21059682e-01  1.69204386e+09]
[-1.37913035e-01  2.19317096e-01  1.69204386e+09]
[-1.36943105e-01  2.18084135e-01  1.69204386e+09]
[-1.35233398e-01  2.16144275e-01  1.69204386e+09]
[-1.32553761e-01  2.16703217e-01  1.69204386e+09]
[-1.29068588e-01  2.18018377e-01  1.69204386e+09]
[-1.27178047e-01  2.18051256e-01  1.69204386e+09]
[-1.27013652e-01  2.18396485e-01  1.69204386e+09]
[-1.28821996e-01  2.18495122e-01  1.69204386e+09]
[-1.27835627e-01  2.17837542e-01  1.69204386e+09]
[-1.27983582e-01  2.17919740e-01  1.69204386e+09]
[-1.29907003e-01  2.17656708e-01  1.69204386e+09]
[-1.31518073e-01  2.17525192e-01  1.69204386e+09]
[-1.36186888e-01  2.16571702e-01  1.69204386e+09]
[-1.42203742e-01  2.16242912e-01  1.69204386e+09]
[-1.49765908e-01  2.15009950e-01  1.69204386e+09]
[-1.58528157e-01  2.13481077e-01  1.69204386e+09]
[-1.71926343e-01  2.12593345e-01  1.69204386e+09]
[-1.80359802e-01  2.11590536e-01  1.69204386e+09]
[-1.87938408e-01  2.09141052e-01  1.69204386e+09]
[-1.91522217e-01  2.07875212e-01  1.69204386e+09]
[-1.90486529e-01  2.08417715e-01  1.69204386e+09]
[-1.89434402e-01  2.07053237e-01  1.69204386e+09]
[-1.88201440e-01  2.05310651e-01  1.69204386e+09]
[-1.87823331e-01  2.04751709e-01  1.69204386e+09]
[-1.87626057e-01  2.04061250e-01  1.69204386e+09]
[-1.90453650e-01  2.03140639e-01  1.69204386e+09]
[-1.95549892e-01  2.03074881e-01  1.69204386e+09]
[-2.02207887e-01  2.03222836e-01  1.69204386e+09]
[-2.10707104e-01  2.04291403e-01  1.69204386e+09]
[-2.14504626e-01  2.05343530e-01  1.69204386e+09]
[-2.15836225e-01  2.05968231e-01  1.69204386e+09]
[-2.13945684e-01  2.05738078e-01  1.69204386e+09]
[-2.12367493e-01  2.05080498e-01  1.69204386e+09]
[-2.10937257e-01  2.04965422e-01  1.69204386e+09]
[-2.07123295e-01  2.04209205e-01  1.69204386e+09]
[-2.04969721e-01  2.04044810e-01  1.69204386e+09]
[-2.02832587e-01  2.03617384e-01  1.69204386e+09]
[-2.00695453e-01  2.02976244e-01  1.69204386e+09]
[-1.96207472e-01  2.01726842e-01  1.69204386e+09]
[-1.92557905e-01  1.99786983e-01  1.69204386e+09]
[-1.91505778e-01  1.97337499e-01  1.69204386e+09]
[-1.90026223e-01  1.95792187e-01  1.69204386e+09]
[-1.90272816e-01  1.95233244e-01  1.69204386e+09]
[-1.86130064e-01  1.94937333e-01  1.69204386e+09]
[-1.81017382e-01  1.94575664e-01  1.69204386e+09]
[-1.78403503e-01  1.92602926e-01  1.69204386e+09]
[-1.74803254e-01  1.85320232e-01  1.69204386e+09]
[-1.75806063e-01  1.81950136e-01  1.69204386e+09]
[-1.75444394e-01  1.81572028e-01  1.69204386e+09]
[-1.74260751e-01  1.83117340e-01  1.69204386e+09]
[-1.71219445e-01  1.84892805e-01  1.69204386e+09]
[-1.64857362e-01  1.84366741e-01  1.69204386e+09]
[-1.63049017e-01  1.84284544e-01  1.69204386e+09]
[-1.64134024e-01  1.84843487e-01  1.69204386e+09]
[-1.65482062e-01  1.85353111e-01  1.69204386e+09]
[-1.68901476e-01  1.86734028e-01  1.69204386e+09]
[-1.69180948e-01  1.87654639e-01  1.69204386e+09]
[-1.70709821e-01  1.88032748e-01  1.69204386e+09]
[-1.71745509e-01  1.88197142e-01  1.69204386e+09]
[-1.72567483e-01  1.87819034e-01  1.69204386e+09]
[-1.72238693e-01  1.87490244e-01  1.69204386e+09]
[-1.72172935e-01  1.87391607e-01  1.69204386e+09]
[-1.70989292e-01  1.87983429e-01  1.69204386e+09]
[-1.69887846e-01  1.88049187e-01  1.69204386e+09]
[-1.70265954e-01  1.88082066e-01  1.69204386e+09]
[-1.70956413e-01  1.87917671e-01  1.69204386e+09]
[-1.70052241e-01  1.88312219e-01  1.69204386e+09]
[-1.68638445e-01  1.88262900e-01  1.69204386e+09]
[-1.66172521e-01  1.88575251e-01  1.69204386e+09]
[-1.63575081e-01  1.88723206e-01  1.69204386e+09]
[-1.61421508e-01  1.89331467e-01  1.69204387e+09]
[-1.60566654e-01  1.89643818e-01  1.69204387e+09]
[-1.62046208e-01  1.89939728e-01  1.69204387e+09]
[-1.62309240e-01  1.89298588e-01  1.69204387e+09]
[-1.61635221e-01  1.88016308e-01  1.69204387e+09]
[-1.60599533e-01  1.88131385e-01  1.69204387e+09]
[-1.60204985e-01  1.87687518e-01  1.69204387e+09]
[-1.60698170e-01  1.87687518e-01  1.69204387e+09]
[-1.62243482e-01  1.88032748e-01  1.69204387e+09]
