HokinRight_Hand
Dev2/ai0 Dev2/ai1
[-1.19583002e-01  5.32425214e-03  1.69204387e+09]
[-1.26388951e-01  5.32425214e-03  1.69204387e+09]
[-1.35512869e-01  5.35713112e-03  1.69204387e+09]
[-1.41891392e-01  5.30781264e-03  1.69204387e+09]
[-1.42450335e-01  5.42288908e-03  1.69204387e+09]
[-1.35858098e-01  5.37357061e-03  1.69204387e+09]
[-1.30104276e-01  5.32425214e-03  1.69204387e+09]
[-1.21506422e-01  3.46851827e-02  1.69204387e+09]
[-1.24366894e-01  3.30905521e-02  1.69204387e+09]
[-1.30597461e-01  1.14726217e-02  1.69204387e+09]
[-1.45606717e-01  2.23362785e-03  1.69204387e+09]
[-1.63755916e-01  2.54597818e-03  1.69204387e+09]
[-1.73734687e-01  2.64461512e-03  1.69204387e+09]
[-1.62802425e-01  2.75969156e-03  1.69204387e+09]
[-1.39639181e-01  2.90764697e-03  1.69204387e+09]
[-1.08437027e-01  3.00628392e-03  1.69204387e+09]
[-4.89096287e-02  3.62962528e-02  1.69204387e+09]
[-8.53423871e-03  6.56900620e-02  1.69204387e+09]
[-3.50218961e-05  8.87546671e-02  1.69204387e+09]
[-1.00779860e-04  9.92923805e-02  1.69204387e+09]
[-6.79008779e-05  1.05144839e-01  1.69204387e+09]
[-1.17219351e-04  1.17293622e-01  1.69204387e+09]
[-6.79008779e-05  1.22340546e-01  1.69204387e+09]
[-8.43403688e-05  1.22488501e-01  1.69204387e+09]
[-1.00779860e-04  1.31891890e-01  1.69204387e+09]
[-6.79008779e-05  1.40111635e-01  1.69204387e+09]
[-6.79008779e-05  1.45355832e-01  1.69204387e+09]
[-6.79008779e-05  1.49383507e-01  1.69204387e+09]
[-1.17219351e-04  1.51948067e-01  1.69204387e+09]
[-1.17219351e-04  1.54298914e-01  1.69204387e+09]
[-8.43403688e-05  1.59017048e-01  1.69204387e+09]
[-1.50098332e-04  1.52671405e-01  1.69204387e+09]
[-5.14613870e-05  1.37119647e-01  1.69204387e+09]
[-3.50218961e-05  1.18016960e-01  1.69204387e+09]
[-1.17219351e-04  7.58825461e-02  1.69204387e+09]
[-6.79008779e-05  1.46454434e-02  1.69204387e+09]
[-2.14291430e-06  7.74085729e-03  1.69204387e+09]
[-5.61085605e-04  7.28055155e-03  1.69204387e+09]
[-2.19488634e-02  7.03395919e-03  1.69204387e+09]
[-5.57320176e-02  6.78736682e-03  1.69204387e+09]
[-7.27468910e-02  6.73804835e-03  1.69204387e+09]
[-7.89281397e-02  6.68872988e-03  1.69204387e+09]
[-8.82657708e-02  6.62297191e-03  1.69204387e+09]
[-1.10870071e-01  6.52433497e-03  1.69204387e+09]
[-1.25353263e-01  6.52433497e-03  1.69204387e+09]
[-1.30827614e-01  6.50789548e-03  1.69204387e+09]
[-1.26208117e-01  6.45857701e-03  1.69204387e+09]
[-1.17873295e-01  6.44213751e-03  1.69204387e+09]
[-7.59032733e-02  6.39281904e-03  1.69204387e+09]
[-5.37785645e-03  6.34350057e-03  1.69204387e+09]
[-1.17219351e-04  6.37637955e-03  1.69204387e+09]
[-7.15332147e-03  6.35994006e-03  1.69204387e+09]
[-5.55347437e-02  6.44213751e-03  1.69204387e+09]
[-9.19646563e-02  6.82024580e-03  1.69204387e+09]
[-1.01959867e-01  6.49145599e-03  1.69204387e+09]
[-8.87589555e-02  7.03395919e-03  1.69204387e+09]
[-6.43791899e-02  1.39878638e-02  1.69204387e+09]
[-4.18899660e-02  2.13363162e-02  1.69204387e+09]
[-4.64930235e-02  4.55159606e-03  1.69204387e+09]
[-6.48888142e-02  2.98984443e-03  1.69204387e+09]
[-8.42545349e-02  2.98984443e-03  1.69204387e+09]
[-8.32024074e-02  3.03916290e-03  1.69204387e+09]
[-5.56826991e-02  3.03916290e-03  1.69204387e+09]
[-1.38441943e-02  3.10492087e-03  1.69204387e+09]
[-9.72072878e-04  3.18711832e-03  1.69204387e+09]
[-1.02139135e-03  3.15423934e-03  1.69204387e+09]
[-1.85824052e-05  3.26931577e-03  1.69204387e+09]
[-1.00779860e-04  3.33507374e-03  1.69204387e+09]
[-1.17219351e-04  2.25035201e-02  1.69204387e+09]
[-5.14613870e-05  6.51146799e-02  1.69204387e+09]
[-1.00779860e-04  9.15000620e-02  1.69204387e+09]
[-8.43403688e-05  9.14014251e-02  1.69204387e+09]
[-5.14613870e-05  9.05794506e-02  1.69204387e+09]
[-1.00779860e-04  8.67490493e-02  1.69204387e+09]
[-8.43403688e-05  8.20802340e-02  1.69204387e+09]
[-3.50218961e-05  8.16528073e-02  1.69204387e+09]
[-1.00779860e-04  7.80689984e-02  1.69204387e+09]
[-8.43403688e-05  7.28248009e-02  1.69204387e+09]
[-1.50098332e-04  6.04129856e-02  1.69204387e+09]
[-1.33658842e-04  2.70572590e-02  1.69204387e+09]
[-6.79008779e-05  7.69153882e-03  1.69204387e+09]
[-3.50218961e-05  7.08327766e-03  1.69204387e+09]
[-1.85824052e-05  6.68872988e-03  1.69204387e+09]
[-1.00779860e-04  6.52433497e-03  1.69204387e+09]
[-6.79008779e-05  6.44213751e-03  1.69204387e+09]
[-6.79008779e-05  6.32706108e-03  1.69204387e+09]
[-1.00779860e-04  6.24486362e-03  1.69204387e+09]
[-1.19043344e-02  6.16266617e-03  1.69204387e+09]
[-3.81910805e-02  6.14622668e-03  1.69204387e+09]
[-5.37428391e-02  6.06402922e-03  1.69204387e+09]
[-5.91185528e-02  6.03115024e-03  1.69204387e+09]
[-5.55183042e-02  6.04758973e-03  1.69204387e+09]
[-4.97316033e-02  6.04758973e-03  1.69204387e+09]
[-4.68218134e-02  5.99827126e-03  1.69204387e+09]
[-5.00768326e-02  6.01471075e-03  1.69204387e+09]
[-6.23242535e-02  5.99827126e-03  1.69204387e+09]
[-8.05556493e-02  5.98183177e-03  1.69204387e+09]
[-9.03535862e-02  5.96539228e-03  1.69204387e+09]
[-8.43202928e-02  5.93251330e-03  1.69204387e+09]
[-7.29934833e-02  5.94895279e-03  1.69204387e+09]
[-6.41819160e-02  5.93251330e-03  1.69204387e+09]
[-5.97103744e-02  5.88319482e-03  1.69204387e+09]
[-5.08659282e-02  5.91607381e-03  1.69204387e+09]
[-1.62279205e-02  5.93251330e-03  1.69204387e+09]
[-8.43403688e-05  5.78455788e-03  1.69204387e+09]
[-8.43403688e-05  5.83387635e-03  1.69204387e+09]
[-8.43403688e-05  5.83387635e-03  1.69204387e+09]
[-1.17219351e-04  2.50023227e-02  1.69204387e+09]
[-8.43403688e-05  4.10801446e-02  1.69204387e+09]
[-5.14613870e-05  4.71298771e-02  1.69204387e+09]
