HokinRight_Hand
Dev2/ai0 Dev2/ai1
[-6.89986870e-02  2.41446225e-03  1.69204387e+09]
[-6.93439163e-02  2.49665970e-03  1.69204387e+09]
[-7.61005472e-02  2.48022021e-03  1.69204387e+09]
[-8.38106686e-02  2.59529665e-03  1.69204387e+09]
[-9.58608158e-02  2.59529665e-03  1.69204387e+09]
[-1.07598613e-01  2.52953868e-03  1.69204387e+09]
[-1.21078996e-01  2.54597818e-03  1.69204387e+09]
[-1.28246614e-01  2.61173614e-03  1.69204387e+09]
[-1.33474372e-01  2.62817563e-03  1.69204387e+09]
[-1.38356901e-01  2.62817563e-03  1.69204387e+09]
[-1.47776730e-01  2.62817563e-03  1.69204387e+09]
[-1.50916673e-01  2.61173614e-03  1.69204387e+09]
[-1.46330055e-01  2.57885716e-03  1.69204387e+09]
[-1.37469169e-01  2.67749410e-03  1.69204387e+09]
[-1.34756652e-01  2.62817563e-03  1.69204387e+09]
[-1.38356901e-01  2.77613105e-03  1.69204387e+09]
[-1.41726997e-01  2.72681258e-03  1.69204387e+09]
[-1.33227780e-01  2.67749410e-03  1.69204387e+09]
[-1.23396964e-01  2.74325207e-03  1.69204387e+09]
[-1.18366479e-01  2.75969156e-03  1.69204387e+09]
[-9.66005929e-02  2.82544952e-03  1.69204388e+09]
[-3.96377557e-02  3.60332209e-02  1.69204388e+09]
[-7.67938518e-03  4.71791956e-02  1.69204388e+09]
[-8.43403688e-05  6.70709792e-02  1.69204388e+09]
[-3.50218961e-05  7.95978710e-02  1.69204388e+09]
[-1.00779860e-04  7.93677181e-02  1.69204388e+09]
[-1.17219351e-04  7.81018773e-02  1.69204388e+09]
[-1.00779860e-04  7.85621831e-02  1.69204388e+09]
[-6.79008779e-05  8.19158391e-02  1.69204388e+09]
[-5.14613870e-05  8.83436799e-02  1.69204388e+09]
[-8.43403688e-05  9.17466544e-02  1.69204388e+09]
[-1.33658842e-04  9.07274060e-02  1.69204388e+09]
[-8.43403688e-05  8.94122468e-02  1.69204388e+09]
[-1.85824052e-05  8.95273232e-02  1.69204388e+09]
[-5.14613870e-05  9.11712722e-02  1.69204388e+09]
[-1.00779860e-04  8.96095206e-02  1.69204388e+09]
[-1.00779860e-04  8.92642913e-02  1.69204388e+09]
[-1.50098332e-04  8.60421512e-02  1.69204388e+09]
[-1.85824052e-05  8.25405398e-02  1.69204388e+09]
[-8.43403688e-05  8.11103041e-02  1.69204388e+09]
[-3.50218961e-05  7.37125334e-02  1.69204388e+09]
[-1.33658842e-04  7.21672213e-02  1.69204388e+09]
[-5.14613870e-05  7.15260812e-02  1.69204388e+09]
[-1.33658842e-04  6.45557372e-02  1.69204388e+09]
[-1.00779860e-04  3.98965013e-02  1.69204388e+09]
[-8.43403688e-05  1.63880295e-02  1.69204388e+09]
[-3.50218961e-05  8.71078725e-03  1.69204388e+09]
[-1.00779860e-04  7.31343053e-03  1.69204388e+09]
[-1.17219351e-04  6.75448784e-03  1.69204388e+09]
[-8.43403688e-05  6.49145599e-03  1.69204388e+09]
[-3.85527493e-02  6.26130311e-03  1.69204388e+09]
[-6.16995529e-02  6.17910566e-03  1.69204388e+09]
[-8.16570953e-02  6.09690821e-03  1.69204388e+09]
[-9.14550321e-02  6.04758973e-03  1.69204388e+09]
[-9.67485483e-02  5.89963432e-03  1.69204388e+09]
[-1.09522033e-01  5.85031584e-03  1.69204388e+09]
[-1.16180027e-01  5.86675533e-03  1.69204388e+09]
[-1.11757804e-01  5.81743686e-03  1.69204388e+09]
[-1.05445039e-01  5.81743686e-03  1.69204388e+09]
[-1.02453052e-01  5.70236043e-03  1.69204388e+09]
[-1.02124262e-01  5.65304195e-03  1.69204388e+09]
[-8.93014587e-02  5.66948144e-03  1.69204388e+09]
[-6.79958780e-02  5.65304195e-03  1.69204388e+09]
[-3.59553097e-02  5.65304195e-03  1.69204388e+09]
[-5.16414306e-03  5.55440501e-03  1.69204388e+09]
[-1.99416805e-04  5.60372348e-03  1.69204388e+09]
[-2.15856296e-04  5.58728399e-03  1.69204388e+09]
[-2.32295787e-04  2.76819596e-02  1.69204388e+09]
[-1.82977314e-04  6.97012977e-02  1.69204388e+09]
[-2.15856296e-04  9.75169155e-02  1.69204388e+09]
[-1.99416805e-04  9.18124124e-02  1.69204388e+09]
[-1.99416805e-04  7.82991512e-02  1.69204388e+09]
[-1.66537823e-04  7.10657754e-02  1.69204388e+09]
[-2.81614260e-04  7.09178200e-02  1.69204388e+09]
[-2.48735278e-04  7.30220748e-02  1.69204388e+09]
[-1.82977314e-04  7.33508646e-02  1.69204388e+09]
[-1.66537823e-04  6.98492531e-02  1.69204388e+09]
[-2.81614260e-04  6.54927881e-02  1.69204388e+09]
[-1.99416805e-04  6.45228582e-02  1.69204388e+09]
[-2.15856296e-04  6.61174888e-02  1.69204388e+09]
