HokinRight_Hand
Dev2/ai0 Dev2/ai1
[-1.16906210e-02  5.17629672e-03  1.69204390e+09]
[-4.31558068e-02  5.19273621e-03  1.69204390e+09]
[-8.77068281e-02  5.22561519e-03  1.69204390e+09]
[-1.26142359e-01  5.24205468e-03  1.69204390e+09]
[-1.46362934e-01  5.24205468e-03  1.69204390e+09]
[-1.55306017e-01  5.24205468e-03  1.69204390e+09]
[-1.56341705e-01  5.25849417e-03  1.69204390e+09]
[-1.52330469e-01  5.24205468e-03  1.69204390e+09]
[-1.5260994e-01  5.2091757e-03  1.6920439e+09]
[-1.41118736e-01  5.20917570e-03  1.69204390e+09]
[-8.10159551e-02  8.36419856e-02  1.69204390e+09]
[-2.92808764e-02  1.22784412e-01  1.69204390e+09]
[-3.30648059e-03  1.31595979e-01  1.69204390e+09]
[-5.14613870e-05  1.31908329e-01  1.69204390e+09]
[-3.50218961e-05  1.28916342e-01  1.69204390e+09]
[-3.50218961e-05  1.23902297e-01  1.69204390e+09]
[-5.14613870e-05  1.15781189e-01  1.69204390e+09]
[-6.79008779e-05  1.08810845e-01  1.69204390e+09]
[-5.14613870e-05  1.00048597e-01  1.69204390e+09]
[-6.79008779e-05  9.33906034e-02  1.69204390e+09]
[-1.66537823e-04  9.39824251e-02  1.69204390e+09]
[-1.33658842e-04  9.60538009e-02  1.69204390e+09]
[-1.17219351e-04  9.74511575e-02  1.69204390e+09]
[-2.14291431e-06  9.78950238e-02  1.69204390e+09]
[-8.43403688e-05  9.72538837e-02  1.69204390e+09]
[-1.85824052e-05  9.70401703e-02  1.69204390e+09]
[-2.32295787e-04  9.52153869e-02  1.69204390e+09]
[-1.82977314e-04  9.35714378e-02  1.69204390e+09]
[-1.82977314e-04  9.02342213e-02  1.69204390e+09]
[-1.82977314e-04  8.60092722e-02  1.69204390e+09]
[-2.76397739e-03  8.22775079e-02  1.69204390e+09]
[-5.39429594e-03  7.75100557e-02  1.69204390e+09]
[-5.01618764e-03  7.23809347e-02  1.69204390e+09]
[-4.17777361e-03  6.70052213e-02  1.69204390e+09]
[-2.28723215e-03  6.21884505e-02  1.69204390e+09]
[-8.43403688e-05  4.86751893e-02  1.69204390e+09]
[-6.79008779e-05  2.27501124e-02  1.69204390e+09]
[-5.14613870e-05  9.03957707e-03  1.69204390e+09]
[-1.03590222e-02  8.26692100e-03  1.69204390e+09]
[-5.24769983e-02  7.87237322e-03  1.69204390e+09]
[-8.27256622e-02  7.67509933e-03  1.69204390e+09]
[-9.30003443e-02  7.49426493e-03  1.69204390e+09]
[-9.7340370e-02  7.3627490e-03  1.6920439e+09]
[-9.84253764e-02  7.31343053e-03  1.69204390e+09]
[-1.00578950e-01  7.29699104e-03  1.69204390e+09]
[-1.02222899e-01  7.24767257e-03  1.69204390e+09]
[-1.00036447e-01  7.16547511e-03  1.69204390e+09]
[-9.40853507e-02  7.03395919e-03  1.69204390e+09]
[-8.39093056e-02  7.11615664e-03  1.69204390e+09]
[-7.57224389e-02  7.08327766e-03  1.69204390e+09]
[-7.03960437e-02  7.00108020e-03  1.69204390e+09]
[-6.72725404e-02  6.96820122e-03  1.69204390e+09]
[-6.79958780e-02  6.96820122e-03  1.69204390e+09]
[-6.44778269e-02  6.88600377e-03  1.69204390e+09]
[-5.31838964e-02  6.91888275e-03  1.69204390e+09]
[-3.05467172e-02  6.83668530e-03  1.69204390e+09]
[-9.58636613e-03  6.78736682e-03  1.69204390e+09]
[-4.13130187e-04  6.80380631e-03  1.69204390e+09]
[-1.99416805e-04  2.89642399e-02  1.69204390e+09]
[-2.15856296e-04  3.87786159e-02  1.69204390e+09]
[-3.30932732e-04  4.36775841e-02  1.69204390e+09]
[-2.81614260e-04  4.68997243e-02  1.69204390e+09]
[-2.48735278e-04  5.07794441e-02  1.69204390e+09]
[-3.80251205e-04  5.21932403e-02  1.69204390e+09]
[-2.65174769e-04  5.25713485e-02  1.69204390e+09]
[-3.30932732e-04  4.91848135e-02  1.69204390e+09]
[-3.47372223e-04  4.38255395e-02  1.69204390e+09]
[-3.47372223e-04  3.84991445e-02  1.69204390e+09]
[-3.14493242e-04  3.52276859e-02  1.69204390e+09]
[-4.6244866e-04  2.5248915e-02  1.6920439e+09]
[-4.46009169e-04  1.09465580e-02  1.69204390e+09]
[-1.66537823e-04  6.40925853e-03  1.69204390e+09]
[-1.66537823e-04  6.35994006e-03  1.69204390e+09]
[-1.99416805e-04  6.34350057e-03  1.69204390e+09]
[-1.99416805e-04  6.34350057e-03  1.69204390e+09]
[-1.82977314e-04  6.27774261e-03  1.69204390e+09]
[-2.32295787e-04  6.26130311e-03  1.69204390e+09]
[-2.32295787e-04  1.60921186e-02  1.69204390e+09]
[-2.48735278e-04  2.72052144e-02  1.69204390e+09]
[-2.32295787e-04  3.22192591e-02  1.69204390e+09]
[-1.99416805e-04  3.73648197e-02  1.69204390e+09]
[-2.32295787e-04  4.32830363e-02  1.69204390e+09]
[-1.82977314e-04  4.39734949e-02  1.69204390e+09]
[-2.98053751e-04  4.28391701e-02  1.69204390e+09]
[-2.48735278e-04  3.83347496e-02  1.69204390e+09]
[-2.65174769e-04  3.41919980e-02  1.69204390e+09]
[-2.48735278e-04  3.01314438e-02  1.69204390e+09]
[-2.48735278e-04  2.05965391e-02  1.69204390e+09]
[-2.48735278e-04  1.19493670e-02  1.69204390e+09]
[-2.15856296e-04  7.06683817e-03  1.69204390e+09]
[-2.32295787e-04  5.04478079e-03  1.69204390e+09]
