HokinRight_Hand
Dev2/ai0 Dev2/ai1
[-4.48490744e-02  4.69955148e-03  1.69204390e+09]
[-9.40853507e-02  4.76530945e-03  1.69204390e+09]
[-1.21013238e-01  4.71599097e-03  1.69204390e+09]
[-1.30844054e-01  4.74886995e-03  1.69204390e+09]
[-1.39376150e-01  4.74886995e-03  1.69204390e+09]
[-1.30334429e-01  4.69955148e-03  1.69204390e+09]
[-1.19122696e-01  4.76530945e-03  1.69204390e+09]
[-1.13927817e-01  4.68311199e-03  1.69204390e+09]
[-7.63635791e-02  8.45625971e-02  1.69204390e+09]
[-3.50675772e-02  1.39569131e-01  1.69204390e+09]
[-6.74233419e-03  1.51093214e-01  1.69204390e+09]
[-4.29569678e-04  1.44648934e-01  1.69204390e+09]
[-2.81614260e-04  1.40555501e-01  1.69204390e+09]
[-1.82977314e-04  1.38566323e-01  1.69204390e+09]
[-2.32295787e-04  1.37481316e-01  1.69204390e+09]
[-2.48735278e-04  1.30412335e-01  1.69204390e+09]
[-1.82977314e-04  1.20630839e-01  1.69204390e+09]
[-1.99416805e-04  1.06690151e-01  1.69204390e+09]
[-1.50098332e-04  7.96800684e-02  1.69204390e+09]
[-1.99416805e-04  5.74703167e-02  1.69204390e+09]
[-2.32295787e-04  5.70100110e-02  1.69204390e+09]
[-1.66537823e-04  5.95252531e-02  1.69204390e+09]
[-1.66537823e-04  6.00677563e-02  1.69204390e+09]
[-1.66537823e-04  5.03355778e-02  1.69204390e+09]
[-1.33658842e-04  2.54790679e-02  1.69204390e+09]
[-8.43403688e-05  2.28651889e-02  1.69204390e+09]
[-1.33658842e-04  2.28980678e-02  1.69204390e+09]
[-8.43403688e-05  1.73579594e-02  1.69204390e+09]
[-6.79008779e-05  6.95176173e-03  1.69204390e+09]
[-8.43403688e-05  6.24486362e-03  1.69204390e+09]
[-1.17219351e-04  5.81743686e-03  1.69204390e+09]
[-3.50218961e-05  5.11904313e-02  1.69204390e+09]
[-2.14291431e-06  6.62654442e-02  1.69204390e+09]
[-1.17219351e-04  6.55585461e-02  1.69204390e+09]
[-6.79008779e-05  6.59037754e-02  1.69204390e+09]
[-8.43403688e-05  7.94005971e-02  1.69204390e+09]
[-6.79008779e-05  8.36913041e-02  1.69204390e+09]
[-5.14613870e-05  7.22658582e-02  1.69204390e+09]
[-3.50218961e-05  6.48680875e-02  1.69204390e+09]
[-5.14613870e-05  6.23857244e-02  1.69204390e+09]
[-6.79008779e-05  5.18480110e-02  1.69204390e+09]
[-5.14613870e-05  3.01643228e-02  1.69204390e+09]
[-1.17219351e-04  1.26069466e-02  1.69204390e+09]
[-1.33658842e-04  6.49145599e-03  1.69204390e+09]
[-1.17219351e-04  5.80099737e-03  1.69204390e+09]
[-8.43403688e-05  5.52152603e-03  1.69204390e+09]
[-1.82977314e-04  5.48864704e-03  1.69204390e+09]
[-5.14613870e-05  5.37357061e-03  1.69204390e+09]
[-1.33658842e-04  5.27493366e-03  1.69204390e+09]
[-1.00779860e-04  5.25849417e-03  1.69204390e+09]
[-1.00779860e-04  5.19273621e-03  1.69204390e+09]
[-1.50098332e-04  5.19273621e-03  1.69204390e+09]
[-6.79008779e-05  5.15985723e-03  1.69204390e+09]
[-1.33658842e-04  5.09409926e-03  1.69204390e+09]
[-1.00779860e-04  5.06122028e-03  1.69204390e+09]
[-1.50098332e-04  5.04478079e-03  1.69204390e+09]
[-1.17219351e-04  9.49988282e-03  1.69204390e+09]
[-5.1461387e-05  2.2667915e-02  1.6920439e+09]
[-1.50098332e-04  2.62681634e-02  1.69204390e+09]
[-6.79008779e-05  2.87834055e-02  1.69204390e+09]
[-3.50218961e-05  3.30741126e-02  1.69204390e+09]
[-5.14613870e-05  5.10095969e-02  1.69204391e+09]
[-1.50098332e-04  6.73997690e-02  1.69204391e+09]
[-8.43403688e-05  7.10493359e-02  1.69204391e+09]
[-1.82977314e-04  6.91587945e-02  1.69204391e+09]
[-6.79008779e-05  6.49996034e-02  1.69204391e+09]
[-1.17219351e-04  5.97554059e-02  1.69204391e+09]
[-6.79008779e-05  6.01499537e-02  1.69204391e+09]
[-1.50098332e-04  6.29282276e-02  1.69204391e+09]
[-1.33658842e-04  6.63312022e-02  1.69204391e+09]
[-1.50098332e-04  6.54927881e-02  1.69204391e+09]
[-1.33658842e-04  6.44242213e-02  1.69204391e+09]
[-8.43403688e-05  6.31912595e-02  1.69204391e+09]
[-1.33658842e-04  6.15144314e-02  1.69204391e+09]
[-1.33658842e-04  5.84402467e-02  1.69204391e+09]
[-1.17219351e-04  5.44947689e-02  1.69204391e+09]
[-5.14613870e-05  4.81655651e-02  1.69204391e+09]
[-1.50098332e-04  3.73155012e-02  1.69204391e+09]
[-8.43403688e-05  2.19445774e-02  1.69204391e+09]
[-5.03262714e-03  9.77935416e-03  1.69204391e+09]
[-2.82616279e-02  5.27493366e-03  1.69204391e+09]
[-4.93699345e-02  4.15704828e-03  1.69204391e+09]
[-6.40668396e-02  3.87757694e-03  1.69204391e+09]
[-7.06755151e-02  3.79537948e-03  1.69204391e+09]
[-7.33058337e-02  3.86113745e-03  1.69204391e+09]
[-7.68238848e-02  3.77893999e-03  1.69204391e+09]
[-7.70375982e-02  3.79537948e-03  1.69204391e+09]
[-7.10043049e-02  3.82825846e-03  1.69204391e+09]
[-6.59245021e-02  3.79537948e-03  1.69204391e+09]
[-6.43627504e-02  3.72962152e-03  1.69204391e+09]
[-6.15187185e-02  4.27212472e-03  1.69204391e+09]
[-6.03186356e-02  4.14060879e-03  1.69204391e+09]
[-5.44004188e-02  3.94333490e-03  1.69204391e+09]
[-5.17536607e-02  3.74606101e-03  1.69204391e+09]
[-4.63286286e-02  3.71318203e-03  1.69204391e+09]
[-2.19159844e-02  3.72962152e-03  1.69204391e+09]
[-1.03783084e-03  3.77893999e-03  1.69204391e+09]
[-3.14493242e-04  3.86113745e-03  1.69204391e+09]
[-2.15856296e-04  3.06903865e-02  1.69204391e+09]
[-2.81614260e-04  3.97321063e-02  1.69204391e+09]
[-2.81614260e-04  4.34309917e-02  1.69204391e+09]
