HokinRight_Hand
Dev2/ai0 Dev2/ai1
[-1.33658842e-04  8.30830430e-02  1.69204391e+09]
[-2.14291430e-06  9.46400047e-02  1.69204391e+09]
[-3.50218961e-05  1.03270737e-01  1.69204391e+09]
[-1.50098332e-04  1.03106342e-01  1.69204391e+09]
[-8.43403688e-05  1.00377387e-01  1.69204391e+09]
[-1.50098332e-04  9.66291830e-02  1.69204391e+09]
[-1.82977314e-04  9.47879601e-02  1.69204391e+09]
[-6.79008779e-05  9.55934951e-02  1.69204391e+09]
[-8.43403688e-05  9.93745779e-02  1.69204391e+09]
[-1.50098332e-04  1.03550208e-01  1.69204391e+09]
[-1.17219351e-04  1.04355743e-01  1.69204391e+09]
[-1.00779860e-04  1.02465202e-01  1.69204391e+09]
[-1.50098332e-04  1.00936329e-01  1.69204391e+09]
[-6.79008779e-05  1.00114355e-01  1.69204391e+09]
[-1.33658842e-04  9.82238136e-02  1.69204391e+09]
[-1.00779860e-04  9.55934951e-02  1.69204391e+09]
[-1.00779860e-04  9.19932467e-02  1.69204391e+09]
[-1.17219351e-04  8.80313296e-02  1.69204391e+09]
[-1.17219351e-04  8.28528901e-02  1.69204391e+09]
[-1.17219351e-04  6.17939028e-02  1.69204391e+09]
[-1.50098332e-04  3.47509407e-02  1.69204391e+09]
[-8.43403688e-05  2.69586221e-02  1.69204391e+09]
[-1.66537823e-04  3.58523865e-02  1.69204391e+09]
[-1.50098332e-04  6.71202977e-02  1.69204391e+09]
[-1.82977314e-04  8.12089410e-02  1.69204391e+09]
[-6.79008779e-05  7.85293041e-02  1.69204391e+09]
[-6.79008779e-05  5.41824186e-02  1.69204391e+09]
[-1.50098332e-04  8.87518216e-03  1.69204391e+09]
[-1.66537823e-04  5.24205468e-03  1.69204391e+09]
[-8.43403688e-05  4.89682537e-03  1.69204391e+09]
[-1.50098332e-04  4.81462792e-03  1.69204391e+09]
[-2.62395705e-02  4.76530945e-03  1.69204391e+09]
[-2.40366787e-02  4.69955148e-03  1.69204391e+09]
[-1.62607995e-02  4.63379352e-03  1.69204391e+09]
[-9.45485020e-03  4.61735403e-03  1.69204391e+09]
[-4.39148699e-03  4.56803555e-03  1.69204391e+09]
[-1.46525761e-03  4.51871708e-03  1.69204391e+09]
[-4.78888151e-04  4.53515657e-03  1.69204391e+09]
[-4.13130187e-04  4.46939861e-03  1.69204391e+09]
[-2.81614260e-04  4.51871708e-03  1.69204391e+09]
[-3.14493242e-04  4.48583810e-03  1.69204391e+09]
[-3.14493242e-04  4.48583810e-03  1.69204391e+09]
[-2.15856296e-04  4.48583810e-03  1.69204391e+09]
[-2.81614260e-04  4.45295912e-03  1.69204391e+09]
[-1.10358881e-03  4.46939861e-03  1.69204391e+09]
[-1.13646779e-03  4.40364065e-03  1.69204391e+09]
[-1.62965251e-03  4.43651963e-03  1.69204391e+09]
[-1.99132131e-03  4.46939861e-03  1.69204391e+09]
[-2.23791368e-03  4.43651963e-03  1.69204391e+09]
[-3.76678633e-03  4.42008014e-03  1.69204391e+09]
[-3.12564619e-03  4.38720115e-03  1.69204391e+09]
[-3.14493242e-04  4.33788268e-03  1.69204391e+09]
[-1.66537823e-04  4.43651963e-03  1.69204391e+09]
[-2.48735278e-04  4.35432217e-03  1.69204391e+09]
[-4.16133412e-03  4.38720115e-03  1.69204391e+09]
[-3.12042968e-02  4.33788268e-03  1.69204391e+09]
[-6.05981070e-02  4.40364065e-03  1.69204391e+09]
[-7.03960437e-02  4.33788268e-03  1.69204391e+09]
[-6.84561838e-02  4.37076166e-03  1.69204391e+09]
[-5.71129348e-02  4.30500370e-03  1.69204391e+09]
[-4.49312719e-02  4.25568523e-03  1.69204391e+09]
[-3.80595646e-02  4.42008014e-03  1.69204391e+09]
[-3.56429594e-02  4.32144319e-03  1.69204391e+09]
[-3.74677429e-02  4.33788268e-03  1.69204391e+09]
[-3.29962013e-02  4.30500370e-03  1.69204391e+09]
[-1.70005766e-02  4.22280625e-03  1.69204391e+09]
[-3.66814939e-03  4.25568523e-03  1.69204391e+09]
[-3.80251205e-04  4.32144319e-03  1.69204391e+09]
[-3.96690696e-04  4.30500370e-03  1.69204391e+09]
[-3.30932732e-04  4.25568523e-03  1.69204391e+09]
[-2.98053751e-04  4.27212472e-03  1.69204391e+09]
[-2.81614260e-04  1.99389595e-02  1.69204391e+09]
[-1.33658842e-04  2.81422654e-02  1.69204391e+09]
[-2.15856296e-04  2.74024883e-02  1.69204391e+09]
[-2.32295787e-04  2.16486665e-02  1.69204391e+09]
[-2.65174769e-04  1.34124816e-02  1.69204391e+09]
[-2.15856296e-04  6.35994006e-03  1.69204391e+09]
[-2.65174769e-04  1.59248770e-03  1.69204391e+09]
[-2.81614260e-04  1.39521381e-03  1.69204391e+09]
[-4.46009169e-04  1.31301636e-03  1.69204391e+09]
[-1.00495186e-03  1.39521381e-03  1.69204391e+09]
[-7.91238478e-04  1.31301636e-03  1.69204391e+09]
[-6.92601532e-04  1.34589534e-03  1.69204391e+09]
[-9.88512369e-04  1.32945585e-03  1.69204391e+09]
