HokinRight_Hand
Dev2/ai0 Dev2/ai1
[-1.66717867e-02  2.38158327e-03  1.69204391e+09]
[-1.67046657e-02  3.63098457e-03  1.69204391e+09]
[-1.69676976e-02  6.32706108e-03  1.69204391e+09]
[-1.73293664e-02  8.39843693e-03  1.69204391e+09]
[-1.76745957e-02  9.58208027e-03  1.69204391e+09]
[-1.76417167e-02  9.86155161e-03  1.69204391e+09]
[-2.01733983e-02  8.41487642e-03  1.69204391e+09]
[-3.87007047e-02  4.00909286e-03  1.69204391e+09]
[-4.72821191e-02  7.46138595e-03  1.69204391e+09]
[-4.14132208e-02  4.00280172e-02  1.69204391e+09]
[-2.74067744e-02  8.30337245e-02  1.69204391e+09]
[-1.44195765e-02  1.21124024e-01  1.69204391e+09]
[-5.62444881e-03  1.49810934e-01  1.69204391e+09]
[-8.73435933e-04  1.62863889e-01  1.69204391e+09]
[-6.76162042e-04  1.60447284e-01  1.69204392e+09]
[-6.76162042e-04  1.58014239e-01  1.69204392e+09]
[-6.10404078e-04  1.56255214e-01  1.69204392e+09]
[-6.76162042e-04  1.56173016e-01  1.69204392e+09]
[-6.59722551e-04  1.55022252e-01  1.69204392e+09]
[-6.92601532e-04  1.53756411e-01  1.69204392e+09]
[-6.76162042e-04  1.53279666e-01  1.69204392e+09]
[-1.48169710e-03  1.49843813e-01  1.69204392e+09]
[-6.46286285e-03  1.47427208e-01  1.69204392e+09]
[-7.35059536e-03  1.44698252e-01  1.69204392e+09]
[-7.86021958e-03  1.42939227e-01  1.69204392e+09]
[-1.02603853e-02  1.40358227e-01  1.69204392e+09]
[-1.73786849e-02  1.40555501e-01  1.69204392e+09]
[-5.15399473e-02  1.39092386e-01  1.69204392e+09]
[-8.52573438e-02  1.37810106e-01  1.69204392e+09]
[-1.07138307e-01  1.43185819e-01  1.69204392e+09]
[-1.21013238e-01  1.51306927e-01  1.69204392e+09]
[-1.19648760e-01  1.56403169e-01  1.69204392e+09]
[-1.13072963e-01  1.55926424e-01  1.69204392e+09]
[-1.03801090e-01  1.54972934e-01  1.69204392e+09]
[-9.77513573e-02  1.51537080e-01  1.69204392e+09]
[-9.46936119e-02  1.46868265e-01  1.69204392e+09]
[-9.38716373e-02  1.44862647e-01  1.69204392e+09]
[-9.43155036e-02  1.42248768e-01  1.69204392e+09]
[-9.82609815e-02  1.38730717e-01  1.69204392e+09]
[-1.03718893e-01  1.32861819e-01  1.69204392e+09]
[-1.08206874e-01  1.31974087e-01  1.69204392e+09]
[-1.09998778e-01  1.31349386e-01  1.69204392e+09]
[-1.11922199e-01  1.30231501e-01  1.69204392e+09]
[-1.12941447e-01  1.28028609e-01  1.69204392e+09]
[-1.13927817e-01  1.26992922e-01  1.69204392e+09]
[-1.14075772e-01  1.27288832e-01  1.69204392e+09]
[-1.13533269e-01  1.27551864e-01  1.69204392e+09]
[-1.12579779e-01  1.26614813e-01  1.69204392e+09]
[-1.11692046e-01  1.25036622e-01  1.69204392e+09]
[-1.09768625e-01  1.24231087e-01  1.69204392e+09]
[-1.06168377e-01  1.23261157e-01  1.69204392e+09]
[-1.04688823e-01  1.22537820e-01  1.69204392e+09]
[-1.05099810e-01  1.22883049e-01  1.69204392e+09]
[-1.05938224e-01  1.22504941e-01  1.69204392e+09]
[-1.06069740e-01  1.21535011e-01  1.69204392e+09]
[-1.05428600e-01  1.21880240e-01  1.69204392e+09]
[-1.04721702e-01  1.21140463e-01  1.69204392e+09]
[-1.02979116e-01  1.20400686e-01  1.69204392e+09]
[-1.02880479e-01  1.18986890e-01  1.69204392e+09]
[-1.00661147e-01  1.17260743e-01  1.69204392e+09]
[-9.82609815e-02  1.15320883e-01  1.69204392e+09]
[-9.30167838e-02  1.11095934e-01  1.69204392e+09]
[-9.05179811e-02  1.10421915e-01  1.69204392e+09]
[-8.69834904e-02  1.11079495e-01  1.69204392e+09]
[-8.63423503e-02  1.11243890e-01  1.69204392e+09]
[-8.63423503e-02  1.10734266e-01  1.69204392e+09]
[-8.74602357e-02  1.11523361e-01  1.69204392e+09]
[-8.77068281e-02  1.10964419e-01  1.69204392e+09]
[-8.70163694e-02  1.09813654e-01  1.69204392e+09]
[-8.76081911e-02  1.09156075e-01  1.69204392e+09]
[-8.68684140e-02  1.09073877e-01  1.69204392e+09]
[-8.64409872e-02  1.09517743e-01  1.69204392e+09]
[-8.56518916e-02  1.09468425e-01  1.69204392e+09]
[-8.47970381e-02  1.09567062e-01  1.69204392e+09]
[-8.41887769e-02  1.09698578e-01  1.69204392e+09]
[-8.36955922e-02  1.09599941e-01  1.69204392e+09]
[-8.41065795e-02  1.10060247e-01  1.69204392e+09]
[-8.42709744e-02  1.09567062e-01  1.69204392e+09]
[-8.38106686e-02  1.08876603e-01  1.69204392e+09]
[-8.36462737e-02  1.08893043e-01  1.69204392e+09]
[-8.23639934e-02  1.08745087e-01  1.69204392e+09]
[-8.11310315e-02  1.08482056e-01  1.69204392e+09]
[-7.99473882e-02  1.08745087e-01  1.69204392e+09]
[-7.95035219e-02  1.09287591e-01  1.69204392e+09]
[-7.93720060e-02  1.09139635e-01  1.69204392e+09]
[-7.89445792e-02  1.09156075e-01  1.69204392e+09]
[-7.86157894e-02  1.09057438e-01  1.69204392e+09]
[-7.78431333e-02  1.08975240e-01  1.69204392e+09]
[-7.65279740e-02  1.09172514e-01  1.69204392e+09]
[-7.44237191e-02  1.08827285e-01  1.69204392e+09]
[-7.39140949e-02  1.08745087e-01  1.69204392e+09]
[-7.47360694e-02  1.08761527e-01  1.69204392e+09]
[-7.56731204e-02  1.09304030e-01  1.69204392e+09]
[-7.40291713e-02  1.08679329e-01  1.69204392e+09]
[-7.33551522e-02  1.08054629e-01  1.69204392e+09]
[-7.37003815e-02  1.07906673e-01  1.69204392e+09]
[-7.35524261e-02  1.08005310e-01  1.69204392e+09]
[-7.27468910e-02  1.07364170e-01  1.69204392e+09]
[-7.19577954e-02  1.06558635e-01  1.69204392e+09]
[-7.24016617e-02  1.06427119e-01  1.69204392e+09]
[-7.20893113e-02  1.06558635e-01  1.69204392e+09]
[-7.17934005e-02  1.06328482e-01  1.69204392e+09]
[-7.23687827e-02  1.06640833e-01  1.69204392e+09]
[-7.46374325e-02  1.07216215e-01  1.69204392e+09]
[-7.63964580e-02  1.07545005e-01  1.69204392e+09]
[-7.66101714e-02  1.07002501e-01  1.69204392e+09]
[-7.61169867e-02  1.06690151e-01  1.69204392e+09]
[-7.60019103e-02  1.06969622e-01  1.69204392e+09]
[-7.64950950e-02  1.08925922e-01  1.69204392e+09]
[-7.61827447e-02  1.09238272e-01  1.69204392e+09]
[-7.62813816e-02  1.09040998e-01  1.69204392e+09]
[-7.67088084e-02  1.08366979e-01  1.69204392e+09]
[-7.76294199e-02  1.08350540e-01  1.69204392e+09]
[-7.66923689e-02  1.07906673e-01  1.69204392e+09]
[-7.70869167e-02  1.08038189e-01  1.69204392e+09]
[-7.79253307e-02  1.07923113e-01  1.69204392e+09]
