HokinRight_Hand
Dev2/ai0 Dev2/ai1
[-7.28948464e-02  8.52710613e-04  1.69204373e+09]
[-7.73499485e-02  8.85589595e-04  1.69204373e+09]
[-8.03254965e-02  8.52710613e-04  1.69204373e+09]
[-8.85945606e-02  8.19831631e-04  1.69204373e+09]
[-9.66827903e-02  8.69150104e-04  1.69204373e+09]
[-1.02633886e-01  8.36271122e-04  1.69204373e+09]
[-1.09653549e-01  8.36271122e-04  1.69204373e+09]
[-1.13286677e-01  8.36271122e-04  1.69204373e+09]
[-1.30613901e-01  8.19831631e-04  1.69204373e+09]
[-1.48795978e-01  7.86952649e-04  1.69204373e+09]
[-1.61109157e-01  7.54073667e-04  1.69204373e+09]
[-1.60073469e-01  8.36271122e-04  1.69204373e+09]
[-1.52659259e-01  7.70513158e-04  1.69204373e+09]
[-1.48828857e-01  7.37634176e-04  1.69204373e+09]
[-1.45047774e-01  7.21194686e-04  1.69204373e+09]
[-1.37222576e-01  7.54073667e-04  1.69204373e+09]
[-1.26405391e-01  8.19831631e-04  1.69204373e+09]
[-1.18152766e-01  7.86952649e-04  1.69204373e+09]
[-1.01105014e-01  7.37634176e-04  1.69204373e+09]
[-5.93322661e-02  7.54073667e-04  1.69204373e+09]
[-4.11201565e-03  1.32645262e-02  1.69204373e+09]
[-8.43403688e-05  3.90087688e-02  1.69204373e+09]
[-1.00779860e-04  6.57229410e-02  1.69204373e+09]
[-5.14613870e-05  7.44523105e-02  1.69204373e+09]
[-1.00779860e-04  7.33837436e-02  1.69204373e+09]
[-8.43403688e-05  6.86820493e-02  1.69204373e+09]
[-1.17219351e-04  6.50324824e-02  1.69204373e+09]
[-5.14613870e-05  5.77497881e-02  1.69204373e+09]
[-1.00779860e-04  3.95512719e-02  1.69204373e+09]
[-8.43403688e-05  1.95937302e-02  1.69204373e+09]
[-8.43403688e-05  5.40644959e-03  1.69204373e+09]
[-3.50218961e-05  2.82544952e-03  1.69204373e+09]
[-1.85824052e-05  2.64461512e-03  1.69204373e+09]
[-1.00779860e-04  2.67749410e-03  1.69204373e+09]
[-1.00779860e-04  2.64461512e-03  1.69204373e+09]
[-8.43403688e-05  2.74325207e-03  1.69204373e+09]
[-5.14613870e-05  2.71037308e-03  1.69204373e+09]
[-1.50098332e-04  2.64461512e-03  1.69204373e+09]
[-1.50098332e-04  2.67613482e-02  1.69204373e+09]
[-8.43403688e-05  6.87642468e-02  1.69204373e+09]
[-8.43403688e-05  8.50557818e-02  1.69204373e+09]
[-3.50218961e-05  8.26062977e-02  1.69204373e+09]
[-8.43403688e-05  7.68853551e-02  1.69204373e+09]
[-1.33658842e-04  6.73504506e-02  1.69204373e+09]
[-1.85824052e-05  4.80011702e-02  1.69204373e+09]
[-6.79008779e-05  4.19843166e-02  1.69204373e+09]
[-1.00779860e-04  6.16952658e-02  1.69204373e+09]
[-1.00779860e-04  9.04314952e-02  1.69204373e+09]
[-1.33658842e-04  9.16480174e-02  1.69204373e+09]
[-1.50098332e-04  6.38652786e-02  1.69204373e+09]
[-1.33658842e-04  2.19445774e-02  1.69204373e+09]
[-6.79008779e-05  7.67509933e-03  1.69204373e+09]
[-1.17219351e-04  6.77092733e-03  1.69204373e+09]
[-1.66537823e-04  6.49145599e-03  1.69204373e+09]
[-1.00779860e-04  6.24486362e-03  1.69204373e+09]
[-3.67608448e-02  6.16266617e-03  1.69204373e+09]
[-6.66971582e-02  6.09690821e-03  1.69204373e+09]
[-8.73615987e-02  5.98183177e-03  1.69204373e+09]
[-1.00973498e-01  6.01471075e-03  1.69204373e+09]
[-1.06135498e-01  5.83387635e-03  1.69204373e+09]
[-9.49402042e-02  5.83387635e-03  1.69204373e+09]
[-8.69012930e-02  5.78455788e-03  1.69204373e+09]
[-7.96843563e-02  5.93251330e-03  1.69204373e+09]
[-6.86041392e-02  6.03115024e-03  1.69204373e+09]
[-5.70964953e-02  5.66948144e-03  1.69204373e+09]
[-3.98185901e-02  5.68592093e-03  1.69204373e+09]
[-1.53401880e-02  5.66948144e-03  1.69204373e+09]
[-1.36662066e-03  5.65304195e-03  1.69204373e+09]
[-1.50098332e-04  5.57084450e-03  1.69204373e+09]
[-1.00779860e-04  5.55440501e-03  1.69204373e+09]
[-2.65174769e-04  5.45576806e-03  1.69204373e+09]
[-4.13130187e-04  5.60372348e-03  1.69204373e+09]
[-4.46009169e-04  5.48864704e-03  1.69204373e+09]
[-1.33658842e-04  1.17356536e-02  1.69204373e+09]
[-1.66537823e-04  2.04650232e-02  1.69204373e+09]
[-1.99416805e-04  2.16651060e-02  1.69204373e+09]
[-1.33658842e-04  1.85909212e-02  1.69204373e+09]
[-1.66537823e-04  1.32809657e-02  1.69204373e+09]
[-1.33658842e-04  9.66427772e-03  1.69204373e+09]
[-1.50098332e-04  8.87518216e-03  1.69204374e+09]
[-1.82977314e-04  9.20397198e-03  1.69204374e+09]
[-1.33658842e-04  9.54920129e-03  1.69204374e+09]
