HokinRight_Hand
Dev2/ai0 Dev2/ai1
[-6.23242535e-02  2.85368132e-02  1.69204392e+09]
[-6.08611388e-02  1.10287555e-02  1.69204392e+09]
[-5.94637821e-02  4.12416930e-03  1.69204392e+09]
[-6.45107059e-02  4.00909286e-03  1.69204392e+09]
[-7.09056680e-02  3.95977439e-03  1.69204392e+09]
[-8.23968724e-02  3.95977439e-03  1.69204392e+09]
[-9.00741148e-02  3.86113745e-03  1.69204392e+09]
[-9.85404529e-02  3.82825846e-03  1.69204392e+09]
[-1.06480727e-01  3.76250050e-03  1.69204392e+09]
[-1.12250989e-01  3.79537948e-03  1.69204392e+09]
[-1.15390932e-01  3.79537948e-03  1.69204392e+09]
[-1.16147148e-01  3.81181897e-03  1.69204392e+09]
[-1.13286677e-01  2.29638258e-02  1.69204392e+09]
[-8.52737833e-02  7.10164569e-02  1.69204392e+09]
[-4.55395330e-02  9.37193932e-02  1.69204392e+09]
[-1.54059459e-02  1.02843310e-01  1.69204392e+09]
[-9.39193896e-04  1.07380610e-01  1.69204392e+09]
[-4.13130187e-04  1.05966814e-01  1.69204392e+09]
[-3.80251205e-04  1.04043393e-01  1.69204392e+09]
[-2.98053751e-04  1.02793992e-01  1.69204392e+09]
[-3.47372223e-04  1.02629597e-01  1.69204392e+09]
[-4.13130187e-04  1.03254298e-01  1.69204392e+09]
[-4.13130187e-04  1.03139221e-01  1.69204392e+09]
[-3.30932732e-04  1.01561030e-01  1.69204392e+09]
[-3.63811714e-04  1.00360947e-01  1.69204392e+09]
[-5.11767132e-04  1.00262310e-01  1.69204392e+09]
[-3.63811714e-04  1.00015718e-01  1.69204392e+09]
[-3.80251205e-04  9.99828391e-02  1.69204392e+09]
[-3.80251205e-04  9.94567754e-02  1.69204392e+09]
[-4.46009169e-04  9.85526034e-02  1.69204392e+09]
[-3.63811714e-04  9.82566926e-02  1.69204392e+09]
[-3.80251205e-04  9.55770556e-02  1.69204392e+09]
[-3.80251205e-04  8.69463232e-02  1.69204392e+09]
[-9.02742344e-03  7.05232722e-02  1.69204392e+09]
[-2.03213537e-02  4.46146351e-02  1.69204392e+09]
[-2.64697234e-02  3.22850171e-02  1.69204392e+09]
[-2.99055770e-02  2.33090551e-02  1.69204392e+09]
[-3.25194561e-02  1.88375136e-02  1.69204392e+09]
[-3.13358127e-02  1.71442461e-02  1.69204392e+09]
[-2.87548126e-02  1.86895582e-02  1.69204392e+09]
[-2.66341183e-02  1.98403225e-02  1.69204392e+09]
[-2.59107807e-02  2.22733672e-02  1.69204392e+09]
[-2.55491119e-02  2.40981507e-02  1.69204392e+09]
[-2.58943412e-02  2.40817112e-02  1.69204392e+09]
[-2.71108635e-02  2.46735328e-02  1.69204392e+09]
[-2.98891375e-02  3.61976158e-02  1.69204392e+09]
[-2.86890547e-02  6.20569346e-02  1.69204392e+09]
[-2.35270545e-02  7.68360366e-02  1.69204392e+09]
[-1.95486977e-02  8.27542531e-02  1.69204392e+09]
[-1.94665002e-02  7.92033232e-02  1.69204392e+09]
[-2.12912837e-02  7.61126990e-02  1.69204392e+09]
[-2.14885576e-02  7.30385143e-02  1.69204392e+09]
[-2.20146213e-02  6.64462786e-02  1.69204392e+09]
[-2.20639398e-02  5.20288454e-02  1.69204392e+09]
[-2.12255257e-02  3.75949726e-02  1.69204392e+09]
[-2.04035512e-02  2.81093864e-02  1.69204392e+09]
[-1.85130097e-02  2.10568449e-02  1.69204392e+09]
[-1.81677804e-02  1.87059977e-02  1.69204392e+09]
[-1.75430798e-02  2.09253289e-02  1.69204392e+09]
[-1.62772390e-02  3.66743611e-02  1.69204392e+09]
[-1.59977676e-02  5.92457817e-02  1.69204392e+09]
[-1.74773218e-02  6.44735397e-02  1.69204392e+09]
[-2.03213537e-02  6.57886990e-02  1.69204392e+09]
[-2.29187933e-02  6.70545397e-02  1.69204392e+09]
[-2.34777360e-02  6.80902276e-02  1.69204392e+09]
[-2.32311437e-02  6.35858072e-02  1.69204392e+09]
[-2.36914494e-02  5.15521001e-02  1.69204392e+09]
[-2.44312265e-02  4.29378070e-02  1.69204392e+09]
[-2.46613794e-02  3.73976987e-02  1.69204393e+09]
[-2.53518380e-02  3.48166986e-02  1.69204393e+09]
[-2.57463858e-02  3.55400362e-02  1.69204393e+09]
[-2.53847170e-02  3.82689917e-02  1.69204393e+09]
[-2.42997106e-02  4.70312402e-02  1.69204393e+09]
[-2.18337869e-02  5.67141002e-02  1.69204393e+09]
[-2.07816595e-02  5.79470620e-02  1.69204393e+09]
[-2.08145385e-02  5.37714314e-02  1.69204393e+09]
[-2.11433283e-02  4.26912147e-02  1.69204393e+09]
[-2.11433283e-02  3.59839025e-02  1.69204393e+09]
[-2.08145385e-02  3.88936923e-02  1.69204393e+09]
[-2.11268888e-02  5.17658135e-02  1.69204393e+09]
[-2.20968188e-02  5.98704824e-02  1.69204393e+09]
[-2.23598506e-02  5.71086480e-02  1.69204393e+09]
[-2.31982647e-02  4.89711001e-02  1.69204393e+09]
[-2.33133411e-02  4.14418134e-02  1.69204393e+09]
[-2.33626596e-02  3.88608133e-02  1.69204393e+09]
[-2.34777360e-02  3.85649025e-02  1.69204393e+09]
[-2.28365959e-02  3.73976987e-02  1.69204393e+09]
[-2.24749271e-02  3.61318579e-02  1.69204393e+09]
[-2.24584876e-02  3.54413993e-02  1.69204393e+09]
[-2.26393220e-02  3.52112464e-02  1.69204393e+09]
[-2.21132583e-02  3.48824566e-02  1.69204393e+09]
[-2.16200735e-02  3.39947241e-02  1.69204393e+09]
[-2.14721181e-02  3.25809279e-02  1.69204393e+09]
[-2.22118952e-02  3.04931126e-02  1.69204393e+09]
[-2.37078889e-02  2.55119469e-02  1.69204393e+09]
[-3.15824051e-02  2.35556475e-02  1.69204393e+09]
[-4.96658453e-02  2.17966220e-02  1.69204393e+09]
[-6.50860881e-02  1.91991824e-02  1.69204393e+09]
[-7.33222732e-02  1.68812142e-02  1.69204393e+09]
[-7.60347892e-02  1.00917045e-02  1.69204393e+09]
[-7.71033562e-02  9.89443060e-03  1.69204393e+09]
[-7.36510630e-02  1.04204943e-02  1.69204393e+09]
[-7.18755979e-02  1.06342077e-02  1.69204393e+09]
[-7.02480883e-02  1.06506472e-02  1.69204393e+09]
[-6.88507316e-02  1.09301185e-02  1.69204393e+09]
[-6.92288399e-02  1.01574624e-02  1.69204393e+09]
[-6.80123175e-02  1.07328446e-02  1.69204393e+09]
[-6.27352408e-02  1.17192141e-02  1.69204393e+09]
[-5.71129348e-02  1.64373479e-02  1.69204393e+09]
[-5.12440365e-02  2.96546985e-02  1.69204393e+09]
[-4.66081000e-02  5.10260364e-02  1.69204393e+09]
[-4.43065712e-02  7.27754824e-02  1.69204393e+09]
[-4.17913291e-02  7.85128646e-02  1.69204393e+09]
[-4.30078514e-02  7.64743678e-02  1.69204393e+09]
[-4.86137179e-02  7.44687500e-02  1.69204393e+09]
[-6.50532091e-02  7.85457436e-02  1.69204393e+09]
[-8.58984840e-02  8.39214570e-02  1.69204393e+09]
