HokinRight_Hand
Dev2/ai0 Dev2/ai1
[-3.20784364e-03  1.41165330e-03  1.69204374e+09]
[-3.65170990e-03  1.34589534e-03  1.69204374e+09]
[-3.81610481e-03  1.37877432e-03  1.69204374e+09]
[-5.90392016e-03  1.34589534e-03  1.69204374e+09]
[-5.85460168e-03  1.31301636e-03  1.69204374e+09]
[-4.76959528e-03  1.29657687e-03  1.69204374e+09]
[-2.79685637e-03  1.31301636e-03  1.69204374e+09]
[-1.31208567e-02  1.31301636e-03  1.69204374e+09]
[-5.56498201e-02  1.24725839e-03  1.69204374e+09]
[-1.37945914e-01  1.24725839e-03  1.69204374e+09]
[-1.95467695e-01  1.18150043e-03  1.69204374e+09]
[-2.16362289e-01  1.19793992e-03  1.69204374e+09]
[-2.11282486e-01  1.24725839e-03  1.69204374e+09]
[-2.04049110e-01  1.26369789e-03  1.69204374e+09]
[-1.85883471e-01  1.19793992e-03  1.69204374e+09]
[-1.76085534e-01  1.24725839e-03  1.69204374e+09]
[-1.69378222e-01  1.29657687e-03  1.69204374e+09]
[-1.71350961e-01  1.23081890e-03  1.69204374e+09]
[-1.73373018e-01  1.24725839e-03  1.69204374e+09]
[-1.73899082e-01  1.19793992e-03  1.69204374e+09]
[-1.61125597e-01  1.19793992e-03  1.69204374e+09]
[-1.45080653e-01  1.18150043e-03  1.69204374e+09]
[-1.39359710e-01  2.62817563e-03  1.69204374e+09]
[-1.39737818e-01  4.83792784e-02  1.69204374e+09]
[-1.36384162e-01  1.04454380e-01  1.69204374e+09]
[-1.43716175e-01  1.30428775e-01  1.69204374e+09]
[-1.59317253e-01  1.54298914e-01  1.69204374e+09]
[-1.67898667e-01  1.55137328e-01  1.69204374e+09]
[-1.81477688e-01  1.48808125e-01  1.69204374e+09]
[-1.92179797e-01  1.49482144e-01  1.69204374e+09]
[-1.97785663e-01  1.52819360e-01  1.69204374e+09]
[-2.05857454e-01  1.74174258e-01  1.69204374e+09]
[-2.09720734e-01  1.82624155e-01  1.69204374e+09]
[-2.03375091e-01  1.84169468e-01  1.69204374e+09]
[-1.96651338e-01  1.87424486e-01  1.69204374e+09]
[-2.01583186e-01  1.90827461e-01  1.69204374e+09]
[-2.02964103e-01  1.87851913e-01  1.69204374e+09]
[-1.99922797e-01  1.83068022e-01  1.69204374e+09]
[-1.95599211e-01  1.78941710e-01  1.69204374e+09]
[-1.96963689e-01  1.76426468e-01  1.69204374e+09]
[-2.03654562e-01  1.74683882e-01  1.69204374e+09]
[-2.07846632e-01  1.73171449e-01  1.69204374e+09]
[-2.09654976e-01  1.72924857e-01  1.69204374e+09]
[-2.09753613e-01  1.72645385e-01  1.69204374e+09]
[-1.99758402e-01  1.66480576e-01  1.69204374e+09]
[-1.76069095e-01  1.34555087e-01  1.69204374e+09]
[-1.47415061e-01  1.22159711e-01  1.69204374e+09]
[-1.28065779e-01  1.19052648e-01  1.69204374e+09]
[-1.22361276e-01  1.19841743e-01  1.69204374e+09]
[-1.15851237e-01  1.21732285e-01  1.69204374e+09]
[-1.04228517e-01  1.17885444e-01  1.69204374e+09]
[-9.26551149e-02  1.07955992e-01  1.69204374e+09]
[-9.07481340e-02  1.04848928e-01  1.69204374e+09]
[-8.62930318e-02  1.01297998e-01  1.69204374e+09]
[-7.97336748e-02  9.53469028e-02  1.69204374e+09]
[-7.22372668e-02  9.00205079e-02  1.69204374e+09]
[-6.88178526e-02  8.83929984e-02  1.69204374e+09]
[-6.72396614e-02  8.67819283e-02  1.69204374e+09]
[-6.60395786e-02  8.11103041e-02  1.69204374e+09]
[-6.52011645e-02  7.73621003e-02  1.69204374e+09]
[-6.94754322e-02  7.63921703e-02  1.69204374e+09]
[-7.59032733e-02  7.87923359e-02  1.69204374e+09]
[-8.22324774e-02  8.03540875e-02  1.69204374e+09]
[-9.40195927e-02  8.31488009e-02  1.69204374e+09]
[-1.07960281e-01  8.58119984e-02  1.69204374e+09]
[-1.30219353e-01  9.21247627e-02  1.69204374e+09]
[-1.43272309e-01  1.01051406e-01  1.69204374e+09]
[-1.49174087e-01  1.11704196e-01  1.69204374e+09]
[-1.54648437e-01  1.26088750e-01  1.69204374e+09]
[-1.63657279e-01  1.41591189e-01  1.69204374e+09]
[-1.67405483e-01  1.56271653e-01  1.69204374e+09]
[-1.65597139e-01  1.58030679e-01  1.69204374e+09]
[-1.67832910e-01  1.56649762e-01  1.69204374e+09]
[-1.76118413e-01  1.53312545e-01  1.69204374e+09]
[-1.82480497e-01  1.50139724e-01  1.69204374e+09]
[-1.84650509e-01  1.48314940e-01  1.69204374e+09]
[-1.89631675e-01  1.45898335e-01  1.69204374e+09]
[-1.92590784e-01  1.43251577e-01  1.69204374e+09]
[-1.96437625e-01  1.40456864e-01  1.69204374e+09]
[-2.03062740e-01  1.37842985e-01  1.69204374e+09]
[-2.00925606e-01  1.35525017e-01  1.69204374e+09]
[-2.01665383e-01  1.34505768e-01  1.69204374e+09]
[-2.03835396e-01  1.36182596e-01  1.69204374e+09]
[-1.97308918e-01  1.33585157e-01  1.69204374e+09]
[-1.92903134e-01  1.32089163e-01  1.69204374e+09]
[-1.90009784e-01  1.31152113e-01  1.69204374e+09]
[-1.91900325e-01  1.33157730e-01  1.69204374e+09]
[-1.91916765e-01  1.32796062e-01  1.69204374e+09]
[-1.87001357e-01  1.30921960e-01  1.69204374e+09]
[-1.86606809e-01  1.30264380e-01  1.69204374e+09]
[-1.90190618e-01  1.31316507e-01  1.69204374e+09]
[-1.93182606e-01  1.33963265e-01  1.69204374e+09]
[-1.88694624e-01  1.34242737e-01  1.69204374e+09]
[-1.77959636e-01  1.30034227e-01  1.69204374e+09]
[-1.69131629e-01  1.23803660e-01  1.69204374e+09]
[-1.69707012e-01  1.24362603e-01  1.69204374e+09]
[-1.69739891e-01  1.27634062e-01  1.69204374e+09]
[-1.69000113e-01  1.28373839e-01  1.69204374e+09]
[-1.60435138e-01  1.25266775e-01  1.69204374e+09]
[-1.51985240e-01  1.21863801e-01  1.69204374e+09]
[-1.44603908e-01  1.20565081e-01  1.69204374e+09]
