HokinRight_Hand
Dev2/ai0 Dev2/ai1
[-1.07598613e-01  4.91326486e-03  1.69204374e+09]
[-1.13220919e-01  4.81462792e-03  1.69204374e+09]
[-1.20076187e-01  4.81462792e-03  1.69204374e+09]
[-1.25271066e-01  4.78174894e-03  1.69204374e+09]
[-1.28147977e-01  4.69955148e-03  1.69204374e+09]
[-1.25073792e-01  4.63379352e-03  1.69204374e+09]
[-1.25303945e-01  4.65023301e-03  1.69204374e+09]
[-1.28147977e-01  4.65023301e-03  1.69204374e+09]
[-1.32455124e-01  4.60091454e-03  1.69204374e+09]
[-1.35956735e-01  4.53515657e-03  1.69204374e+09]
[-1.43255870e-01  4.55159606e-03  1.69204374e+09]
[-1.55980036e-01  4.50227759e-03  1.69204374e+09]
[-1.67947986e-01  4.74886995e-03  1.69204374e+09]
[-1.77334936e-01  5.14341774e-03  1.69204374e+09]
[-1.86491733e-01  5.20917570e-03  1.69204374e+09]
[-2.02092810e-01  4.96258334e-03  1.69204374e+09]
[-2.24335443e-01  4.60091454e-03  1.69204374e+09]
[-2.38950151e-01  4.56803555e-03  1.69204374e+09]
[-2.45147839e-01  4.51871708e-03  1.69204374e+09]
[-2.45558826e-01  4.51871708e-03  1.69204374e+09]
[-2.05824575e-01  4.76230619e-02  1.69204374e+09]
[-9.67321088e-02  1.46194246e-01  1.69204374e+09]
[-3.16152841e-02  2.00773352e-01  1.69204374e+09]
[-2.32295787e-04  2.16489504e-01  1.69204374e+09]
[-1.99416805e-04  2.23163937e-01  1.69204374e+09]
[-1.00779860e-04  2.15190784e-01  1.69204374e+09]
[-1.33658842e-04  2.05623001e-01  1.69204374e+09]
[-1.99416805e-04  1.88509493e-01  1.69204374e+09]
[-1.17219351e-04  1.60036296e-01  1.69204374e+09]
[-1.82977314e-04  1.33157730e-01  1.69204374e+09]
[-1.33658842e-04  1.04996884e-01  1.69204374e+09]
[-1.33658842e-04  5.27193040e-02  1.69204374e+09]
[-2.15856296e-04  1.78182652e-02  1.69204374e+09]
[-7.53278911e-02  3.72962152e-03  1.69204374e+09]
[-1.24580607e-01  3.76250050e-03  1.69204374e+09]
[-1.53333278e-01  3.84469796e-03  1.69204375e+09]
[-1.62259922e-01  3.89401643e-03  1.69204375e+09]
[-1.74573101e-01  3.95977439e-03  1.69204375e+09]
[-1.80376242e-01  3.86113745e-03  1.69204375e+09]
[-1.84354599e-01  3.86113745e-03  1.69204375e+09]
[-1.80047452e-01  3.86113745e-03  1.69204375e+09]
[-1.74030598e-01  3.92689541e-03  1.69204375e+09]
[-1.64610769e-01  3.86113745e-03  1.69204375e+09]
[-1.54155253e-01  3.86113745e-03  1.69204375e+09]
[-1.32192092e-01  6.22842413e-03  1.69204375e+09]
[-8.31202100e-02  1.16534561e-02  1.69204375e+09]
[-3.67608448e-02  9.54920129e-03  1.69204375e+09]
[-1.06713725e-02  7.65865984e-03  1.69204375e+09]
[-5.14613870e-05  8.95737962e-03  1.69204375e+09]
[-2.15856296e-04  1.99718385e-02  1.69204375e+09]
[-1.17219351e-04  4.56338835e-02  1.69204375e+09]
[-1.50098332e-04  6.65284760e-02  1.69204375e+09]
[-1.82977314e-04  7.64743678e-02  1.69204375e+09]
[-1.17219351e-04  7.70333105e-02  1.69204375e+09]
[-1.66537823e-04  7.45673869e-02  1.69204375e+09]
[-8.43403688e-05  7.32686671e-02  1.69204375e+09]
[-8.43403688e-05  7.15425206e-02  1.69204375e+09]
[-1.66537823e-04  6.44077818e-02  1.69204375e+09]
[-1.66537823e-04  4.36775841e-02  1.69204375e+09]
[-8.43403688e-05  8.94094013e-03  1.69204375e+09]
[-6.79008779e-05  4.73243046e-03  1.69204375e+09]
[-1.33658842e-04  4.55159606e-03  1.69204375e+09]
[-1.17219351e-04  4.42008014e-03  1.69204375e+09]
[-1.99416805e-04  4.40364065e-03  1.69204375e+09]
[-1.00779860e-04  4.32144319e-03  1.69204375e+09]
[-2.45162706e-03  4.30500370e-03  1.69204375e+09]
[-1.58033404e-03  4.25568523e-03  1.69204375e+09]
[-1.41593913e-03  4.27212472e-03  1.69204375e+09]
[-3.96406023e-03  4.28856421e-03  1.69204375e+09]
[-8.69863362e-03  4.28856421e-03  1.69204375e+09]
[-1.79376275e-02  4.22280625e-03  1.69204375e+09]
[-2.33626596e-02  4.20636676e-03  1.69204375e+09]
[-3.47387874e-02  4.18992726e-03  1.69204375e+09]
[-4.47668770e-02  4.22280625e-03  1.69204375e+09]
[-5.24441193e-02  4.22280625e-03  1.69204375e+09]
[-4.72985586e-02  4.20636676e-03  1.69204375e+09]
[-4.17584501e-02  4.18992726e-03  1.69204375e+09]
[-3.10070229e-02  4.15704828e-03  1.69204375e+09]
[-2.56148699e-02  4.05841134e-03  1.69204375e+09]
[-2.83273859e-02  4.14060879e-03  1.69204375e+09]
[-2.86726152e-02  4.14060879e-03  1.69204375e+09]
[-2.41846341e-02  4.14060879e-03  1.69204375e+09]
[-5.93679914e-03  4.14060879e-03  1.69204375e+09]
[-1.99416805e-04  4.10772981e-03  1.69204375e+09]
[-2.48735278e-04  4.17348777e-03  1.69204375e+09]
[-2.32295787e-04  4.12416930e-03  1.69204375e+09]
[-2.98053751e-04  4.14060879e-03  1.69204375e+09]
[-1.66537823e-04  4.09129032e-03  1.69204375e+09]
[-2.98053751e-04  4.10772981e-03  1.69204375e+09]
[-2.65174769e-04  4.04197185e-03  1.69204375e+09]
[-1.82977314e-04  4.07485083e-03  1.69204375e+09]
[-2.32295787e-04  4.05841134e-03  1.69204375e+09]
[-3.63811714e-04  4.05841134e-03  1.69204375e+09]
[-2.98053751e-04  4.00909286e-03  1.69204375e+09]
[-3.47372223e-04  4.09129032e-03  1.69204375e+09]
[-2.32295787e-04  4.07485083e-03  1.69204375e+09]
[-2.15856296e-04  4.07485083e-03  1.69204375e+09]
[-1.79404742e-03  4.02553236e-03  1.69204375e+09]
[-2.47764558e-02  4.09129032e-03  1.69204375e+09]
[-7.46374325e-02  4.04197185e-03  1.69204375e+09]
[-9.64526374e-02  4.04197185e-03  1.69204375e+09]
[-9.47922488e-02  3.95977439e-03  1.69204375e+09]
[-8.74109172e-02  4.10772981e-03  1.69204375e+09]
[-7.90432161e-02  4.07485083e-03  1.69204375e+09]
[-5.38085971e-02  4.02553236e-03  1.69204375e+09]
[-2.44312265e-02  4.00909286e-03  1.69204375e+09]
[-8.33696482e-03  3.94333490e-03  1.69204375e+09]
