HokinRight_Hand
Dev2/ai0 Dev2/ai1
[-7.86979868e-02  3.48302916e-03  1.69204375e+09]
[-8.23639934e-02  2.87476799e-03  1.69204375e+09]
[-8.43860508e-02  2.13499090e-03  1.69204375e+09]
[-8.65067452e-02  1.41165330e-03  1.69204375e+09]
[-8.94165352e-02  9.51347558e-04  1.69204375e+09]
[-9.24578411e-02  7.86952649e-04  1.69204375e+09]
[-9.48744463e-02  5.40360286e-04  1.69204375e+09]
[-9.77349178e-02  4.91041813e-04  1.69204375e+09]
[-1.10623479e-01  5.23920795e-04  1.69204375e+09]
[-1.30876933e-01  5.40360286e-04  1.69204375e+09]
[-1.32340047e-01  1.29192969e-02  1.69204375e+09]
[-1.01318727e-01  9.36043168e-02  1.69204375e+09]
[-5.82308202e-02  1.17786807e-01  1.69204375e+09]
[-2.25900035e-02  1.30987718e-01  1.69204375e+09]
[-1.99416805e-04  1.34505768e-01  1.69204375e+09]
[-1.33658842e-04  1.29738316e-01  1.69204375e+09]
[-1.17219351e-04  1.30034227e-01  1.69204375e+09]
[-6.79008779e-05  1.40210272e-01  1.69204375e+09]
[-8.43403688e-05  1.42824150e-01  1.69204375e+09]
[-1.17219351e-04  1.35245546e-01  1.69204375e+09]
[-1.00779860e-04  1.24707832e-01  1.69204375e+09]
[-1.50098332e-04  1.17047030e-01  1.69204375e+09]
[-8.43403688e-05  1.03599527e-01  1.69204375e+09]
[-5.14613870e-05  9.88320747e-02  1.69204375e+09]
[-6.79008779e-05  9.17795334e-02  1.69204375e+09]
[-5.14613870e-05  8.54667691e-02  1.69204375e+09]
[-5.14613870e-05  8.72751130e-02  1.69204375e+09]
[-5.14613870e-05  9.12534697e-02  1.69204375e+09]
[-5.14613870e-05  9.30782531e-02  1.69204375e+09]
[-1.50098332e-04  9.37029537e-02  1.69204375e+09]
[-8.43403688e-05  9.08424824e-02  1.69204375e+09]
[-8.43403688e-05  8.41844888e-02  1.69204375e+09]
[-6.79008779e-05  6.48516480e-02  1.69204375e+09]
[-1.24797165e-02  4.80011702e-02  1.69204375e+09]
[-2.53189590e-02  3.15781190e-02  1.69204375e+09]
[-3.36044625e-02  2.21254118e-02  1.69204375e+09]
[-4.23502718e-02  1.17520931e-02  1.69204375e+09]
[-4.69204503e-02  6.91888275e-03  1.69204375e+09]
[-5.20495715e-02  6.65585090e-03  1.69204375e+09]
[-5.46634506e-02  6.57365344e-03  1.69204375e+09]
[-5.84609731e-02  6.47501650e-03  1.69204375e+09]
[-6.58751836e-02  6.35994006e-03  1.69204375e+09]
[-7.38976554e-02  6.31062159e-03  1.69204375e+09]
[-8.16242163e-02  6.24486362e-03  1.69204375e+09]
[-8.07858022e-02  6.16266617e-03  1.69204375e+09]
[-7.90267766e-02  6.12978719e-03  1.69204375e+09]
[-7.67910058e-02  6.16266617e-03  1.69204375e+09]
[-6.63354894e-02  6.09690821e-03  1.69204375e+09]
[-4.14789787e-02  6.06402922e-03  1.69204375e+09]
[-1.73622454e-02  6.08046872e-03  1.69204375e+09]
[-1.31730219e-03  6.04758973e-03  1.69204375e+09]
[-4.46009169e-04  5.99827126e-03  1.69204375e+09]
[-4.46009169e-04  5.99827126e-03  1.69204375e+09]
[-3.30932732e-04  1.91498639e-02  1.69204375e+09]
[-1.66537823e-04  3.64770872e-02  1.69204375e+09]
[-2.15856296e-04  4.56503230e-02  1.69204375e+09]
[-1.66537823e-04  4.49927434e-02  1.69204375e+09]
[-1.17219351e-04  3.45372273e-02  1.69204375e+09]
[-1.50098332e-04  8.89162165e-03  1.69204375e+09]
[-2.15856296e-04  5.25849417e-03  1.69204375e+09]
[-1.66537823e-04  5.34069163e-03  1.69204375e+09]
[-2.48735278e-04  5.37357061e-03  1.69204375e+09]
[-2.65174769e-04  5.37357061e-03  1.69204375e+09]
[-1.99416805e-04  5.37357061e-03  1.69204375e+09]
[-1.66537823e-04  5.37357061e-03  1.69204375e+09]
[-1.66537823e-04  5.30781264e-03  1.69204375e+09]
[-2.65174769e-04  5.35713112e-03  1.69204375e+09]
[-3.41140867e-02  5.32425214e-03  1.69204375e+09]
[-5.22304059e-02  5.29137315e-03  1.69204375e+09]
[-6.77986041e-02  5.34069163e-03  1.69204375e+09]
[-7.31743178e-02  5.32425214e-03  1.69204375e+09]
[-7.38976554e-02  5.27493366e-03  1.69204375e+09]
[-7.12673368e-02  5.25849417e-03  1.69204375e+09]
[-5.99734063e-02  5.30781264e-03  1.69204375e+09]
[-4.37476285e-02  5.20917570e-03  1.69204375e+09]
[-3.50182587e-02  5.93251330e-03  1.69204375e+09]
[-1.98446085e-02  6.04758973e-03  1.69204375e+09]
[-4.06269717e-03  5.27493366e-03  1.69204375e+09]
[-3.63811714e-04  5.30781264e-03  1.69204375e+09]
[-3.47372223e-04  5.25849417e-03  1.69204375e+09]
[-3.14493242e-04  5.25849417e-03  1.69204375e+09]
[-4.46009169e-04  5.24205468e-03  1.69204375e+09]
[-4.13130187e-04  5.27493366e-03  1.69204375e+09]
[-2.98053751e-04  5.24205468e-03  1.69204375e+09]
[-4.13130187e-04  5.25849417e-03  1.69204375e+09]
[-4.13130187e-04  5.25849417e-03  1.69204375e+09]
[-4.46009169e-04  5.40644959e-03  1.69204375e+09]
[-8.89875423e-04  7.37918849e-03  1.69204375e+09]
[-1.97488182e-03  4.60091454e-03  1.69204375e+09]
[-5.29565899e-03  5.29137315e-03  1.69204375e+09]
[-9.56992664e-03  6.73804835e-03  1.69204375e+09]
[-1.48141243e-02  8.34911846e-03  1.69204375e+09]
[-3.54621250e-02  8.80942420e-03  1.69204375e+09]
[-5.06686543e-02  7.97101017e-03  1.69204375e+09]
