HokinRight_Hand
Dev2/ai0 Dev2/ai1
[-9.67156693e-02  4.20636676e-03  1.69204376e+09]
[-9.78499942e-02  4.00909286e-03  1.69204376e+09]
[-9.68965037e-02  3.72962152e-03  1.69204376e+09]
[-9.57950578e-02  3.54878712e-03  1.69204376e+09]
[-9.40689112e-02  3.26931577e-03  1.69204376e+09]
[-8.71643248e-02  3.18711832e-03  1.69204376e+09]
[-8.08844392e-02  3.69674254e-03  1.69204376e+09]
[-5.92500687e-02  1.19000485e-02  1.69204376e+09]
[-1.91705894e-02  6.13171575e-02  1.69204376e+09]
[-1.33658842e-04  9.85526034e-02  1.69204376e+09]
[-5.14613870e-05  1.10126005e-01  1.69204376e+09]
[-1.17219351e-04  1.04536578e-01  1.69204376e+09]
[-1.00779860e-04  9.85526034e-02  1.69204376e+09]
[-6.79008779e-05  9.43276544e-02  1.69204376e+09]
[-1.00779860e-04  9.36207563e-02  1.69204376e+09]
[-5.14613870e-05  1.09205393e-01  1.69204376e+09]
[-8.43403688e-05  1.21074705e-01  1.69204376e+09]
[-8.43403688e-05  1.33683794e-01  1.69204376e+09]
[-8.43403688e-05  1.40999367e-01  1.69204376e+09]
[-1.00779860e-04  1.42462482e-01  1.69204376e+09]
[-6.79008779e-05  1.48035469e-01  1.69204376e+09]
[-1.85824052e-05  1.56748398e-01  1.69204376e+09]
[-8.43403688e-05  1.67466946e-01  1.69204376e+09]
[-3.37223855e-03  1.66217545e-01  1.69204376e+09]
[-3.47087550e-03  1.69045137e-01  1.69204376e+09]
[-2.99413026e-03  1.69225971e-01  1.69204376e+09]
[-4.78603477e-03  1.70261659e-01  1.69204376e+09]
[-7.10400299e-03  1.69916430e-01  1.69204376e+09]
[-5.11482459e-03  1.67812175e-01  1.69204376e+09]
[-2.53382452e-03  1.61696685e-01  1.69204376e+09]
[-2.61602197e-03  1.42051494e-01  1.69204376e+09]
[-7.56430874e-03  8.40858519e-02  1.69204376e+09]
[-1.84801307e-02  4.94971638e-02  1.69204376e+09]
[-4.52107432e-02  2.54461889e-02  1.69204376e+09]
[-7.14317317e-02  1.90019085e-02  1.69204376e+09]
[-9.58114973e-02  1.38563479e-02  1.69204376e+09]
[-1.06727320e-01  1.09136790e-02  1.69204376e+09]
[-1.13549708e-01  1.00423860e-02  1.69204376e+09]
[-1.14042893e-01  9.73003569e-03  1.69204376e+09]
[-1.17725339e-01  9.53276180e-03  1.69204376e+09]
[-1.16147148e-01  9.23685096e-03  1.69204376e+09]
[-1.13500390e-01  9.12177453e-03  1.69204376e+09]
[-1.10672798e-01  9.08889554e-03  1.69204376e+09]
[-1.05329963e-01  9.02313758e-03  1.69204376e+09]
[-1.02387294e-01  8.97381911e-03  1.69204376e+09]
[-1.02272217e-01  8.85874267e-03  1.69204376e+09]
[-1.01565319e-01  8.82586369e-03  1.69204376e+09]
[-1.02337975e-01  8.74366624e-03  1.69204376e+09]
[-1.04031243e-01  8.79298471e-03  1.69204376e+09]
[-1.05921784e-01  8.64502929e-03  1.69204376e+09]
[-1.06283453e-01  8.64502929e-03  1.69204376e+09]
[-1.06267014e-01  8.64502929e-03  1.69204376e+09]
[-1.05362842e-01  8.52995285e-03  1.69204376e+09]
[-1.05708071e-01  8.61215031e-03  1.69204376e+09]
[-1.04507988e-01  8.56283184e-03  1.69204376e+09]
[-9.92966695e-02  8.56283184e-03  1.69204376e+09]
[-8.99261594e-02  8.49707387e-03  1.69204376e+09]
[-5.89705973e-02  8.43131591e-03  1.69204376e+09]
[-2.36750099e-02  5.16671766e-02  1.69204376e+09]
[-2.46806655e-03  6.88957627e-02  1.69204376e+09]
[-1.85824052e-05  7.62770939e-02  1.69204376e+09]
[-1.17219351e-04  8.56476035e-02  1.69204376e+09]
[-1.66537823e-04  9.28316608e-02  1.69204376e+09]
[-1.50098332e-04  9.68100174e-02  1.69204376e+09]
[-1.85824052e-05  9.62346353e-02  1.69204376e+09]
[-1.17219351e-04  9.50016735e-02  1.69204376e+09]
[-1.00779860e-04  9.38509092e-02  1.69204376e+09]
[-1.66537823e-04  9.32590875e-02  1.69204376e+09]
[-1.00779860e-04  9.15493805e-02  1.69204376e+09]
[-1.17219351e-04  9.09739983e-02  1.69204376e+09]
[-1.00779860e-04  8.96423996e-02  1.69204376e+09]
[-1.66537823e-04  8.46119156e-02  1.69204376e+09]
[-1.66537823e-04  7.30549538e-02  1.69204376e+09]
[-1.00779860e-04  4.84121574e-02  1.69204376e+09]
[-1.50098332e-04  1.55167365e-02  1.69204376e+09]
[-1.00779860e-04  1.03054179e-02  1.69204376e+09]
[-1.66537823e-04  9.58208027e-03  1.69204376e+09]
[-2.40859972e-02  9.15465351e-03  1.69204376e+09]
[-4.47668770e-02  8.95737962e-03  1.69204376e+09]
[-5.81486228e-02  8.74366624e-03  1.69204376e+09]
[-6.20283427e-02  8.66146878e-03  1.69204376e+09]
[-6.17817503e-02  8.49707387e-03  1.69204376e+09]
[-6.19790242e-02  8.43131591e-03  1.69204376e+09]
[-5.94473426e-02  8.33267896e-03  1.69204376e+09]
[-5.86418075e-02  8.31623947e-03  1.69204376e+09]
[-5.63895972e-02  8.20116304e-03  1.69204376e+09]
[-5.56826991e-02  8.15184456e-03  1.69204376e+09]
[-4.98959982e-02  8.11896558e-03  1.69204376e+09]
[-2.92644369e-02  8.06964711e-03  1.69204376e+09]
[-1.63101179e-02  7.95457067e-03  1.69204376e+09]
[-3.24072262e-03  7.98744966e-03  1.69204376e+09]
[-1.25154422e-03  7.92169169e-03  1.69204376e+09]
[-6.18339150e-03  7.90525220e-03  1.69204376e+09]
[-3.27167300e-02  7.92169169e-03  1.69204376e+09]
[-6.58916231e-02  7.97101017e-03  1.69204376e+09]
[-8.34325603e-02  7.80661526e-03  1.69204376e+09]
[-8.87589555e-02  7.83949424e-03  1.69204376e+09]
[-9.00905543e-02  7.83949424e-03  1.69204376e+09]
[-9.07481340e-02  7.83949424e-03  1.69204376e+09]
[-9.09125289e-02  7.77373627e-03  1.69204376e+09]
[-8.89562294e-02  7.79017577e-03  1.69204376e+09]
[-8.05227704e-02  7.80661526e-03  1.69204376e+09]
[-5.80335463e-02  7.74085729e-03  1.69204376e+09]
[-2.61244941e-02  7.79017577e-03  1.69204376e+09]
[-6.26843569e-04  7.70797831e-03  1.69204376e+09]
[-3.47372223e-04  7.69153882e-03  1.69204376e+09]
[-3.47372223e-04  1.92978193e-02  1.69204376e+09]
[-2.32295787e-04  3.56386732e-02  1.69204376e+09]
[-3.96690696e-04  4.27405331e-02  1.69204376e+09]
[-3.30932732e-04  4.44502402e-02  1.69204376e+09]
[-3.47372223e-04  4.14582529e-02  1.69204376e+09]
[-2.81614260e-04  3.40111636e-02  1.69204376e+09]
[-3.96690696e-04  2.13363162e-02  1.69204376e+09]
