HokinRight_Hand
Dev2/ai0 Dev2/ai1
[-3.89472971e-02  7.54358340e-03  1.69204376e+09]
[-3.17468000e-02  2.17637430e-02  1.69204376e+09]
[-2.36421309e-02  3.32878260e-02  1.69204376e+09]
[-1.19700923e-02  4.14746924e-02  1.69204376e+09]
[-3.19140415e-03  4.95793613e-02  1.69204376e+09]
[-4.29569678e-04  5.64675078e-02  1.69204376e+09]
[-2.32295787e-04  6.94711448e-02  1.69204376e+09]
[-1.99416805e-04  8.50393423e-02  1.69204376e+09]
[-1.99416805e-04  9.58565270e-02  1.69204376e+09]
[-2.32295787e-04  1.05424310e-01  1.69204376e+09]
[-1.66537823e-04  1.12690565e-01  1.69204376e+09]
[-1.99416805e-04  1.20252731e-01  1.69204376e+09]
[-1.66537823e-04  1.26401100e-01  1.69204376e+09]
[-1.66537823e-04  1.28998539e-01  1.69204376e+09]
[-2.15856296e-04  1.29343769e-01  1.69204376e+09]
[-2.32295787e-04  1.27551864e-01  1.69204376e+09]
[-2.65174769e-04  1.26335342e-01  1.69204376e+09]
[-4.46009169e-04  1.23787221e-01  1.69204376e+09]
[-7.58359496e-04  1.22126832e-01  1.69204376e+09]
[-3.14493242e-04  1.21518571e-01  1.69204376e+09]
[-2.48735278e-04  1.21304858e-01  1.69204376e+09]
[-2.81614260e-04  1.20811673e-01  1.69204376e+09]
[-2.98053751e-04  1.19545832e-01  1.69204376e+09]
[-5.93964587e-04  1.16356571e-01  1.69204376e+09]
[-4.44080546e-03  1.01330877e-01  1.69204376e+09]
[-2.09131754e-02  7.04903933e-02  1.69204376e+09]
[-4.13145838e-02  4.13102975e-02  1.69204376e+09]
[-5.87240050e-02  1.75716728e-02  1.69204376e+09]
[-7.30428018e-02  1.01410230e-02  1.69204376e+09]
[-8.07200442e-02  9.79579365e-03  1.69204377e+09]
[-8.43367323e-02  9.66427772e-03  1.69204377e+09]
[-8.49943120e-02  9.56564078e-03  1.69204377e+09]
[-8.80191784e-02  9.48344332e-03  1.69204377e+09]
[-8.88904714e-02  9.41768536e-03  1.69204377e+09]
[-8.98768409e-02  9.41768536e-03  1.69204377e+09]
[-9.11262423e-02  9.35192740e-03  1.69204377e+09]
[-9.24907200e-02  9.31904842e-03  1.69204377e+09]
[-9.08960894e-02  9.23685096e-03  1.69204377e+09]
[-8.30380125e-02  9.13821402e-03  1.69204377e+09]
[-6.87027761e-02  9.17109300e-03  1.69204377e+09]
[-4.59669598e-02  9.31904842e-03  1.69204377e+09]
[-2.32640226e-02  9.77935416e-03  1.69204377e+09]
[-8.40272278e-03  1.83114499e-02  1.69204377e+09]
[-3.33935957e-03  3.12493291e-02  1.69204377e+09]
[-1.36662066e-03  3.95348325e-02  1.69204377e+09]
[-1.31730219e-03  4.13267369e-02  1.69204377e+09]
[-4.88467172e-03  3.88279344e-02  1.69204377e+09]
[-1.08357674e-02  3.64935267e-02  1.69204377e+09]
[-3.07933095e-02  3.46523037e-02  1.69204377e+09]
[-5.93980241e-02  2.93916667e-02  1.69204377e+09]
[-6.35407759e-02  2.53311125e-02  1.69204377e+09]
[-6.13543236e-02  2.27994309e-02  1.69204377e+09]
[-6.10748522e-02  2.16815455e-02  1.69204377e+09]
[-5.63731577e-02  2.13856347e-02  1.69204377e+09]
[-4.74629535e-02  2.13363162e-02  1.69204377e+09]
[-4.45860426e-02  2.08266920e-02  1.69204377e+09]
[-4.43065712e-02  2.09088894e-02  1.69204377e+09]
[-4.54244566e-02  2.08760105e-02  1.69204377e+09]
[-4.86630364e-02  2.03335073e-02  1.69204377e+09]
[-4.47997559e-02  2.41639086e-02  1.69204377e+09]
[-2.61738125e-02  3.94033165e-02  1.69204377e+09]
[-1.21673662e-02  5.97718454e-02  1.69204377e+09]
[-2.73109841e-03  6.69723423e-02  1.69204377e+09]
[-8.24117460e-04  6.67750684e-02  1.69204377e+09]
[-7.41920005e-04  6.44735397e-02  1.69204377e+09]
[-6.59722551e-04  6.43420238e-02  1.69204377e+09]
[-6.76162042e-04  6.32405779e-02  1.69204377e+09]
[-6.59722551e-04  6.39967945e-02  1.69204377e+09]
[-7.58359496e-04  6.52297563e-02  1.69204377e+09]
[-7.25480514e-04  6.69887818e-02  1.69204377e+09]
[-6.43283060e-04  6.62818837e-02  1.69204377e+09]
[-7.09041023e-04  6.23199665e-02  1.69204377e+09]
[-6.92601532e-04  5.27028645e-02  1.69204377e+09]
[-7.09041023e-04  3.97649853e-02  1.69204377e+09]
[-7.25480514e-04  2.31446602e-02  1.69204377e+09]
[-7.09041023e-04  7.09971715e-03  1.69204377e+09]
[-1.62965251e-03  6.70516937e-03  1.69204377e+09]
[-1.53730669e-02  6.54077446e-03  1.69204377e+09]
[-2.76698062e-02  6.39281904e-03  1.69204377e+09]
[-3.54456855e-02  6.32706108e-03  1.69204377e+09]
[-4.20050425e-02  6.26130311e-03  1.69204377e+09]
[-4.40764183e-02  6.22842413e-03  1.69204377e+09]
[-4.10844310e-02  6.17910566e-03  1.69204377e+09]
[-3.07933095e-02  6.09690821e-03  1.69204377e+09]
[-2.23598506e-02  6.06402922e-03  1.69204377e+09]
[-1.60964046e-02  6.09690821e-03  1.69204377e+09]
