HokinRight_Hand
Dev2/ai0 Dev2/ai1
[-1.92692263e-02  5.73523941e-03  1.69204377e+09]
[-2.38558443e-02  5.76811839e-03  1.69204377e+09]
[-3.23879402e-02  5.80099737e-03  1.69204377e+09]
[-4.12652654e-02  5.85031584e-03  1.69204377e+09]
[-5.59786099e-02  5.78455788e-03  1.69204377e+09]
[-6.72396614e-02  5.68592093e-03  1.69204377e+09]
[-7.66594899e-02  5.85031584e-03  1.69204377e+09]
[-8.54874967e-02  5.76811839e-03  1.69204377e+09]
[-9.22441277e-02  5.76811839e-03  1.69204377e+09]
[-9.65841534e-02  5.78455788e-03  1.69204377e+09]
[-9.99378096e-02  5.76811839e-03  1.69204377e+09]
[-1.01121453e-01  5.81743686e-03  1.69204377e+09]
[-1.03653135e-01  5.80099737e-03  1.69204377e+09]
[-1.05214886e-01  5.76811839e-03  1.69204377e+09]
[-1.06497167e-01  5.76811839e-03  1.69204377e+09]
[-1.07006791e-01  5.75167890e-03  1.69204377e+09]
[-1.07910963e-01  5.75167890e-03  1.69204377e+09]
[-1.09653549e-01  5.75167890e-03  1.69204377e+09]
[-1.09406957e-01  5.75167890e-03  1.69204377e+09]
[-1.07795887e-01  5.80099737e-03  1.69204377e+09]
[-1.05921784e-01  5.78455788e-03  1.69204377e+09]
[-1.04540867e-01  5.78455788e-03  1.69204377e+09]
[-1.04014803e-01  5.66948144e-03  1.69204377e+09]
[-1.02979116e-01  5.76811839e-03  1.69204377e+09]
[-1.04097001e-01  5.75167890e-03  1.69204377e+09]
[-1.03866848e-01  5.75167890e-03  1.69204377e+09]
[-1.02370854e-01  5.73523941e-03  1.69204377e+09]
[-9.83103000e-02  5.78455788e-03  1.69204377e+09]
[-8.95644906e-02  5.75167890e-03  1.69204377e+09]
[-7.53114516e-02  7.08327766e-03  1.69204377e+09]
[-5.50744379e-02  1.59934817e-02  1.69204377e+09]
[-3.83225964e-02  3.05095521e-02  1.69204377e+09]
[-2.43983475e-02  3.85813420e-02  1.69204377e+09]
[-1.28085064e-02  4.55023676e-02  1.69204377e+09]
[-2.66534044e-03  5.33440046e-02  1.69204377e+09]
[-3.96690696e-04  5.86703996e-02  1.69204377e+09]
[-3.30932732e-04  6.20733741e-02  1.69204377e+09]
[-3.80251205e-04  6.24186034e-02  1.69204377e+09]
[-3.80251205e-04  6.31912595e-02  1.69204377e+09]
[-4.62448660e-04  6.32076990e-02  1.69204377e+09]
[-2.96125128e-03  6.17939028e-02  1.69204377e+09]
[-6.75877368e-03  6.00513168e-02  1.69204377e+09]
[-8.83014954e-03  5.77826671e-02  1.69204377e+09]
[-7.33415587e-03  5.69278136e-02  1.69204377e+09]
[-5.67376728e-03  5.53660619e-02  1.69204377e+09]
[-3.75034684e-03  4.86916288e-02  1.69204377e+09]
[-3.10920670e-03  3.67894375e-02  1.69204377e+09]
[-1.38606338e-02  2.05307812e-02  1.69204377e+09]
[-3.88815391e-02  1.36919530e-02  1.69204377e+09]
[-5.56005016e-02  1.10945134e-02  1.69204377e+09]
[-6.56450308e-02  9.63139874e-03  1.69204377e+09]
[-6.83575468e-02  9.08889554e-03  1.69204377e+09]
[-7.31578783e-02  9.51632231e-03  1.69204377e+09]
[-7.48675854e-02  9.71359620e-03  1.69204377e+09]
[-7.73170696e-02  9.53276180e-03  1.69204377e+09]
[-7.78595728e-02  9.74647518e-03  1.69204377e+09]
[-7.61005472e-02  1.02560994e-02  1.69204377e+09]
[-7.31578783e-02  1.11602714e-02  1.69204377e+09]
[-7.21550693e-02  1.19658064e-02  1.69204377e+09]
[-7.33715916e-02  1.23439147e-02  1.69204377e+09]
[-7.37003815e-02  1.23767937e-02  1.69204377e+09]
[-7.38154579e-02  1.24425517e-02  1.69204377e+09]
[-7.30428018e-02  1.21302014e-02  1.69204377e+09]
[-6.97220246e-02  1.25740676e-02  1.69204377e+09]
[-6.14036420e-02  1.31330103e-02  1.69204377e+09]
[-5.08166097e-02  1.47276409e-02  1.69204377e+09]
[-4.21036794e-02  2.22898067e-02  1.69204377e+09]
[-3.55936409e-02  3.75292146e-02  1.69204377e+09]
[-3.12700548e-02  5.67798581e-02  1.69204377e+09]
[-2.86890547e-02  6.65449155e-02  1.69204377e+09]
[-2.76369272e-02  7.24302531e-02  1.69204377e+09]
[-2.78177617e-02  7.38276098e-02  1.69204377e+09]
[-2.83602649e-02  8.87382277e-02  1.69204377e+09]
[-2.75876088e-02  8.90176990e-02  1.69204377e+09]
[-2.70615451e-02  8.74723869e-02  1.69204377e+09]
[-2.68478317e-02  8.40036544e-02  1.69204377e+09]
[-2.74396534e-02  7.71319474e-02  1.69204377e+09]
[-2.92479974e-02  6.06924569e-02  1.69204377e+09]
[-3.02343668e-02  4.82970810e-02  1.69204377e+09]
[-3.20591503e-02  4.06855968e-02  1.69204377e+09]
[-3.59553097e-02  3.68551955e-02  1.69204377e+09]
[-4.45531636e-02  3.45536668e-02  1.69204377e+09]
[-5.81321833e-02  3.27782018e-02  1.69204377e+09]
[-7.00836934e-02  3.00328068e-02  1.69204377e+09]
[-7.75307829e-02  2.83066603e-02  1.69204377e+09]
[-7.90267766e-02  2.71887749e-02  1.69204377e+09]
[-7.71691141e-02  2.59886921e-02  1.69204377e+09]
[-7.47031904e-02  2.57420997e-02  1.69204377e+09]
[-7.49662223e-02  2.61366475e-02  1.69204377e+09]
[-7.57553179e-02  2.60708896e-02  1.69204377e+09]
[-7.61991841e-02  2.61366475e-02  1.69204377e+09]
[-7.58210758e-02  2.61366475e-02  1.69204377e+09]
[-7.49662223e-02  2.60215711e-02  1.69204377e+09]
[-7.48840248e-02  2.60544501e-02  1.69204377e+09]
[-7.58868338e-02  2.62024055e-02  1.69204377e+09]
[-7.40127318e-02  2.62024055e-02  1.69204377e+09]
[-7.03467253e-02  2.64818768e-02  1.69204377e+09]
[-6.31626676e-02  3.05259915e-02  1.69204377e+09]
[-5.22304059e-02  4.50585013e-02  1.69204377e+09]
[-4.46682400e-02  6.70709792e-02  1.69204377e+09]
[-3.99336666e-02  7.84635461e-02  1.69204377e+09]
[-3.47059084e-02  8.82779219e-02  1.69204377e+09]
[-2.89356470e-02  9.07931640e-02  1.69204377e+09]
[-2.42997106e-02  9.02342213e-02  1.69204377e+09]
[-2.20968188e-02  9.07602850e-02  1.69204377e+09]
[-2.18173474e-02  8.82121640e-02  1.69204377e+09]
[-2.31325067e-02  8.71764761e-02  1.69204377e+09]
[-2.35763730e-02  8.31488009e-02  1.69204377e+09]
[-2.38394048e-02  7.33015461e-02  1.69204377e+09]
[-2.43325896e-02  5.95745715e-02  1.69204377e+09]
[-2.44147870e-02  4.81326861e-02  1.69204377e+09]
[-2.39873602e-02  3.95677114e-02  1.69204377e+09]
[-2.41353157e-02  3.52770044e-02  1.69204378e+09]
[-2.49244112e-02  3.42906349e-02  1.69204378e+09]
[-3.19276344e-02  3.22356986e-02  1.69204378e+09]
[-3.85363098e-02  2.41639086e-02  1.69204378e+09]
[-4.66245395e-02  1.84922843e-02  1.69204378e+09]
[-4.52600617e-02  1.66181823e-02  1.69204378e+09]
[-4.51285458e-02  1.43824116e-02  1.69204378e+09]
[-4.72328006e-02  1.41029403e-02  1.69204378e+09]
[-4.86465969e-02  1.50235517e-02  1.69204378e+09]
[-4.70026478e-02  1.85251633e-02  1.69204378e+09]
[-4.51943037e-02  2.33912526e-02  1.69204378e+09]
