Hokin_Second_Time_Right_Hand
Dev2/ai0 Dev2/ai1
[-0.06829178885525025, -0.004654518844523947, -0.768312520571694, -0.01845842852163085, -0.01845842852163085, 0, 1692985106.978306]
[-0.13699242334177392, -0.005410735427403221, -0.8091796647465843, -0.04086714417489029, -0.022408715653259442, 0, 1692985107.0245245]
[-0.16584373104150382, -0.005377856445531853, -0.8676510644670694, -0.05847139972048512, -0.017604255545594832, 0, 1692985107.074464]
[-0.16298325950114098, -0.005328537972726519, -0.9411194754628429, -0.07346841099577345, -0.014997011275288324, 0, 1692985107.1245055]
[-0.13978713690001437, -0.005279219499921184, -1.0288053589141857, -0.08768588345134265, -0.01421747245556921, 0, 1692985107.1745403]
[-0.08144338186854401, 0.08041984549724397, -1.1313721164047972, -0.10256675749061148, -0.01488087403926883, 0, 1692985107.2266345]
[-0.031648163067953025, 0.15277004189641324, -1.2412936250085158, -0.10992150860371856, -0.007354751113107089, 0, 1692985107.276646]
[-0.009931595438030055, 0.23626620981720342, -1.3506855818813264, -0.10939195687281056, 0.000529551730907998, 0, 1692985107.3253412]
[-0.0006432830597623548, 0.3056408535316911, -1.4466837116496931, -0.09599812976836665, 0.013393827104443904, 0, 1692985107.375344]
[-8.434036884034379e-05, 0.34670669591018494, -1.5173748064044124, -0.0706910947547192, 0.025307035013647446, 0, 1692985107.4260316]
[-8.434036884207991e-05, 0.3828571304117466, -1.5556767348542657, -0.03830192844985343, 0.03238916630486577, 0, 1692985107.4770343]
[-0.00011721935065653333, 0.3889561804493251, -1.5565855188183912, -0.0009087839641255951, 0.037393144485727836, 0, 1692985107.5273514]
[-1.858240521317167e-05, 0.39595940229677773, -1.5226293170125729, 0.03395620180581849, 0.03486498576994408, 0, 1692985107.5749612]
[-0.00013365884156462808, 0.3944469694120777, -1.4572859402568137, 0.06534337675575924, 0.03138717494994075, 0, 1692985107.6259751]
[-1.858240521230292e-05, 0.3915700590296126, -1.3663766477545456, 0.09090929250226804, 0.0255659157465088, 0, 1692985107.676987]
[1.429657660128314e-05, 0.3892027727683842, -1.2560398764848726, 0.11033677126967308, 0.01942747876740504, 0, 1692985107.7269795]
[-0.00010077985974930592, 0.3868026075278015, -1.1318630120461006, 0.1241768644387719, 0.013840093169098823, 0, 1692985107.774889]
[-3.502189611866158e-05, 0.38362978634821243, -0.9986691137918329, 0.1331938982542677, 0.009017033815495795, 0, 1692985107.8245707]
[-8.434036884121115e-05, 0.3787801373831862, -0.8604566060723088, 0.13821250771952406, 0.005018609465256373, 0, 1692985107.8776033]
[-6.79008779331164e-05, 0.3655956679220712, -0.7204016384826577, 0.14005496758965102, 0.0018424598701269725, 0, 1692985107.9265172]
[-8.434036884034379e-05, 0.2821817029256354, -0.5815599129630709, 0.13884172551958684, -0.0012132420700641888, 0, 1692985107.9745383]
[-0.08953161159744907, 0.12092674962584922, -0.4523191709541272, 0.12924074200894364, -0.009600983510643214, 0, 1692985108.025374]
[-0.18308875777707276, 0.038877252830646, -0.342739585804202, 0.10957958514992522, -0.019661156859018418, 0, 1692985108.0764313]
[-0.2183021490456364, 0.008957379616971305, -0.2547126314109447, 0.08802695439325732, -0.0215526307566679, 0, 1692985108.1274538]
[-0.23918030362928774, -0.0017940474236979476, -0.18677679930218816, 0.06793583210875655, -0.020091122284500777, 0, 1692985108.1773798]
[-0.2530387952504104, -0.0024187480785794148, -0.13653212379318017, 0.05024467550900799, -0.017691156599748552, 0, 1692985108.2253811]
[-0.2521839416739422, -0.0026324614605429493, -0.10170491247251909, 0.034827211320661085, -0.015417464188346908, 0, 1692985108.2768056]
[-0.25116469317907186, -0.0026324614605420875, -0.08024544756722496, 0.021459464905294122, -0.013367746415366963, 0, 1692985108.3268218]
[-0.24567390290269256, -0.0026160219696218815, -0.07049199934826428, 0.00975344821896068, -0.011706016686333441, 0, 1692985108.3768375]
[-0.2398378833021761, -0.002747537896989563, -0.0709905809869164, -0.000498581638652117, -0.010252029857612798, 0, 1692985108.424854]
[-0.2331798891160795, -0.002846174842522006, -0.08056218743033636, -0.009571606443419966, -0.009073024804767849, 0, 1692985108.4758606]
[-0.22553552542911087, -0.0027968563697544926, -0.09826985254098147, -0.017707665110645122, -0.008136058667225159, 0, 1692985108.5268736]
[-0.2236614233653289, -0.0028461748425211457, -0.12339983528614315, -0.02512998274516167, -0.007422317634516548, 0, 1692985108.5773988]
[-0.21593486223087788, -0.002796856369756219, -0.15558308360079232, -0.03218324831464917, -0.007053265569487502, 0, 1692985108.6253998]
[-0.20197773373864064, 0.016864774704895745, -0.19451049577394058, -0.03892741217314828, -0.006744163858499106, 0, 1692985108.6754124]
[-0.15501010607971286, 0.09434409386482888, -0.2392227694633616, -0.04471227368942102, -0.005784861516272737, 0, 1692985108.7284274]
[-0.09240852257840235, 0.18809850553979562, -0.2849319708595236, -0.045709201396162004, -0.0009969277067409877, 0, 1692985108.7774384]
[-0.047939698755235086, 0.24261185269217433, -0.32594220165724597, -0.04101023079772237, 0.0046989705984396375, 0, 1692985108.8252993]
[-0.024349029041214536, 0.25926505525402405, -0.359429599374977, -0.03348739771773099, 0.007522833079991378, 0, 1692985108.8745925]
[-0.013137296176493136, 0.26671214381665487, -0.38530790765110534, -0.02587830827612833, 0.007609089441602656, 0, 1692985108.927605]
[-0.006594378774977883, 0.27154535359699566, -0.4040708271604178, -0.018762919509312484, 0.007115388766815849, 0, 1692985108.9776175]
[-0.007482111285945263, 0.2708384555687444, -0.41627334559321366, -0.012202518432795854, 0.006560401076516631, 0, 1692985109.0256095]
[-0.005640888300509642, 0.27623060796450394, -0.4227203610971265, -0.006447015503912831, 0.005755502928883023, 0, 1692985109.0749662]
[-0.006972487066654326, 0.2709370925029262, -0.4236426210925173, -0.0009222599953907836, 0.0055247555085220475, 0, 1692985109.125936]
[-0.007531429758784796, 0.2652983477563414, -0.41999506945743514, 0.003647551635082167, 0.004569811630472951, 0, 1692985109.1769485]
[-0.0072190794308178655, 0.2628981823489374, -0.4126317177365777, 0.007363351720857458, 0.003715800085775291, 0, 1692985109.2255168]
[-0.007909538050576446, 0.25706216370909646, -0.4020436664258798, 0.010588051310697911, 0.0032246995898404535, 0, 1692985109.2755282]
[-0.00766294568635831, 0.24945068021741426, -0.3888869841983581, 0.013156682227521704, 0.002568630916823793, 0, 1692985109.324926]
[-0.0053942959364692514, 0.23960342615376576, -0.37384783977511266, 0.015039144423245436, 0.0018824621957237312, 0, 1692985109.3779392]
[-0.0025338245150199916, 0.23674295501434614, -0.3576668975666899, 0.01618094220842276, 0.001141797785177323, 0, 1692985109.427773]
[-0.0023694296058179355, 0.23523052199643518, -0.3404651548210506, 0.017201742745639313, 0.0010208005372165554, 0, 1692985109.4749122]
[-0.0007090410233886651, 0.23452362395510198, -0.3222204535546264, 0.018244701266424204, 0.0010429585207848925, 0, 1692985109.524536]
[-0.0024351875695013472, 0.22456129339164893, -0.3028330983003152, 0.01938735525431125, 0.0011426539878870473, 0, 1692985109.5765507]
[-0.006512181320669956, 0.16411328993936727, -0.2827930865300373, 0.020040011770277855, 0.0006526565159666029, 0, 1692985109.6265612]
[-0.01478124527477806, 0.09274946330137643, -0.2656692676848503, 0.017123818845187058, -0.0029161929250907975, 0, 1692985109.6754205]
[-0.05693210042388911, 0.04283917008513939, -0.25521186474039853, 0.010457402944451733, -0.006666415900735326, 0, 1692985109.7254312]
[-0.07629782109412145, 0.031479482009725446, -0.2537865067028576, 0.0014253580375409424, -0.00903204490691079, 0, 1692985109.7761257]
[-0.07157968710128546, 0.03655928464233669, -0.26128418644329465, -0.007497679740437082, -0.008923037777978024, 0, 1692985109.8271387]
[-0.05757324057963433, 0.053048093772059435, -0.2766786949141099, -0.015394508470815263, -0.007896828730378181, 0, 1692985109.8761494]
[-0.050142590569012026, 0.08306660346047605, -0.2985011020415689, -0.021822407127458976, -0.006427898656643712, 0, 1692985109.9252381]
[-0.04545733559253022, 0.10479960971325383, -0.3247450129633229, -0.02624391092175405, -0.0044215037942950735, 0, 1692985109.9752278]
[-0.04024601690682612, 0.1390595072338444, -0.3541533926703108, -0.02940837970698791, -0.003164468785233859, 0, 1692985110.0272403]
[-0.03840479390301342, 0.1589348506275721, -0.3846853855583734, -0.030531992888062597, -0.0011236131810746838, 0, 1692985110.077146]
[-0.037500621892585996, 0.17036029609011533, -0.4153690809088787, -0.030683695350505302, -0.00015170246244270629, 0, 1692985110.1253102]
[-0.03695811868644421, 0.17861291997072332, -0.44584155801866016, -0.030472477109781463, 0.00021121824072383789, 0, 1692985110.1752865]
[-0.03681016326660122, 0.18915063288878317, -0.475939670854393, -0.030098112835732833, 0.00037436427404863087, 0, 1692985110.2272983]
[-0.03593887023877662, 0.19704158792701726, -0.5052541960301986, -0.029314525175805673, 0.0007835876599271603, 0, 1692985110.2775118]
[-0.035774475327891145, 0.2029104857177217, -0.5335664039744579, -0.02831220794425923, 0.0010023172315464432, 0, 1692985110.325527]
[-0.03730334799948498, 0.2078094536090334, -0.5607747708430406, -0.0272083668685827, 0.001103841075676528, 0, 1692985110.3755095]
[-0.0381253225543098, 0.2217172617214679, -0.586777852888284, -0.02600308204524335, 0.0012052848233393481, 0, 1692985110.4445372]
[-0.0455888515216021, 0.22804646514605245, -0.6105989893324337, -0.023821136444149744, 0.0021819456010936053, 0, 1692985110.508562]
[-0.047084845215224984, 0.23135080251058518, -0.6317960073144626, -0.021197017982028915, 0.002624118462120829, 0, 1692985110.5585015]
[-0.04844932298029236, 0.2366114390997982, -0.6503612077989044, -0.01856520048444173, 0.0026318174975871853, 0, 1692985110.6085184]
[-0.04747939300266092, 0.2386663752637183, -0.666056997471058, -0.015695789672153522, 0.0028694108122882065, 0, 1692985110.6605382]
[-0.04654234200757035, 0.24037608215054593, -0.6790359438083913, -0.012978946337333281, 0.002716843334820242, 0, 1692985110.7264943]
[-0.04526006169891191, 0.2410829801898057, -0.689455075465503, -0.01041913165711173, 0.0025598146802215515, 0, 1692985110.7915497]
[-0.04476687696495054, 0.2406719929577071, -0.6975622239480938, -0.00810714848259076, 0.0023119831745209694, 0, 1692985110.84352]
[-0.04448740561572155, 0.2387156937316209, -0.703663242435353, -0.006101018487259316, 0.002006129995331445, 0, 1692985110.8935308]
[-0.0447339979826812, 0.2363484072706461, -0.7081850325727204, -0.0045217901373672785, 0.0015792283498920372, 0, 1692985110.9585128]
[-0.04463536103589267, 0.2351483245497779, -0.711534269564628, -0.0033492369919075667, 0.0011725531454597116, 0, 1692985111.0085256]
[-0.04447096612459506, 0.2344249870190655, -0.7139653932505401, -0.0024311236859120857, 0.0009181133059954811, 0, 1692985111.0775447]
[-0.044076418337498584, 0.23534559842179487, -0.7156580179695706, -0.0016926247190305241, 0.0007384989668815616, 0, 1692985111.1435702]
[-0.044125736810880375, 0.23647992318525163, -0.7166062508819336, -0.0009482329123629654, 0.0007443918066675588, 0, 1692985111.1915374]
[-0.04382982597058805, 0.23738409509768235, -0.7167631602452856, -0.0001569093633520366, 0.0007913235490109288, 0, 1692985111.2415175]
[-0.044027099864112886, 0.23730189765107176, -0.7161231154995281, 0.0006400447457574742, 0.0007969541091095108, 0, 1692985111.310537]
[-0.0440764183374978, 0.2376306874373988, -0.7147659016150713, 0.0013572138844568137, 0.0007171691386993394, 0, 1692985111.3755944]
[-0.04476687696494587, 0.23748273203356782, -0.7127241303748904, 0.0020417712401808483, 0.0006845573557240346, 0, 1692985111.4415112]
[-0.04486551391172818, 0.23725257918311024, -0.7100521142530279, 0.002672016121862361, 0.0006302448816815127, 0, 1692985111.5114079]
[-0.04576968592409469, 0.23636484676000807, -0.7068292581637733, 0.0032228560892546085, 0.0005508399673922475, 0, 1692985111.5774138]
[-0.045819004397503735, 0.23615113339879348, -0.703164776079926, 0.0036644820838473147, 0.0004416259945927061, 0, 1692985111.625412]
[-0.04616423371138103, 0.23672651552493335, -0.6991170058618663, 0.00404777021805974, 0.0003832881342124256, 0, 1692985111.6755226]
[-0.04613135472910627, 0.23671007603573996, -0.6946433746225319, 0.00447363123933442, 0.00042586102127467937, 0, 1692985111.726511]
[-0.04618067320252074, 0.23654568114247737, -0.6897808712754301, 0.004862503347101807, 0.000388872107767387, 0, 1692985111.7775223]
[-0.04646014455187101, 0.2354442353577193, -0.6845738295650329, 0.005207041710397218, 0.00034453836329541103, 0, 1692985111.8255358]
[-0.04626287065822085, 0.23513188506048413, -0.6791494402124587, 0.005424389352574214, 0.00021734764217699534, 0, 1692985111.8752239]
[-0.046624539463272004, 0.23490173220979407, -0.6735555845105479, 0.005593855701910874, 0.0001694663493366602, 0, 1692985111.9264302]
[-0.04678893437467454, 0.23421127365768796, -0.6678058414933433, 0.005749743017204503, 0.00015588731529362918, 0, 1692985111.9784439]
[-0.04680537386581813, 0.232649522169812, -0.6619649447717556, 0.005840896721587725, 9.115370438322202e-05, 0, 1692985112.0424657]
[-0.0476437879141099, 0.2333399807225122, -0.6561825786786694, 0.005782366093086229, -5.8530628501496266e-05, 0, 1692985112.10889]
[-0.047643787914145516, 0.2346880188484219, -0.6503373611569245, 0.005845217521744779, 6.285142865854937e-05, 0, 1692985112.1599011]
[-0.04715060317979235, 0.23616757288810733, -0.6442820833736236, 0.006055277783300901, 0.00021006026155612176, 0, 1692985112.2105567]
[-0.04692045030380153, 0.23942259177153663, -0.6378868954060944, 0.00639518796752911, 0.00033991018422820844, 0, 1692985112.2755296]
[-0.04718348216207642, 0.24090214580770297, -0.630850666530529, 0.007036228875565476, 0.0006410409080363661, 0, 1692985112.3255494]
[-0.04723280063550176, 0.24027744521468017, -0.6230626691844958, 0.0077879973460331965, 0.0007517684704677198, 0, 1692985112.37623]
[-0.04708484521522421, 0.2405240375541367, -0.6146332762129209, 0.008429392971574972, 0.0006413956255417758, 0, 1692985112.4432385]
[-0.04700264775952332, 0.24183919669671877, -0.6055789039905559, 0.009054372222364982, 0.0006249792507900089, 0, 1692985112.5085185]
[-0.04639438658731527, 0.24941780123898116, -0.5958067439897905, 0.00977216000076539, 0.0007177877784004067, 0, 1692985112.5585299]
[-0.04435588968668471, 0.2736331687017949, -0.5846533041744713, 0.01115343981531924, 0.00138127981455385, 0, 1692985112.6105409]
[-0.041988602964881674, 0.30337220408757964, -0.5700130666266793, 0.014640237547791998, 0.003486797732472758, 0, 1692985112.6785111]
[-0.04274481955638702, 0.3242832336575109, -0.5495424351766457, 0.02047063145003355, 0.005830393902241554, 0, 1692985112.7419963]
[-0.04205436092935004, 0.32706150722199623, -0.5219554662102504, 0.027586968966395307, 0.007116337516361756, 0, 1692985112.7915452]
[-0.04198860296487853, 0.32811363448787156, -0.48781623171433464, 0.03413923449591572, 0.006552265529520413, 0, 1692985112.8435564]
[-0.04251466668069445, 0.3248914947340911, -0.4477794942710233, 0.04003673744331131, 0.005897502947395584, 0, 1692985112.9112408]
[-0.042235195331652944, 0.3246942208714948, -0.4027623985298686, 0.04501709574115467, 0.004980358297843365, 0, 1692985112.9585106]
[-0.04276125904751508, 0.3216529154859604, -0.3533215569166268, 0.049440841613241776, 0.004423745872087105, 0, 1692985113.008266]
