Hokin_Second_Time_Right_Hand
Dev2/ai0 Dev2/ai1
[-0.3033436404848696, -0.0014816970962908973, 0.7465512621931335, 0.0002722886760749009, 0.0002722886760749009, 0, 1692984793.731223]
[-0.3130593802332249, -0.00149813658720592, 0.73719012745593, -0.009361134737203479, -0.00963342341327838, 0, 1692984793.7778778]
[-0.3164130365951158, -0.0015145760781235403, 0.7181491655713568, -0.019040961884573257, -0.009679827147369778, 0, 1692984793.8272452]
[-0.3205722280648699, -0.0015803340417818988, 0.6901485713370681, -0.028000594234288703, -0.008959632349715444, 0, 1692984793.8775403]
[-0.30850564095924066, -0.0016296525145286984, 0.6538074147282911, -0.036341156608777014, -0.008340562374488308, 0, 1692984793.9279616]
[-0.27445945316884823, 0.016453787418955326, 0.611364702759639, -0.042442711968652166, -0.0061015553598751495, 0, 1692984793.9799626]
[-0.2272945510509456, 0.0872422340257594, 0.5664229435029904, -0.044941759256648534, -0.002499047287996365, 0, 1692984794.0288801]
[-0.2538114513682871, 0.08015681365368957, 0.5218913689319244, -0.04453157457106597, 0.00041018468558256475, 0, 1692984794.0775118]
[-0.3482892115718674, 0.046258584140172414, 0.47564964441380575, -0.046241724518118685, -0.0017101499470527142, 0, 1692984794.1275105]
[-0.41386634531460287, -0.0016460920054497744, 0.4207360978889041, -0.05491354652490166, -0.008671822006782976, 0, 1692984794.17852]
[-0.42059009756618576, -0.0020077608056096666, 0.3538570593276134, -0.06687903856129068, -0.011965492036389032, 0, 1692984794.230538]
[-0.417433715091022, -0.002287232151222085, 0.2763974592369819, -0.07745960009063155, -0.010580561529340865, 0, 1692984794.2789788]
[-0.41210731966452147, -0.002287232151222085, 0.19036465664303875, -0.08603280259394312, -0.008573202503311575, 0, 1692984794.327015]
[-0.39561850913505453, -0.002303671642142291, 0.09764320926775358, -0.09272144737528518, -0.0066886447813420515, 0, 1692984794.3770378]
[-0.35815290678143274, -0.002402308587657484, 0.00032198985781754785, -0.09732121940993603, -0.004599772034650857, 0, 1692984794.4300666]
[-0.2906523527070182, 0.08351046969632984, -0.09932698656159672, -0.09964897641941427, -0.002327757009478244, 0, 1692984794.4810774]
[-0.1720907378655314, 0.17685389455685213, -0.1957241179041714, -0.09639713134257469, 0.003251845076839579, 0, 1692984794.5272021]
[-0.07734994853730523, 0.2557141255926431, -0.2821813184514831, -0.08645720054731171, 0.009939930795262975, 0, 1692984794.5772994]
[-0.029741182104718107, 0.3218008708808553, -0.3541346115118942, -0.07195329306041108, 0.014503907486900627, 0, 1692984794.6283162]
[-0.0019420028419694355, 0.35609364373346064, -0.40846917879353056, -0.05433456728163638, 0.0176187257787747, 0, 1692984794.6803281]
[-0.00019941680519613842, 0.372845482189599, -0.44439479282717814, -0.035925614033647565, 0.018408953247988812, 0, 1692984794.730339]
[-8.434036884121115e-05, 0.38435312381959275, -0.462283776397965, -0.017888983570786852, 0.018036630462860713, 0, 1692984794.7774293]
[-0.0001500983324718555, 0.3898603522856339, -0.46289442847952966, -0.0006106520815646853, 0.017278331489222167, 0, 1692984794.8274345]
[-0.00018297731428717768, 0.38849587478688885, -0.4475030356689112, 0.015391392810618482, 0.016002044892183168, 0, 1692984794.879447]
[-6.79008779331164e-05, 0.38187076113191204, -0.4179443842898647, 0.029558651379046536, 0.014167258568428055, 0, 1692984794.9294627]
[-0.00010077985974843856, 0.37838558967017555, -0.37637155063952893, 0.04157283365033574, 0.012014182271289206, 0, 1692984794.977944]
[-6.79008779331164e-05, 0.37146456518902526, -0.32451038784697595, 0.051861162792553005, 0.010288329142217263, 0, 1692984795.0279462]
[-8.434036884121115e-05, 0.358132140276726, -0.26414422685573463, 0.06036616099124133, 0.008504998198688319, 0, 1692984795.0789583]
[-2.1429143050755163e-06, 0.3039804651617347, -0.19719292713501216, 0.06695129972072247, 0.006585138729481143, 0, 1692984795.1299736]
[-0.00013365884156376072, 0.16651345545199367, -0.12739359694136443, 0.06979933019364774, 0.0028480304729252694, 0, 1692984795.1789849]
[-0.062110540154516135, 0.06573938048801745, -0.06122197179507537, 0.06617162514628906, -0.003627705047358678, 0, 1692984795.2279916]
[-0.15484571116401255, 0.017752507212956955, -0.0028899394222909464, 0.05833203237278442, -0.007839592773504645, 0, 1692984795.2790067]
[-0.1967664148635421, -0.0016789709872910563, 0.044911239982210076, 0.04780117940450102, -0.0105308529682834, 0, 1692984795.3290184]
[-0.20473956834914514, -0.0033229200792967662, 0.08198418413945138, 0.0370729441572413, -0.010728235247259722, 0, 1692984795.380025]
[-0.19793361877507692, -0.0034544360066946097, 0.10965368904276485, 0.027669504903313456, -0.009403439253927844, 0, 1692984795.4280267]
[-0.1832860316760553, -0.0035037544794716074, 0.1295481984279248, 0.01989450938515995, -0.007774995518153508, 0, 1692984795.4781318]
[-0.20217500763922103, -0.0034544360066963305, 0.14341961523719757, 0.013871416809272764, -0.006023092575887187, 0, 1692984795.5311441]
[-0.22377649980794834, -0.0035695124431739723, 0.15117098073105006, 0.007751365493852506, -0.006120051315420258, 0, 1692984795.5811539]
[-0.2420243357153348, -0.0037667863342879526, 0.15245835817926875, 0.0012873774482186845, -0.006463988045633822, 0, 1692984795.64407]
[-0.24404639321078453, -0.003733907352436343, 0.14704506140178872, -0.005413296777480047, -0.006700674225698732, 0, 1692984795.6947067]
[-0.23798022072617275, -0.003733907352435481, 0.1354497178004394, -0.011595343601349301, -0.006182046823869255, 0, 1692984795.7467237]
[-0.2269822007069223, -0.0037174678615092454, 0.11847011012446233, -0.016979607675977077, -0.005384264074627775, 0, 1692984795.7967415]
[-0.20980293180567555, -0.0037174678615109645, 0.0969775032154954, -0.02149260690896693, -0.004512999232989852, 0, 1692984795.844712]
[-0.1845189935518729, -0.0037339073524389225, 0.0719313403741388, -0.025046162841356603, -0.003553555932389671, 0, 1692984795.8947155]
[-0.1523962269180149, -0.003668149388732253, 0.044399832550623464, -0.02753150782351534, -0.002485344982158736, 0, 1692984795.9447174]
[-0.14501489520805796, -0.0019091238601057034, 0.015428661697009176, -0.028971170853614288, -0.0014396630300989477, 0, 1692984795.9957337]
[-0.15849527829444737, -0.002057079278365105, -0.015186979634085423, -0.0306156413310946, -0.0016444704774803102, 0, 1692984796.0633886]
[-0.15933369236569728, -0.006068315064953847, -0.04832760722424949, -0.03314062759016406, -0.002524986259069467, 0, 1692984796.1111276]
[-0.1515413733561051, -0.006923168593824178, -0.08422751988270238, -0.0358999126584529, -0.0027592850682888414, 0, 1692984796.1631434]
[-0.12533682387120906, -0.006791652666283096, -0.12302690242550844, -0.03879938254280606, -0.0028994698843531515, 0, 1692984796.2131543]
[-0.08032549645943023, 0.0675312849581488, -0.16460682754248174, -0.04157992511697328, -0.0027805425741672276, 0, 1692984796.262171]
[-0.035905991257132945, 0.12623670495500125, -0.20572264441574947, -0.041115816873267735, 0.0004641082437055468, 0, 1692984796.311166]
[-0.01570185676977857, 0.1446982523167973, -0.24342225446174465, -0.037699610045995174, 0.003416206827272561, 0, 1692984796.361187]
[-0.00010077985975277537, 0.15967462767354695, -0.27744435960249475, -0.03402210514075011, 0.003677504905245063, 0, 1692984796.4312105]
[-5.146138702675773e-05, 0.17363175456437788, -0.30773341143808103, -0.030289051835586292, 0.0037330533051638166, 0, 1692984796.4792206]
[-5.1461387025888985e-05, 0.1835940853658517, -0.33427555317222724, -0.026542141734146204, 0.003746910101440088, 0, 1692984796.5270767]
[-6.790087793571986e-05, 0.18837797687336968, -0.3571817991727422, -0.022906246000514923, 0.0036358957336312817, 0, 1692984796.5788317]
[-0.00010077985975017328, 0.18745736545009778, -0.37680623585009415, -0.019624436677351996, 0.003281809323162928, 0, 1692984796.6288428]
[-8.434036884121115e-05, 0.18686554382059056, -0.3938084080509229, -0.01700217220082872, 0.002622264476523276, 0, 1692984796.678854]
[-0.0008241174597669931, 0.18490924454420424, -0.4087215522158874, -0.014913144164964521, 0.0020890280358641998, 0, 1692984796.7275128]
[-0.0010542703325357797, 0.1848106076059035, -0.4220934967765469, -0.013371944560659503, 0.001541199604305017, 0, 1692984796.779089]
[-0.002731098406071944, 0.19493733325264898, -0.43425950151822224, -0.012166004741675347, 0.001205939818984157, 0, 1692984796.8300998]
[-0.0034051175339210706, 0.20782589309853688, -0.4446898664886216, -0.010430364970399337, 0.0017356397712760111, 0, 1692984796.895759]
[-0.004605200371670509, 0.21921845932503098, -0.4526514684261614, -0.007961601937539822, 0.0024687630328595143, 0, 1692984796.944761]
[-0.004786034771918424, 0.23864993577416965, -0.45754605762153894, -0.004894589195377538, 0.003067012742162284, 0, 1692984796.9965174]
[-0.00445724495329225, 0.250354852124126, -0.4581576730356818, -0.0006116154141428149, 0.004282973781234723, 0, 1692984797.0465298]
[-0.006117633537706118, 0.25385646332163636, -0.45398071031772913, 0.004176962717952667, 0.004788578132095482, 0, 1692984797.1115744]
[-0.006051875573949686, 0.2544976033998577, -0.4451702829695789, 0.008810427348150258, 0.0046334646301975915, 0, 1692984797.1605453]
[-0.006709455211570452, 0.25329752068998007, -0.43209493448311076, 0.013075348486468132, 0.004264921138317874, 0, 1692984797.2135615]
[-0.007695824668253607, 0.2510288711814487, -0.4152001076724734, 0.016894826810637337, 0.0038194783241692065, 0, 1692984797.263573]
[-0.008961665471449881, 0.24920408787927945, -0.3949399180109075, 0.020260189661565887, 0.0033653628509285488, 0, 1692984797.3115864]
[-0.009224697326720332, 0.2471984701938439, -0.37165947238880803, 0.02328044562209944, 0.003020255960533556, 0, 1692984797.360527]
[-0.010556296094373372, 0.24317079532763594, -0.34565909854648014, 0.026000373842327874, 0.0027199282202284318, 0, 1692984797.4125535]
[-0.010506977621491335, 0.23799235620209477, -0.3173131580545002, 0.02834594049197994, 0.0023455666496520647, 0, 1692984797.4635656]
[-0.01126319420582538, 0.2290328345090261, -0.2869921087604764, 0.03032104929402377, 0.0019751088020438295, 0, 1692984797.5135815]
[-0.024990169191907486, 0.17828413016734113, -0.25521535222928454, 0.0317767565311919, 0.0014557072371681294, 0, 1692984797.5614583]
[-0.06760133022056068, 0.07261108752382735, -0.22497994635937277, 0.030235405869911778, -0.0015413506612801213, 0, 1692984797.61247]
[-0.10631633227842208, 0.0279778704809922, -0.20219833298818218, 0.022781613371190598, -0.00745379249872118, 0, 1692984797.6624813]
[-0.1358252194433132, 0.010847921065249769, -0.1886178094614307, 0.013580523526751483, -0.009201089844439115, 0, 1692984797.7134922]
[-0.15308668556373886, 0.00285832850218084, -0.1843809990483409, 0.004236810413089797, -0.009343713113661686, 0, 1692984797.76051]
[-0.15489502963713558, -0.0016954104781913837, -0.18915312429988726, -0.004772125251546345, -0.009008935664636142, 0, 1692984797.8125267]
[-0.14930560250332664, -0.0016625314963596067, -0.20221003640833088, -0.013056912108443607, -0.008284786856897262, 0, 1692984797.8805418]
[-0.14749725843199268, -0.0015967735326995163, -0.22289085777818224, -0.020680821369851353, -0.007623909261407744, 0, 1692984797.9275122]
[-0.14440663402081305, -0.0002651747688328501, -0.2508066276633222, -0.02791576988513996, -0.007234948515288608, 0, 1692984797.977479]
[-0.14739862148266122, -0.0007583594961224821, -0.2858134975273894, -0.035006869864067224, -0.007091099978927262, 0, 1692984798.0305364]
[-0.14481762130941647, -0.0009556333870612152, -0.3278520700360189, -0.042038572508629496, -0.007031702644562272, 0, 1692984798.0805473]
[-0.14192427079843178, -0.0006597225506583162, -0.37697361176405425, -0.049121541728035366, -0.00708296921940587, 0, 1692984798.1295629]
[-0.13493748690161436, -0.000561085605199349, -0.4333892750372495, -0.05641566327319524, -0.007294121545159878, 0, 1692984798.1788292]
[-0.1289370725047186, 0.008858742671388652, -0.49744482964594966, -0.06405555460870015, -0.007639891335504908, 0, 1692984798.2288418]
[-0.11882678525183481, 0.07552087734109021, -0.5688958758294953, -0.07145104618354568, -0.007395491574845541, 0, 1692984798.2808573]
[-0.10021728097300567, 0.1387142779398263, -0.6422806354829679, -0.07338475965347253, -0.0019337134699268473, 0, 1692984798.3309357]
[-0.07614986567288422, 0.20448867671567603, -0.712381532406791, -0.07010089692382311, 0.0032838627296494284, 0, 1692984798.3779566]
[-0.055337469778438675, 0.23894584658145473, -0.7736681790620735, -0.06128664665528247, 0.008814250268540644, 0, 1692984798.4289584]
[-0.03243725863867648, 0.2641640230091857, -0.8239052293245356, -0.0502370502624621, 0.011049596392820368, 0, 1692984798.4959846]
[-0.028261627908981186, 0.2770690219025198, -0.8620952633126754, -0.038190033988139756, 0.012047016274322342, 0, 1692984798.5449998]
[-0.02725881895499834, 0.2851243714861533, -0.8878358691378238, -0.025740605825148366, 0.012449428162991391, 0, 1692984798.5940208]
[-0.027209500481855598, 0.2865381675319392, -0.9012064057591381, -0.013370536621314365, 0.012370069203834001, 0, 1692984798.6460328]
[-0.027341016410228923, 0.28420376010689485, -0.9031373748139564, -0.0019309690548182743, 0.01143956756649609, 0, 1692984798.6960442]
[-0.028820570604771077, 0.28504217404154325, -0.8950389323066211, 0.008098442507335308, 0.010029411562153583, 0, 1692984798.7450552]
[-0.028935647042152034, 0.2897109888864871, -0.8778049540175856, 0.017233978289035494, 0.009135535781700184, 0, 1692984798.7948015]
[-0.028886328568988186, 0.2966648926659963, -0.8519363334915943, 0.025868620525991357, 0.00863464223695586, 0, 1692984798.8458192]
[-0.02880413111371944, 0.30013362480153555, -0.8177118542929829, 0.034224479198611435, 0.008355858672620075, 0, 1692984798.8958309]
[-0.028442462310545997, 0.2984732364341779, -0.7758940921320109, 0.04181776216097203, 0.007593282962360593, 0, 1692984798.9616046]
[-0.029050723479537043, 0.29666489266601664, -0.7278218155038045, 0.0480722766282064, 0.006254514467234374, 0, 1692984799.010624]
[-0.02926443686326351, 0.29293312870253246, -0.674660577544441, 0.05316123795936353, 0.0050889613311571325, 0, 1692984799.0795114]
[-0.027883519614815333, 0.2902206130415384, -0.6176338417501215, 0.0570267357943195, 0.00386549783495597, 0, 1692984799.1472697]
[-0.026864271169901987, 0.2883629507987916, -0.5577055777426305, 0.05992826400749093, 0.002901528213171436, 0, 1692984799.194124]
[-0.02556555137764166, 0.28897121188723596, -0.4955508366885264, 0.0621547410541041, 0.0022264770466131688, 0, 1692984799.2445252]
[-0.022590003501100735, 0.28611074082053795, -0.4314745544447986, 0.06407628224372779, 0.0019215411896236834, 0, 1692984799.3135524]
[-0.01982816901036525, 0.28354618055003444, -0.3659649590452959, 0.06550959539950266, 0.0014333131557748688, 0, 1692984799.3642104]
[-0.0162936784452796, 0.2768881875238758, -0.2993008826916897, 0.0666640763536062, 0.0011544809541035419, 0, 1692984799.41154]
[-0.016375875900237244, 0.2637201568034737, -0.2318656430308429, 0.06743523966084682, 0.0007711633072406074, 0, 1692984799.4622042]
[-0.011033041332328176, 0.2102260585690535, -0.16422761248318388, 0.06763803054765902, 0.00020279088681220744, 0, 1692984799.5142236]
[-0.0044408054623625735, 0.18882184309493202, -0.09862796953154641, 0.06559964295163746, -0.002038387596021552, 0, 1692984799.578213]
[-0.004029818189129257, 0.12988627176494483, -0.03484605414234526, 0.06378191538920115, -0.0018177275624363086, 0, 1692984799.6448832]
[-0.0015310155690454823, 0.10889304279167145, 0.026079179041467886, 0.06092523318381315, -0.0028566822053880015, 0, 1692984799.7138987]
[-0.00013365884156376072, 0.05801281992637797, 0.08517108962107299, 0.059091910579605104, -0.00183332260420804, 0, 1692984799.7639127]
