Hokin_Second_Time_Right_Hand
Dev2/ai0 Dev2/ai1
[-0.23773362834882236, -0.006413544374622891, 0.9948277442481308, 0.01047695084944755, 0.01047695084944755, 0, 1692984763.1966834]
[-0.24200789622349445, -0.006397104883681217, 1.0010688152797942, 0.006241071031663325, -0.004235879817784225, 0, 1692984763.242705]
[-0.23921318261282315, -0.006249149465221546, 1.0028821268412373, 0.0018133115614432285, -0.004427759470220096, 0, 1692984763.2932537]
[-0.23035229652546435, -0.006199830992401656, 1.0010886706503823, -0.0017934561908549353, -0.0036067677522981637, 0, 1692984763.3425944]
[-0.23165101637796734, -0.006051875573948831, 0.9972658880378381, -0.0038227826125442252, -0.00202932642168929, 0, 1692984763.3932583]
[-0.23627051357699047, -0.006134073028646082, 0.9914705427076473, -0.005795345330190745, -0.0019725627176465197, 0, 1692984763.4439325]
[-0.2503591580784047, -0.0060189965920731826, 0.9833015631927062, -0.008168979514941064, -0.0023736341847503187, 0, 1692984763.4939437]
[-0.26212983425224057, -0.005986117610195822, 0.971161393154304, -0.01214017003840217, -0.003971190523461107, 0, 1692984763.543265]
[-0.2705468540970116, -0.005903920155504561, 0.9539666467709543, -0.017194746383349706, -0.005054576344947536, 0, 1692984763.592576]
[-0.28159419265636687, -0.005953238628319317, 0.9312510301638147, -0.02271561660713965, -0.005520870223789942, 0, 1692984763.6446]
[-0.2910962189879543, -0.005871041173628055, 0.9023143202207515, -0.02893670994306322, -0.006221093335923571, 0, 1692984763.6946156]
[-0.311168838657163, -0.0058381621917524065, 0.8668194037742819, -0.03549491644646964, -0.006558206503406418, 0, 1692984763.745275]
[-0.317793953920865, -0.005821722700815867, 0.823258857490621, -0.04356054628366095, -0.008065629837191309, 0, 1692984763.7925248]
[-0.33089622903171456, -0.005772404228003675, 0.7720533124924743, -0.05120554499814668, -0.007644998714485731, 0, 1692984763.8445358]
[-0.3378501341462535, -0.005673767282381006, 0.7129302845467645, -0.0591230279457098, -0.007917482947563115, 0, 1692984763.8955793]
[-0.33724187294223507, -0.005739525246128883, 0.6464452464702704, -0.06648503807649421, -0.007362010130784418, 0, 1692984763.9445693]
[-0.32844674472509255, -0.005723085755191486, 0.5739060253593089, -0.0725392211109614, -0.006054183034467187, 0, 1692984763.9925148]
[-0.3210982918081955, -0.005805283209876758, 0.4971797533795221, -0.07672627197978682, -0.0041870508688254225, 0, 1692984764.0435307]
[-0.31292786429747627, -0.0057888437189402165, 0.4176029540776993, -0.07957679930182278, -0.002850527322035962, 0, 1692984764.0945747]
[-0.31516363520526863, -0.005706646264253235, 0.33623202026866905, -0.08137093380903024, -0.001794134507207457, 0, 1692984764.1455915]
[-0.32284087795810595, -0.005723085755191486, 0.253084202875521, -0.08314781739314805, -0.0017768835841178226, 0, 1692984764.1927326]
[-0.31675826592655254, -0.005739525246129739, 0.1678087256051008, -0.08527547727042022, -0.0021276598772721573, 0, 1692984764.2427533]
[-0.2970637545610767, -0.005772404228003676, 0.0808600472689532, -0.0869486783361476, -0.0016732010657273862, 0, 1692984764.294647]
[-0.2707112490161635, -0.005739525246128882, -0.006931266252371948, -0.08779131352132515, -0.0008426351851775542, 0, 1692984764.344667]
[-0.20347372748746154, 0.0751592085502624, -0.09497327001839825, -0.0880420037660263, -0.0002506902447011612, 0, 1692984764.3926623]
[-0.09347708951888034, 0.18732584951468342, -0.17918866757887025, -0.08421539756047201, 0.003826606205554292, 0, 1692984764.442793]
[-0.020929614909024466, 0.2599061953293825, -0.2529223536460138, -0.07373368606714353, 0.010481711493328485, 0, 1692984764.494823]
[-6.790087793398514e-05, 0.28244473479146387, -0.312716619543516, -0.059794265897502176, 0.013939420169641357, 0, 1692984764.544835]
[1.429657660215189e-05, 0.3019748475434384, -0.35874254573629877, -0.046025926192782785, 0.013768339704719388, 0, 1692984764.5943124]
[-6.79008779331164e-05, 0.31481408822170376, -0.39120107082232836, -0.032458525086029616, 0.013567401106753167, 0, 1692984764.6433144]
[-3.502189611866158e-05, 0.3184143362319642, -0.41056284641094115, -0.019361775588612816, 0.0130967494974168, 0, 1692984764.6936269]
[-6.79008779331164e-05, 0.3174115274263153, -0.4178693699139268, -0.007306523502985681, 0.012055252085627135, 0, 1692984764.7446437]
[-0.00011721935065653333, 0.3184307757204987, -0.4143999739174147, 0.003469395996512163, 0.010775919499497844, 0, 1692984764.7955177]
[-5.146138702675635e-05, 0.32166935497456683, -0.4011552866763607, 0.013244687241053984, 0.009775291244541821, 0, 1692984764.843324]
[-8.434036884121115e-05, 0.32109397287402064, -0.37887489628589155, 0.022280390390469126, 0.009035703149415144, 0, 1692984764.8933256]
[-6.790087793398376e-05, 0.3166388714607813, -0.34851161300822897, 0.030363283277662564, 0.008082892887193438, 0, 1692984764.9441304]
[-5.146138702675773e-05, 0.31481408822198004, -0.31118123669404757, 0.037330376314181395, 0.006967093036518829, 0, 1692984764.9941442]
[-0.00013365884156376072, 0.31673750839259485, -0.2676663025382846, 0.043514934155762935, 0.006184557841581539, 0, 1692984765.0428567]
[-0.00019941680519700578, 0.31843077572043554, -0.21840205375743915, 0.04926424878084546, 0.005749314625082526, 0, 1692984765.0933194]
[-8.434036884294587e-05, 0.3133674132205124, -0.16378327600475345, 0.054618777752685685, 0.005354528971840224, 0, 1692984765.1441164]
[-0.0005775250961152445, 0.30496683449600265, -0.10449260189535406, 0.05929067410939939, 0.004671896356713702, 0, 1692984765.1951282]
[-0.06515184603469755, 0.26991784417272474, -0.041216476548213477, 0.06327612534714058, 0.0039854512377411975, 0, 1692984765.2451453]
[-0.19877203285814368, 0.11796764138903318, 0.022635534914208777, 0.06385201146242225, 0.0005758861152816746, 0, 1692984765.2931554]
[-0.2915894037464121, 0.043414552257157665, 0.07742628037421057, 0.054790745460001795, -0.009061266002420456, 0, 1692984765.3433473]
[-0.3197173744820575, 0.0052749336620480525, 0.1183946835772744, 0.04096840320306384, -0.013822342256937957, 0, 1692984765.3953583]
[-0.32634248975067226, -0.0032242831337669074, 0.1448283685138114, 0.026433684936537007, -0.01453471826652683, 0, 1692984765.445369]
[-0.32810151539334553, -0.004457244953291392, 0.15786285515692733, 0.013034486643115933, -0.013399198293421073, 0, 1692984765.492519]
[-0.33738982837023507, -0.004588760880739115, 0.15878633245416718, 0.0009234772972398532, -0.01211100934587608, 0, 1692984765.5425134]
[-0.33768573922624373, -0.004621639862600188, 0.14834807815721068, -0.010438254296956483, -0.011361731594196336, 0, 1692984765.5955262]
[-0.3385899112863051, -0.004736716299122525, 0.12767236725705564, -0.020675710900155048, -0.010237456603198566, 0, 1692984765.645547]
[-0.34376835126781985, -0.004769595280985313, 0.09774594694891553, -0.0299264203081401, -0.00925070940798505, 0, 1692984765.6925642]
[-0.35586781739026946, -0.004736716299122525, 0.05927178863720269, -0.03847415831171284, -0.008547738003572738, 0, 1692984765.7433167]
[-0.3525799189865083, -0.004802474262852395, 0.01264200096631126, -0.04662978767089143, -0.00815562935917859, 0, 1692984765.7942934]
[-0.3440313831399492, -0.004884671717515374, -0.041130876143959334, -0.053772877110270595, -0.00714308943937916, 0, 1692984765.8453112]
[-0.3247314195362573, -0.004868232226582263, -0.1010026926228012, -0.05987181647884187, -0.0060989393685712745, 0, 1692984765.8953223]
[-0.27879947903269525, -0.004901111208445911, -0.16587376437260115, -0.06487107174979996, -0.004999255270958093, 0, 1692984765.9425156]
[-0.14930560250954633, 0.06858341235138818, -0.2345358065413649, -0.06866204216876376, -0.003790970418963804, 0, 1692984765.9935312]
[-0.03888153914709582, 0.16455715616671268, -0.3020048008619951, -0.06746899432063021, 0.0011930478481335547, 0, 1692984766.0455427]
[-0.00661081826612298, 0.22676418497182352, -0.36262884487604075, -0.06062404401404562, 0.006844950306584588, 0, 1692984766.0933683]
[-0.00013365884156289336, 0.2517686481950194, -0.41353703649160195, -0.0509081916155612, 0.009715852398484421, 0, 1692984766.1433864]
[-5.1461387025888985e-05, 0.2704767868099249, -0.4542955301649779, -0.04075849367337596, 0.010149697942185242, 0, 1692984766.1930573]
[-6.790087793398376e-05, 0.2754415124929156, -0.4846719614371002, -0.030376431272122244, 0.010382062401253715, 0, 1692984766.245583]
[-0.00013365884156376072, 0.2760333340965623, -0.5054036916518603, -0.020731730214760054, 0.009644701057362188, 0, 1692984766.311599]
[-6.790087793398376e-05, 0.279995250938992, -0.5174611910768656, -0.012057499425005327, 0.008674230789754727, 0, 1692984766.3594432]
[-0.00015009833247098814, 0.3066929808107718, -0.521399702356863, -0.003938511279997297, 0.00811898814500803, 0, 1692984766.4104548]
[-6.790087793658584e-05, 0.34032817441942614, -0.515716425302213, 0.005683277054650047, 0.009621788334647344, 0, 1692984766.4794765]
[-3.502189612039769e-05, 0.3287876535172498, -0.49847544373521885, 0.01724098156699409, 0.011557704512344042, 0, 1692984766.5264816]
[-6.790087793398376e-05, 0.32328042485506964, -0.4718786338376258, 0.026596809897593037, 0.009355828330598948, 0, 1692984766.5764866]
[-0.00010077985974843856, 0.31898971833339884, -0.43737803396362834, 0.03450059987399746, 0.007903789976404422, 0, 1692984766.628503]
[-1.8582405211434173e-05, 0.3139427953234966, -0.39614963646724755, 0.0412283974963808, 0.006727797622383337, 0, 1692984766.6955264]
[-0.00010077985975017328, 0.3113453561142535, -0.3492596217331136, 0.04689001473413394, 0.005661617237753147, 0, 1692984766.7434976]
[-8.434036884207851e-05, 0.31134535611430114, -0.29742310133504696, 0.05183652039806662, 0.004946505663932678, 0, 1692984766.7925131]
[-0.014436015963930803, 0.30636419103800855, -0.24105638941225524, 0.056366711922791725, 0.004530191524725105, 0, 1692984766.8443959]
[-0.018249977873860436, 0.30536138222570297, -0.18092181615524133, 0.06013457325701391, 0.0037678613342221807, 0, 1692984766.8963907]
[-0.007235518921797938, 0.3011693125942621, -0.11741181495463715, 0.06351000120060418, 0.003375427943590273, 0, 1692984766.959538]
[-0.0013666206599090985, 0.29469215400776044, -0.05070652413611808, 0.06670529081851907, 0.003195289617914886, 0, 1692984767.009513]
[-0.0017776079331594293, 0.2619611314640941, 0.019024163489481813, 0.06973068762559989, 0.003025396807080822, 0, 1692984767.0785358]
[-0.10766437057676811, 0.0827049346626082, 0.09075712339781947, 0.07173295990833765, 0.0020022722827377644, 0, 1692984767.145554]
[-0.1842230827020578, 0.007494264928367871, 0.1558858243973122, 0.06512870099949274, -0.006604258908844922, 0, 1692984767.1934285]
[-0.21272916133780165, -0.002188595205710346, 0.21090552548668945, 0.05501970108937725, -0.010108999910115483, 0, 1692984767.2435129]
[-0.236155437134346, -0.0022214741875464404, 0.2560038184978769, 0.04509829301118744, -0.009921408078189819, 0, 1692984767.2965248]
[-0.24932347009191655, -0.0023201111330607704, 0.291318926917182, 0.03531510841930508, -0.009783184591882358, 0, 1692984767.362546]
[-0.2511482536872152, -0.0022707926603036054, 0.3173269777495865, 0.02600805083240451, -0.00930705758690057, 0, 1692984767.4097521]
[-0.2508194638502083, -0.002336550623984429, 0.3350407138320076, 0.017713736082421126, -0.008294314749983385, 0, 1692984767.459767]
[-0.24817270566267, -0.002435187569497896, 0.34544267763473946, 0.01040196380273186, -0.007311772279689265, 0, 1692984767.5117788]
[-0.2405612209425548, -0.0023694296058179355, 0.34952202689595335, 0.00407934926121391, -0.00632261454151795, 0, 1692984767.5778036]
[-0.2298426722796377, -0.002352990114899456, 0.348469974352636, -0.0010520525433173342, -0.005131401804531244, 0, 1692984767.6261833]
[-0.22883986327981334, -0.0024351875694970325, 0.34353425469813376, -0.004935719654502248, -0.003883667111184914, 0, 1692984767.6765115]
[-0.23127290806644565, -0.002500945533177855, 0.3351262122841282, -0.008408042414005543, -0.0034723227595032952, 0, 1692984767.7291398]
[-0.23160169790256213, -0.0023529901149011824, 0.32334792443193255, -0.011778287852195625, -0.003370245438190082, 0, 1692984767.796161]
[-0.22627530255972356, -0.002402308587658347, 0.3084042248150602, -0.014943699616872341, -0.003165411764676716, 0, 1692984767.8601239]
[-0.21948579245319738, -0.002484506042256787, 0.29081778067596253, -0.017586444139097678, -0.0026427445222253357, 0, 1692984767.9098716]
[-0.21123316758786123, -0.002533824515017405, 0.27110505416598174, -0.01971272650998082, -0.0021262823708831447, 0, 1692984767.9779181]
[-0.20322713510977836, -0.0024845060422585136, 0.24976835939774478, -0.021336694768236977, -0.0016239682582561558, 0, 1692984768.0434663]
[-0.21185786827448708, -0.0024351875694996208, 0.22718667108645602, -0.02258168831128877, -0.0012449935430517952, 0, 1692984768.0934803]
[-0.21772676683354292, -0.002435187569498759, 0.20269641727838966, -0.02449025380806634, -0.001908565496777569, 0, 1692984768.1435049]
[-0.22619310510077123, -0.002517385024098924, 0.17586482250597707, -0.026831594772412596, -0.0023413409643462577, 0, 1692984768.2115204]
[-0.2261273471336144, -0.0024680665513391693, 0.14616736234700967, -0.029697460158967407, -0.0028658653865548107, 0, 1692984768.276897]
[-0.21218665810964105, -0.002550264005938474, 0.11355768678890776, -0.032609675558101896, -0.0029122153991344908, 0, 1692984768.32649]
[-0.1821845857347028, -0.002550264005938473, 0.07858880938099125, -0.034968877407916515, -0.0023592018498146176, 0, 1692984768.3765097]
[-0.12546833980272237, -0.002550264005938473, 0.042298882365173304, -0.036289927015817944, -0.0013210496079014253, 0, 1692984768.428523]
[-0.09076457344416529, 0.034800259130222236, 0.0064005706403573795, -0.035898311724815925, 0.0003916152910020197, 0, 1692984768.4955416]
[-0.050948125636460305, 0.10951774341916636, -0.027662717708345552, -0.03406328834870293, 0.0018350233761129956, 0, 1692984768.5435534]
[-0.014699047819864985, 0.14946570441644566, -0.05685092229263632, -0.02918820458429077, 0.004875083764412161, 0, 1692984768.5935042]
[-1.8582405211434173e-05, 0.15988834104255242, -0.079591545531294, -0.022740623238657675, 0.006447581345633096, 0, 1692984768.646539]
[-6.79008779331164e-05, 0.16804232802255015, -0.09612726095640864, -0.01653571542511465, 0.006204907813543024, 0, 1692984768.7125404]
[-0.00011721935065566597, 0.17596616211596733, -0.10703124410242358, -0.010903983146014939, 0.0056317322790997125, 0, 1692984768.7595437]
[-8.434036884294727e-05, 0.1774785951761847, -0.11270620768748799, -0.0056749635850644005, 0.005229019560950538, 0, 1692984768.8101678]
[-0.0001007798597475712, 0.17272758262473342, -0.11370151758885587, -0.0009953099013678768, 0.004679653683696524, 0, 1692984768.8781857]
[-6.79008779331164e-05, 0.15490717559419895, -0.11071813326679812, 0.0029833843220577498, 0.003978694223425627, 0, 1692984768.9455073]
[-0.00010077985975017468, 0.111572679700867, -0.10490658328569893, 0.005811549981099191, 0.0028281656590414413, 0, 1692984768.992522]
[-0.019219907855381947, 0.04704767969279951, -0.09837109463132226, 0.006535488654376672, 0.0007239386732774813, 0, 1692984769.0428042]
[-0.09099472632373085, 0.0007047551946066765, -0.09432034829623948, 0.004050746335082785, -0.0024847423192938863, 0, 1692984769.0945678]
[-0.1427955638501194, -0.00046244865973864985, -0.09615210093059304, -0.0018317526343535687, -0.005882498969436354, 0, 1692984769.162583]
[-0.16477516408658283, -0.0005939645870155386, -0.1045848674655261, -0.008432766534933064, -0.006601013900579496, 0, 1692984769.2095993]
