Hokin_Second_Time_Right_Hand
Dev2/ai0 Dev2/ai1
[-0.00013365884156636143, -0.003701028370583871, 0.8965424315380004, 0.011553817337130205, 0.011553817337130205, 0, 1692983890.9074938]
[-3.502189611953033e-05, 0.018147054989905216, 0.9184297664814544, 0.021887334943453962, 0.010333517606323759, 0, 1692983890.9535391]
[-0.00011721935065653333, 0.05585924666462623, 0.9489638761753296, 0.0305341096938753, 0.008646774750421337, 0, 1692983891.003418]
[-0.00010077985974930592, 0.09038217669052773, 0.985124323024624, 0.0361604468492944, 0.005626337155419095, 0, 1692983891.0534732]
[-5.146138702762509e-05, 0.09316045056348858, 1.0241644480591048, 0.039040125034480684, 0.0028796781851862835, 0, 1692983891.1037743]
[-3.502189611953033e-05, 0.09140142509404495, 1.065562763289126, 0.04139831523002114, 0.0023581901955404567, 0, 1692983891.1567757]
[-0.00013365884156462808, 0.0871435970835692, 1.109136069905087, 0.04357330661596104, 0.002174991385939897, 0, 1692983891.2069297]
[-0.01568541728454693, 0.06080753332817586, 1.1548869411693448, 0.04575087126425786, 0.002177564648296821, 0, 1692983891.2534106]
[-0.08331748387650714, 0.01704560910820959, 1.202329726876331, 0.04744278570698643, 0.001691914442728574, 0, 1692983891.304015]
[-0.13125504080533523, 0.002973404938445304, 1.2445034633944454, 0.042173736518114235, -0.005269049188872196, 0, 1692983891.355211]
[-0.15062076182835507, 0.002496659702563139, 1.27533194454217, 0.03082848114772458, -0.011345255370389653, 0, 1692983891.4062257]
[-0.15795277507192518, 0.0023322647936196523, 1.2925478975576665, 0.01721595301549647, -0.01361252813222811, 0, 1692983891.4562423]
[-0.15862679422716203, 0.0021678698846691867, 1.2961212989946824, 0.0035734014370159273, -0.013642551578480544, 0, 1692983891.5032651]
[-0.15427032895721257, 0.0020034749757082554, 1.2872771936731842, -0.008844105321498312, -0.01241750675851424, 0, 1692983891.5552769]
[-0.14986454521637188, 0.0020034749757082554, 1.2680993323814977, -0.019177861291686436, -0.010333755970188124, 0, 1692983891.606289]
[-0.1495686343682642, 0.0020199144666059195, 1.2405602709274564, -0.027539061454041495, -0.008361200162355061, 0, 1692983891.6572998]
[-0.150489245895788, 0.0019048380303292533, 1.2058387415166536, -0.03472152941080277, -0.00718246795676127, 0, 1692983891.7033556]
[-0.1548785901455564, 0.001937717012121963, 1.1648769577370295, -0.04096178377962401, -0.006240254368821247, 0, 1692983891.7533686]
[-0.15714723998407498, 0.0018226405758418162, 1.1180312290237646, -0.04684572871326492, -0.005883944933640909, 0, 1692983891.8053842]
[-0.16119135491624195, 0.001839080066740348, 1.0660188746542256, -0.05201235436953905, -0.005166625656274126, 0, 1692983891.8573952]
[-0.16395318950597773, 0.0018226405758418162, 1.0092612981657412, -0.05675757648848443, -0.004745222118945381, 0, 1692983891.9034045]
[-0.16801374393531246, 0.0017404431213535036, 0.948365418288782, -0.06089587987695927, -0.00413830338847484, 0, 1692983891.9535122]
[-0.16692873748830356, 0.0017075641395590535, 0.8837379346968693, -0.06462748359191262, -0.0037316037149533418, 0, 1692983892.005205]
[-0.16053377525226425, 0.0017075641395581805, 0.8164135850826698, -0.06732434961419953, -0.0026968660222869154, 0, 1692983892.0552227]
[-0.15678557116916983, 0.001724003630456715, 0.7478980420321357, -0.06851554305053412, -0.0011911934363345858, 0, 1692983892.1062095]
[-0.15675269218599142, 0.0017075641395581805, 0.6791233875315226, -0.0687746545006132, -0.0002591114500790775, 0, 1692983892.1542113]
[-0.15542109336770743, 0.0017240036304523574, 0.6104482953884267, -0.06867509214309592, 9.956235751728174e-05, 0, 1692983892.203467]
[-0.15338259641204735, 0.0016746851577611119, 0.5422736772143795, -0.06817461817404719, 0.0005004739690487293, 0, 1692983892.2564795]
[-0.15019333504763818, 0.0016253666850663817, 0.47496428940176305, -0.0673093878126164, 0.0008652303614307789, 0, 1692983892.3070943]
[-0.14559027741207722, 0.001576048212369914, 0.40887617448823826, -0.06608811491352477, 0.0012212728990916265, 0, 1692983892.3535252]
[-0.1475958953813034, 0.0016418061759640458, 0.34435944045141254, -0.06451673403682576, 0.0015713808766990162, 0, 1692983892.4042232]
[-0.14361753842685776, 0.0016418061759649201, 0.2811844452422171, -0.06317499520919546, 0.0013417388276302973, 0, 1692983892.4555674]
[-0.1353484741893845, 0.0015596087214713838, 0.21952292437322038, -0.06166152086899671, 0.0015134743401987538, 0, 1692983892.5055826]
[-0.1121030332552148, 0.00155960872147399, 0.15970241409276564, -0.05982051028045472, 0.0018410105885419865, 0, 1692983892.555594]
[-0.055386788252915965, 0.03233433552752535, 0.1026561000605529, -0.05704631403221274, 0.0027741962482419804, 0, 1692983892.603617]
[-0.019088391915379165, 0.0663805206246785, 0.051154342994517946, -0.05150175706603495, 0.00554455696617779, 0, 1692983892.6556575]
[-0.0001007798597475712, 0.08743950791076971, 0.006728244227403056, -0.04442609876711489, 0.00707565829892006, 0, 1692983892.723672]
[-6.79008779331164e-05, 0.08937936777716494, -0.03025358444770703, -0.03698182867511009, 0.007444270092004799, 0, 1692983892.787514]
[-6.79008779331164e-05, 0.08863959070972953, -0.06068826078587162, -0.030434676338164587, 0.0065471523369455015, 0, 1692983892.8365755]
[-1.8582405212301534e-05, 0.08924785185412643, -0.08543932962377221, -0.024751068837900583, 0.005683607500264002, 0, 1692983892.8885875]
[-5.1461387025888985e-05, 0.09222339961256702, -0.10519498853230778, -0.019755658908535575, 0.004995409929365008, 0, 1692983892.9384017]
[-3.502189611866158e-05, 0.08791625313238235, -0.1204384877023809, -0.01524349917007312, 0.004512159738462455, 0, 1692983892.9875832]
[-6.790087793398376e-05, 0.07961431046887242, -0.1319035995040794, -0.0114651118016985, 0.00377838736837462, 0, 1692983893.037601]
[-0.00010077985974843856, 0.04083355222073798, -0.14042968207829132, -0.008526082574211911, 0.002939029227486588, 0, 1692983893.0885642]
[-5.1461387025888985e-05, 0.01005882550420805, -0.14823733058109675, -0.0078076485028054305, 0.0007184340714064809, 0, 1692983893.1403766]
[1.4296576603020638e-05, 0.0025295386843506157, -0.15698799452122456, -0.008750663940127811, -0.0009430154373223801, 0, 1692983893.190123]
[-6.79008779348525e-05, 0.0021349909028756065, -0.1670828769129421, -0.010094882391717557, -0.001344218451589746, 0, 1692983893.2366905]
[-6.79008779331164e-05, 0.0019048380303266401, -0.178555368246179, -0.011472491333236919, -0.0013776089415193616, 0, 1692983893.288703]
[-5.1461387025888985e-05, 0.001937717012122836, -0.19144664148462048, -0.012891273238441475, -0.0014187819052045567, 0, 1692983893.3397222]
[-0.014025028690227748, 0.0018062010849450249, -0.20580030849187295, -0.014353667007252456, -0.0014623937688109819, 0, 1692983893.3897333]
[-0.02408599718456375, 0.03105205524493936, -0.2218667366730449, -0.01606642818117197, -0.0017127611739195154, 0, 1692983893.4367437]
[-3.502189611866158e-05, 0.07634285186674415, -0.23814708487267144, -0.016280348199626524, -0.00021392001845455482, 0, 1692983893.4877481]
[-5.146138702762509e-05, 0.10718333580404567, -0.25190148244348926, -0.013754397570817808, 0.002525950628808716, 0, 1692983893.5386076]
[-0.00010077985975103926, 0.11921704265404523, -0.261640494993152, -0.009739012549662734, 0.004015385021155073, 0, 1692983893.5896208]
[-2.1429143042067667e-06, 0.13143158383585982, -0.2670730004057078, -0.005432505412555822, 0.004306507137106912, 0, 1692983893.6376407]
[-2.1429143068116273e-06, 0.14270907402395783, -0.2678959245395649, -0.0008229241338571216, 0.0046095812786987, 0, 1692983893.6866627]
[-5.1461387025888985e-05, 0.15069866616522218, -0.26388160326512294, 0.004014321274441983, 0.004837245408299105, 0, 1692983893.7396796]
[-6.79008779348525e-05, 0.156353850709467, -0.2550290328564289, 0.008852570408694053, 0.00483824913425207, 0, 1692983893.7886953]
[3.0736067506773045e-05, 0.16041440471961194, -0.24149117070809833, 0.013537862148330592, 0.004685291739636538, 0, 1692983893.8372986]
[-1.8582405213170282e-05, 0.15709362775642055, -0.2235173423106433, 0.017973828397455024, 0.004435966249124433, 0, 1692983893.887509]
[-0.00010077985975017468, 0.152917997310734, -0.20176998019664683, 0.02174736211399646, 0.003773533716541435, 0, 1692983893.9382982]
[-5.1461387025888985e-05, 0.14943282543686848, -0.17688337600451096, 0.02488660419213588, 0.0031392420781394177, 0, 1692983893.9893095]
[-0.00013365884156462808, 0.13226999783069304, -0.14937214948055488, 0.027511226523956066, 0.0026246223318201847, 0, 1692983894.040321]
[-3.502189611866158e-05, 0.10705181988209056, -0.12035384428811308, 0.029018305192441814, 0.0015070786684857468, 0, 1692983894.0876317]
[-0.00011721935065566597, 0.0954948581936162, -0.09109995813286817, 0.029253886155244914, 0.00023558096280309996, 0, 1692983894.1389632]
[-5.1461387029361204e-05, 0.04660381344441456, -0.06201714153475312, 0.029082816598115048, -0.00017106955712986745, 0, 1692983894.1889796]
[-5.146138702849245e-05, 0.03940331653309404, -0.03489997489590731, 0.02711716663884581, -0.001965649959269238, 0, 1692983894.2399917]
[-6.79008779331164e-05, 0.020859570975016773, -0.009543926163683686, 0.02535604873222362, -0.0017611179066221888, 0, 1692983894.287512]
[-0.00011721935065653333, 0.0019048380303275103, 0.013858474902789113, 0.0234024010664728, -0.0019536476657508206, 0, 1692983894.337727]
[-3.502189611952894e-05, 0.001724003630455842, 0.03518625381641277, 0.021327778913623655, -0.002074622152849144, 0, 1692983894.3887396]
[-0.02140636014792878, 0.0017404431213535062, 0.05495989910681194, 0.019773645290399166, -0.0015541336232244888, 0, 1692983894.4387503]
[-0.04172557110714168, 0.0017568826122502947, 0.07278415135709149, 0.01782425225027955, -0.0019493930401196177, 0, 1692983894.4875104]
[-0.053266093890166163, 0.0016582456668643233, 0.0882400586966499, 0.015455907339558417, -0.002368344910721132, 0, 1692983894.5377803]
[-0.06472441925472919, 0.0017240036304575878, 0.10122997345968078, 0.012989914763030878, -0.0024659925765275394, 0, 1692983894.589796]
[-0.07855003139942343, 0.0017075641395581805, 0.11161708880203641, 0.010387115342355625, -0.0026027994206752523, 0, 1692983894.6545498]
[-0.08655606366325927, 0.0016746851577585, 0.11912045012003694, 0.007503361318000535, -0.0028837540243550905, 0, 1692983894.7209928]
[-0.09050154158178403, 0.0016582456668634503, 0.1237099021299874, 0.004589452009950462, -0.0029139093080500725, 0, 1692983894.773004]
[-0.09324693663569802, 0.0016911246486596462, 0.1255202590701179, 0.0018103569401304947, -0.0027790950698199676, 0, 1692983894.824016]
[-0.0932962551097505, 0.001625366685065513, 0.12471199449734122, -0.0008082645727766923, -0.002618621512907187, 0, 1692983894.887487]
[-0.08556969418434157, 0.0016253666850672547, 0.12153905253101123, -0.0031729419663299886, -0.002364677393553296, 0, 1692983894.937486]
[-0.06064742543410693, 0.00165824566686084, 0.11657871252999201, -0.0049603400010192165, -0.0017873980346892284, 0, 1692983894.9890618]
[-0.0195980161368293, 0.0015431692305737182, 0.11112083322549082, -0.005457879304501189, -0.0004975393034819726, 0, 1692983895.0400746]
[-0.00010077985976404691, 0.0015760482123707829, 0.10702119315022028, -0.004099640075270536, 0.001358239229230652, 0, 1692983895.0870903]
[-3.502189612126644e-05, 0.0015760482123716557, 0.10496553162616384, -0.0020556615240564327, 0.0020439785512141036, 0, 1692983895.1543474]
[-0.00013365884156376072, 0.0015431692305737182, 0.10472207048331396, -0.00024346114284989093, 0.0018122003812065417, 0, 1692983895.2063665]
[-6.79008779331164e-05, 0.010256099381305814, 0.10610083923773142, 0.0013787687544174658, 0.0016222298972673568, 0, 1692983895.2733817]
[-0.00010077985974843856, 0.021582908570529115, 0.10916422690681774, 0.0030633876690863123, 0.0016846189146688462, 0, 1692983895.3205245]
[-6.790087793485112e-05, 0.031101373722817387, 0.11404297636073459, 0.004878749453916856, 0.001815361784830544, 0, 1692983895.3705246]
[-8.434036884121115e-05, 0.032959036175522496, 0.12083128351222037, 0.006788307151485786, 0.0019095576975689298, 0, 1692983895.439544]
[-2.1429143050755163e-06, 0.018903271570473508, 0.1294571838824657, 0.008625900370245305, 0.0018375932187595198, 0, 1692983895.505521]
[-5.1461387025888985e-05, 0.00031020741291139795, 0.139548756379638, 0.010091572497172314, 0.001465672126927009, 0, 1692983895.57063]
[-8.434036884207851e-05, 0.00016225199475677492, 0.15072125416960977, 0.01117249778997177, 0.0010809252927994563, 0, 1692983895.620638]
[-1.858240521230292e-05, 9.649403113568267e-05, 0.16302763231927042, 0.012306378149660657, 0.001133880359688886, 0, 1692983895.6900988]
[-0.049419252959087945, 8.005454022758652e-05, 0.17653870236061558, 0.013511070041345156, 0.0012046918916845, 0, 1692983895.7381096]
[-0.08063784679323685, 6.361504932296536e-05, 0.1887718317341589, 0.012233129373543327, -0.0012779406678018294, 0, 1692983895.787126]
[-0.09303322324819059, -2.1429143050755163e-06, 0.1983158716843469, 0.009544039950188002, -0.0026890894233553243, 0, 1692983895.8383844]
[-0.09515391763236923, -3.502189611866158e-05, 0.20483087825456223, 0.006515006570215328, -0.0030290333799726735, 0, 1692983895.8883955]
[-0.09877060573202276, 6.361504932122785e-05, 0.20853822822233653, 0.0037073499677742925, -0.002807656602441036, 0, 1692983895.9544206]
[-0.10297911552481291, -2.1429143050755163e-06, 0.20953828906262617, 0.0010000608402896448, -0.0027072891274846477, 0, 1692983896.0044355]
[-0.10920968276506145, -6.790087793398514e-05, 0.20787329820871525, -0.0016649908539109206, -0.0026650516942005654, 0, 1692983896.0555203]
[-0.11465115442580842, -2.1429143059442655e-06, 0.20346068608414336, -0.004412612124571894, -0.002747621270660974, 0, 1692983896.1065347]
[-0.12093104015775161, -3.502189611866158e-05, 0.19626154367377013, -0.00719914241037323, -0.0027865302858013355, 0, 1692983896.1710591]
[-0.121654377781923, -2.1429143042067667e-06, 0.18619486805124075, -0.010066675622529374, -0.002867533212156144, 0, 1692983896.2375205]
[-0.11913913558937525, -3.50218961203963e-05, 0.17348429373826937, -0.012710574312971363, -0.0026438986904419883, 0, 1692983896.2895324]
[-0.10102281605058952, -3.502189611866158e-05, 0.15849405343989026, -0.014990240298379127, -0.002279665985407764, 0, 1692983896.355557]
[-0.06171599236283121, -8.434036884121115e-05, 0.14231813763316373, -0.01617591580672652, -0.0011856755083473932, 0, 1692983896.4041626]
[-0.026634118295721477, -5.1461387025888985e-05, 0.1269037396561363, -0.015414397977027431, 0.0007615178296990905, 0, 1692983896.454405]
[-0.00016653782338601765, -0.00010077985974843856, 0.11368373553251199, -0.013220004123624311, 0.0021943938534031197, 0, 1692983896.5064194]
[-0.00011721935065740069, -0.00013365884156549686, 0.1034819975492201, -0.010201737983291884, 0.0030182661403324275, 0, 1692983896.57244]
[-0.0001500983324718555, -6.790087793398376e-05, 0.09584781159274432, -0.007634185956475789, 0.0025675520268160956, 0, 1692983896.6375132]
[-3.502189611953033e-05, 3.0736067508510546e-05, 0.09040764983540256, -0.0054401617573417525, 0.0021940241991340367, 0, 1692983896.68775]
[-0.00010077985974843856, -6.79008779331164e-05, 0.08686502251816182, -0.0035426273172407467, 0.0018975344401010058, 0, 1692983896.756649]
[-6.790087793398376e-05, 0.01341248163666387, 0.08497539065943166, -0.0018896318587301657, 0.001652995458510581, 0, 1692983896.8226767]
[-1.8582405213170282e-05, 0.009286169434200173, 0.08488368648684887, -9.170417258278656e-05, 0.001797927686147379, 0, 1692983896.8702874]
[-0.011000162350641465, -0.0006926015324875051, 0.08630671420916587, 0.0014230277223170047, 0.0015147318948997913, 0, 1692983896.920934]
