Hokin_Second_Time_Right_Hand
Dev2/ai0 Dev2/ai1
[-0.022310532153715673, -0.0012515442234918308, 1.0336719666306162, 0.009602032836752572, 0.009602032836752572, 0, 1692983967.1943345]
[-0.021044691345281235, 0.0027103730840075226, 1.0520108600104927, 0.018338893379876414, 0.008736860543123842, 0, 1692983967.2405932]
[-0.01846369125687866, 0.013050812838209472, 1.0783792764910098, 0.026368416480517173, 0.00802952310064076, 0, 1692983967.2909172]
[-0.01742800332388625, 0.01923206138666695, 1.1116891954489325, 0.03330991895792269, 0.0069415024774055235, 0, 1692983967.3409188]
[-0.018019824999839, 0.02317753917684663, 1.1510314695625121, 0.03934227411357964, 0.006032355155656945, 0, 1692983967.3909214]
[-0.015784054224582306, 0.02718877492478839, 1.1954898077546903, 0.04445833819217811, 0.005116064078598465, 0, 1692983967.4439247]
[-0.019663774100571036, 0.028684768583436666, 1.2446204106708207, 0.04913060291613038, 0.004672264723952278, 0, 1692983967.4939363]
[-0.0765937319396893, 0.008940940126047691, 1.2972333177641093, 0.052612907093288676, 0.003482304177158293, 0, 1692983967.5405197]
[-0.18647529306428878, -0.004835353244719476, 1.3454499276137313, 0.04821660984962205, -0.0043962972436666315, 0, 1692983967.5910013]
[-0.24478617034356515, -0.004670958335398663, 1.3711321830169283, 0.025682255403196932, -0.022534354446425115, 0, 1692983967.6423662]
[-0.2463150430844371, -0.004588760880739115, 1.3660251165238353, -0.005107066493092911, -0.030789321896289842, 0, 1692983967.6923776]
[-0.24189281978066624, -0.004621639862602762, 1.3330662518323282, -0.03295886469150716, -0.027851798198414247, 0, 1692983967.7429385]
[-0.2344621694773667, -0.004572321389807721, 1.2765193144460354, -0.056546937386292795, -0.023588072694785633, 0, 1692983967.7903936]
[-0.22472999033145263, -0.0045394424079449325, 1.201158988428199, -0.07536032601783646, -0.018813388631543665, 0, 1692983967.8410263]
[-0.22108042315551518, -0.004572321389807721, 1.1118518199916172, -0.08930716843658185, -0.013946842418745393, 0, 1692983967.8936222]
[-0.21751305344053823, -0.004490123935153323, 1.0120694365976919, -0.09978238339392521, -0.01047521495734337, 0, 1692983967.9436083]
[-0.21356757541716576, -0.004490123935154184, 0.904914054444248, -0.10715538215344383, -0.00737299875951862, 0, 1692983967.9906275]
[-0.2073205685520389, -0.004473684444223647, 0.7931156259869799, -0.1117984284572681, -0.004643046303824274, 0, 1692983968.0406446]
[-0.20182977831288001, -0.004490123935154184, 0.6792265754145725, -0.11388905057240739, -0.002090622115139294, 0, 1692983968.0926561]
[-0.19571428739392377, -0.004457244953296547, 0.5652085036907184, -0.11401807172385414, -0.00012902115144675235, 0, 1692983968.1426678]
[-0.18856310850525873, -0.0045065634260847195, 0.4526372024726331, -0.11257130121808527, 0.0014467705057688671, 0, 1692983968.1909575]
[-0.16904943190796531, -0.00442436597143204, 0.3427567355228365, -0.10988046694979663, 0.0026908342682886496, 0, 1692983968.23998]
[-0.1086178610760153, 0.04740934848643953, 0.23727836600042718, -0.10547836952240928, 0.004402097427387338, 0, 1692983968.2919674]
[-0.04940281346814678, 0.09255218941869257, 0.14003390335465127, -0.09724446264577592, 0.008233906876633364, 0, 1692983968.3429823]
[-0.014436015963965177, 0.12988627176454753, 0.054048684266088526, -0.08598521908856274, 0.011259243557213184, 0, 1692983968.392645]
[-0.0021063977511740885, 0.15096169800453224, -0.019407373368013833, -0.07345605763410236, 0.012529161454460381, 0, 1692983968.4406693]
[-8.434036884034379e-05, 0.16292964667355928, -0.08046087521584742, -0.06105350184783359, 0.012402555786268766, 0, 1692983968.4905155]
[-1.858240521230292e-05, 0.17292485650251238, -0.12976060256825303, -0.049299727352405606, 0.011753774495427985, 0, 1692983968.5435288]
[-5.146138702675635e-05, 0.18198301537128653, -0.16792791848555033, -0.038167315917297315, 0.01113241143510829, 0, 1692983968.5925424]
[-2.142914306813015e-06, 0.18633948014982002, -0.19550974973612717, -0.02758183125057685, 0.010585484666720466, 0, 1692983968.6401126]
[-3.502189611952894e-05, 0.18701349922798655, -0.2132259680431315, -0.017716218307004317, 0.009865612943572534, 0, 1692983968.6901267]
[-5.146138702762509e-05, 0.18666826994409064, -0.22195056011853082, -0.008724592075399327, 0.00899162623160499, 0, 1692983968.741984]
[-1.8582405211434173e-05, 0.18213097077907836, -0.22256419427273585, -0.0006136341542050307, 0.008110957921194296, 0, 1692983968.7935903]
[-5.146138702675635e-05, 0.17807041680827923, -0.21613142444870515, 0.006432769824030723, 0.007046403978235753, 0, 1692983968.8436017]
[-8.434036884207851e-05, 0.17573600925890945, -0.20360915681792988, 0.01252226763077528, 0.006089497806744556, 0, 1692983968.8909898]
[-1.858240521230292e-05, 0.17348379915614304, -0.18577736177355914, 0.017831795044370748, 0.005309527413595468, 0, 1692983968.941517]
[-3.502189612039769e-05, 0.17013014323250347, -0.16334131465857854, 0.02243604711498061, 0.0046042520706098605, 0, 1692983968.992514]
[-1.858240521230292e-05, 0.1681738439413985, -0.1369955648098631, 0.02634574984871543, 0.0039097027337348204, 0, 1692983969.0425305]
[-0.001859805387358901, 0.16615178668913097, -0.10728950810026035, 0.029706056709602763, 0.0033603068608873327, 0, 1692983969.090158]
[-0.004884671717513658, 0.16163092697213105, -0.0747579537726695, 0.032531554327590854, 0.002825497617988093, 0, 1692983969.1407585]
[-0.0037503468433617167, 0.1616473664620786, -0.04002051211827414, 0.03473744165439536, 0.0022058873268045068, 0, 1692983969.1937714]
[-0.004342168516793969, 0.1408678511385039, -0.0033313714611194825, 0.03668914065715466, 0.0019516990027592983, 0, 1692983969.2437823]
[-0.006988926557607099, 0.07650724676983432, 0.034316068656518664, 0.037647440117638147, 0.0009582994604834897, 0, 1692983969.2905295]
[-0.0213241626930906, 0.03182471131427446, 0.07077857558462024, 0.03646250692810157, -0.0011849331895365737, 0, 1692983969.3405447]
[-0.05928294766443907, 0.0036967425375775743, 0.10462901894980375, 0.03385044336518351, -0.002612063562918061, 0, 1692983969.3915617]
[-0.10256812824030101, 0.002907646974879957, 0.1341065942250724, 0.029477575275268637, -0.004372868089914873, 0, 1692983969.4585118]
[-0.11465115442580072, 0.002677494102388582, 0.15782519101068865, 0.023718596785616244, -0.005758978489652393, 0, 1692983969.5075119]
[-0.11853087440569876, 0.0026117361388179995, 0.17585064574216008, 0.018025454731471442, -0.0056931420541448015, 0, 1692983969.5575283]
[-0.1230352950647939, 0.002529538684349744, 0.1886018711859833, 0.012751225443823217, -0.005274229287648225, 0, 1692983969.60854]
[-0.1281808558963714, 0.0024309017389846977, 0.19639700448676786, 0.0077951333007845805, -0.004956092143038637, 0, 1692983969.6766834]
[-0.129890563011073, 0.0022993858118286873, 0.19946831389767175, 0.0030713094109038903, -0.00472382388988069, 0, 1692983969.7410285]
[-0.12951245470680248, 0.0022993858118295586, 0.19819812929300173, -0.001270184604670017, -0.004341494015573907, 0, 1692983969.7900434]
[-0.129989199960027, 0.002233627848249374, 0.1930394361232941, -0.0051586931697076245, -0.0038885085650376076, 0, 1692983969.8420548]
[-0.12926586233446652, 0.0021678698846691867, 0.18434787286609705, -0.008691563257197048, -0.0035328700874894224, 0, 1692983969.8920681]
[-0.12974260758766723, 0.0022007488664584074, 0.17250262194282115, -0.01184525092327589, -0.003153687666078842, 0, 1692983969.9410865]
[-0.1281479769134069, 0.0022007488664584074, 0.15777853397586905, -0.014724087966952092, -0.0028788370436762015, 0, 1692983969.9910858]
[-0.12841100877714745, 0.0021021119210855115, 0.14052284699196838, -0.017255686983900686, -0.002531599016948593, 0, 1692983970.0415125]
[-0.12806577945596992, 0.002118551411982303, 0.12094689118854196, -0.019575955803426408, -0.0023202688195257237, 0, 1692983970.0935245]
[-0.12813153742190933, 0.0021185514119814314, 0.09926769082124408, -0.021679200367297882, -0.002103244563871475, 0, 1692983970.1435378]
[-0.12778630810076436, 0.002052793448396012, 0.07565647776081368, -0.023611213060430406, -0.0019320126931325233, 0, 1692983970.1906347]
[-0.12433401489072975, 0.002036353957501838, 0.05027903146876126, -0.025377446292052415, -0.0017662332316220096, 0, 1692983970.240834]
[-0.12017482355080537, 0.002036353957500965, 0.023401367042123408, -0.026877664426637853, -0.0015002181345854372, 0, 1692983970.2928455]
[-0.10634921126057126, 0.002102111921085513, -0.004733074522635276, -0.028134441564758684, -0.0012567771381208326, 0, 1692983970.3597229]
[-0.05170434223027256, 0.0020034749757091284, -0.03360666692793279, -0.02887359240529752, -0.0007391508405388356, 0, 1692983970.4237444]
[-0.017214289941143025, 0.0056366024616743724, -0.061598127080054736, -0.027991460152121943, 0.0008821322531755787, 0, 1692983970.473515]
[-0.0017118499691427176, 0.03018076224076711, -0.08796314997446186, -0.026365022894407134, 0.0016264372577148084, 0, 1692983970.5265296]
[-1.858240521230292e-05, 0.06296110659258078, -0.1117590767376023, -0.023795926763140435, 0.0025690961312667, 0, 1692983970.592468]
[-5.1461387025888985e-05, 0.0713945652319871, -0.13199887962527398, -0.02023980288767169, 0.003556123875468744, 0, 1692983970.6575425]
[-6.790087793398376e-05, 0.07506057161087935, -0.14881146640634196, -0.016812586781067965, 0.0034272161066037257, 0, 1692983970.7076495]
[-3.502189612126644e-05, 0.07968006843084494, -0.16248766573953974, -0.013676199333197773, 0.0031363874478701915, 0, 1692983970.7756646]
[-8.434036884207851e-05, 0.08066643785751024, -0.173205791436455, -0.010718125696915276, 0.0029580736362824975, 0, 1692983970.8406825]
[-0.001925563351031953, 0.07861150155147702, -0.18128326765974465, -0.008077476223289633, 0.0026406494736256414, 0, 1692983970.8907044]
[-0.004523002917015254, 0.0790389283032916, -0.18717310430898043, -0.005889836649235796, 0.002187639574053838, 0, 1692983970.941081]
[-0.004638079353534158, 0.07578390919177476, -0.19114866152164137, -0.003975557212660935, 0.001914279436574861, 0, 1692983970.9938712]
[-0.004621639862601905, 0.07090138051700769, -0.19360143065140475, -0.0024527691297633923, 0.001522788082897543, 0, 1692983971.0428817]
[-0.0033229200792967662, 0.05720728489344312, -0.19496114778565987, -0.0013597171342551056, 0.0010930519955082867, 0, 1692983971.0907683]
[-0.005575130336775475, 0.02633392140458653, -0.19606412526940686, -0.0011029774837469867, 0.00025673965050811886, 0, 1692983971.1407835]
[-0.00929045529054665, 0.003335073738031551, -0.198639047117048, -0.0025749218476411387, -0.0014719443638941518, 0, 1692983971.2097845]
[-0.01137827064258878, 0.0029076469748799626, -0.20386334093986574, -0.0052242938228177615, -0.0026493719751766232, 0, 1692983971.275813]
[-0.013712678360655881, 0.002759691556852473, -0.21159298399925808, -0.007729643059392334, -0.0025053492365745733, 0, 1692983971.3405097]
[-0.010950843877488951, 0.04734359052474292, -0.22171676346303712, -0.01012377946377904, -0.0023941364043867062, 0, 1692983971.4101272]
[-0.011197436241959246, 0.0644242212511144, -0.2315786909745704, -0.009861927511533272, 0.0002618519522457686, 0, 1692983971.4574487]
[-0.01188789486257937, 0.07507701110129394, -0.24031192487657443, -0.008733233902004024, 0.0011286936095292487, 0, 1692983971.508773]
[-0.012002971299364732, 0.08216243148730097, -0.24747462351112073, -0.007162698634546298, 0.0015705352674577262, 0, 1692983971.5742218]
[-0.01351540446891758, 0.08471055250313955, -0.25284725776203454, -0.005372634250913805, 0.0017900643836324928, 0, 1692983971.6252325]
[-0.013498964977939459, 0.08752170536279066, -0.2564959476016774, -0.0036486898396428137, 0.0017239444112709908, 0, 1692983971.6922476]
[-0.014551092400655158, 0.08803132956511973, -0.25844085664096295, -0.0019449090392855465, 0.0017037808003572672, 0, 1692983971.7402616]
[-0.016441633864205035, 0.08477631046474869, -0.25883793814387945, -0.000397081502916531, 0.0015478275363690155, 0, 1692983971.7905123]
[-0.01751020077887393, 0.0782991512327247, -0.25805393282507, 0.0007840053188094319, 0.001181086821725963, 0, 1692983971.859529]
[-0.021932423860235202, 0.0603472275938283, -0.25660137368697594, 0.0014525591380940483, 0.0006685538192846164, 0, 1692983971.9265404]
[-0.022409169099846492, 0.05913070529159807, -0.2556517018261427, 0.0009496718608332065, -0.0005028872772608418, 0, 1692983971.9905107]
[-0.020551506614854824, 0.07397556523919821, -0.25522542641592283, 0.00042627541021990703, -0.0005233964506132995, 0, 1692983972.0606346]
[-0.0200583218845012, 0.07468246332987828, -0.25436428433514624, 0.000861142080776571, 0.000434866670556664, 0, 1692983972.1257012]
[-0.020781659489042908, 0.07348238052466302, -0.25306133122592, 0.0013029531092262115, 0.00044181102844964045, 0, 1692983972.191138]
[-0.020567946105867135, 0.07847998562781221, -0.2514318528226817, 0.0016294784032383023, 0.0003265252940120908, 0, 1692983972.2595162]
[-0.020535067123840862, 0.0850886607826706, -0.2492014776148796, 0.0022303752078021294, 0.000600896804563827, 0, 1692983972.3094826]
[-0.020699462033976386, 0.08952732319069283, -0.2460285634793473, 0.0031729141355323186, 0.0009425389277301895, 0, 1692983972.359494]
[-0.020781659489043737, 0.09227271808365735, -0.24173524551985492, 0.004293317959492378, 0.0011204038239600595, 0, 1692983972.4075096]
[-0.020913175417159598, 0.09273302381400775, -0.2362594068080289, 0.0054758387118260315, 0.0011825207523336533, 0, 1692983972.459557]
[-0.021504997093745787, 0.09036573720025184, -0.22967708790256144, 0.006582318905467468, 0.001106480193641436, 0, 1692983972.510554]
[-0.021883105387175972, 0.08868890918083275, -0.22222072121127312, 0.007456366691288337, 0.0008740477858208697, 0, 1692983972.5744882]
[-0.022688640447237316, 0.08778473720920385, -0.21405254615018207, 0.008168175061091043, 0.0007118083698027056, 0, 1692983972.6405103]
[-0.02293523281260428, 0.0871435970836254, -0.20527607601627917, 0.008776470133902883, 0.0006082950728118397, 0, 1692983972.692522]
[-0.023395538561333216, 0.08576267988956962, -0.19596030562263958, 0.0093157703936396, 0.0005393002597367155, 0, 1692983972.7585595]
[-0.02400379972940011, 0.08380638053004641, -0.1862072769792797, 0.0097530286433599, 0.00043725824972030096, 0, 1692983972.8075106]
[-0.024398347514146042, 0.08091303021414677, -0.1761378117024744, 0.010069465276805311, 0.0003164366334454107, 0, 1692983972.857522]
[-0.024612060897573618, 0.07356457797703793, -0.1659015967878234, 0.010236214914650984, 0.00016674963784567298, 0, 1692983972.909535]
[-0.025088806137571647, 0.07366321492000091, -0.15585034792098817, 0.010051248866835227, -0.00018496604781575657, 0, 1692983972.9755476]
[-0.02490797173618775, 0.07376185186290614, -0.14592079742686853, 0.009929550494119645, -0.00012169837271558237, 0, 1692983973.024509]
[-0.023987360238364768, 0.0732193486768286, -0.1360449895023587, 0.00987580792450985, -5.3742569609795795e-05, 0, 1692983973.074527]
[-0.023346220088250953, 0.0642927053267945, -0.12617740423667984, 0.00986758526567885, -8.222658830998454e-06, 0, 1692983973.1263015]
[-0.021883105387175975, 0.024114590150377233, -0.11667165634221867, 0.00950574789446117, -0.0003618373712176805, 0, 1692983973.1923206]
[-0.02691358964316525, 0.002973404938445302, -0.10924118810454643, 0.007430468237672237, -0.0020752796567889333, 0, 1692983973.2575197]
