HokinRight_Hand
Dev2/ai0 Dev2/ai1
[-3.38359758e-01  3.44701078e-01  1.69204470e+09]
[-3.41729854e-01  3.44569562e-01  1.69204470e+09]
[-3.45954804e-01  3.48235568e-01  1.69204470e+09]
[-3.52925148e-01  3.58296535e-01  1.69204470e+09]
[-3.50557861e-01  3.76248456e-01  1.69204470e+09]
[-3.56114410e-01  3.79750067e-01  1.69204470e+09]
[-3.54404703e-01  3.80851513e-01  1.69204470e+09]
[-3.59106397e-01  3.81098105e-01  1.69204470e+09]
[-3.63035436e-01  3.96452587e-01  1.69204470e+09]
[-3.59681780e-01  3.99000708e-01  1.69204470e+09]
[-3.58070709e-01  3.95071670e-01  1.69204470e+09]
[-3.52547040e-01  3.90649448e-01  1.69204470e+09]
[-3.54125231e-01  3.88052009e-01  1.69204470e+09]
[-3.54371824e-01  3.83037965e-01  1.69204470e+09]
[-3.58728289e-01  3.81952959e-01  1.69204470e+09]
[-3.59303671e-01  3.82166672e-01  1.69204470e+09]
[-3.59961251e-01  3.78747258e-01  1.69204470e+09]
[-3.58037830e-01  3.76823838e-01  1.69204470e+09]
[-3.54569098e-01  3.72220782e-01  1.69204470e+09]
[-3.4866732e-01  3.6778212e-01  1.6920447e+09]
[-3.40579090e-01  3.63442095e-01  1.69204470e+09]
[-3.36650051e-01  3.60466548e-01  1.69204470e+09]
[-3.35910274e-01  3.58428051e-01  1.69204470e+09]
[-3.37537784e-01  3.58921236e-01  1.69204470e+09]
[-3.38310440e-01  3.62011859e-01  1.69204470e+09]
[-3.36896644e-01  3.64625738e-01  1.69204470e+09]
[-3.35532166e-01  3.65168241e-01  1.69204470e+09]
[-3.30107133e-01  3.65118923e-01  1.69204470e+09]
[-3.26375369e-01  3.63935280e-01  1.69204470e+09]
[-3.20309196e-01  3.61025490e-01  1.69204470e+09]
[-3.15541744e-01  3.58723962e-01  1.69204470e+09]
[-3.09228979e-01  3.57096453e-01  1.69204470e+09]
[-3.03031290e-01  3.54203103e-01  1.69204470e+09]
[-3.01157188e-01  3.52871504e-01  1.69204470e+09]
[-2.97787092e-01  3.52246803e-01  1.69204470e+09]
[-2.97277468e-01  3.52345440e-01  1.69204470e+09]
[-2.93331990e-01  3.51934453e-01  1.69204470e+09]
[-2.90537276e-01  3.51572784e-01  1.69204470e+09]
[-2.89468709e-01  3.50422020e-01  1.69204470e+09]
[-2.86032855e-01  3.49780880e-01  1.69204470e+09]
[-2.79292664e-01  3.51391950e-01  1.69204470e+09]
[-2.64727274e-01  3.56405994e-01  1.69204470e+09]
[-2.57888445e-01  3.59414420e-01  1.69204470e+09]
[-2.57888445e-01  3.59808968e-01  1.69204470e+09]
[-2.59828305e-01  3.59956923e-01  1.69204470e+09]
[-2.66436981e-01  3.59940484e-01  1.69204470e+09]
[-2.84487543e-01  3.59085631e-01  1.69204470e+09]
[-3.00170819e-01  3.60811777e-01  1.69204470e+09]
[-3.11004444e-01  3.62817394e-01  1.69204470e+09]
[-3.17119935e-01  3.63655808e-01  1.69204470e+09]
[-3.17333648e-01  3.63228382e-01  1.69204470e+09]
[-3.13338852e-01  3.63031108e-01  1.69204470e+09]
[-3.10757851e-01  3.61551554e-01  1.69204470e+09]
[-3.12073011e-01  3.62011859e-01  1.69204470e+09]
[-3.21262687e-01  3.63014668e-01  1.69204470e+09]
[-3.34841707e-01  3.64675057e-01  1.69204470e+09]
[-3.43472440e-01  3.65069604e-01  1.69204470e+09]
[-3.49324900e-01  3.67058782e-01  1.69204470e+09]
[-3.47746708e-01  3.68258865e-01  1.69204470e+09]
[-3.46004122e-01  3.66845069e-01  1.69204470e+09]
[-3.36682930e-01  3.64313388e-01  1.69204470e+09]
[-3.28709777e-01  3.60335032e-01  1.69204470e+09]
[-3.21706553e-01  3.54416816e-01  1.69204470e+09]
[-3.15837654e-01  3.49517848e-01  1.69204470e+09]
[-3.16215763e-01  3.47150562e-01  1.69204470e+09]
[-3.18665247e-01  3.46756014e-01  1.69204470e+09]
[-3.24501267e-01  3.49945275e-01  1.69204470e+09]
[-3.27065827e-01  3.54088026e-01  1.69204470e+09]
[-3.27493254e-01  3.52723549e-01  1.69204470e+09]
[-3.21312005e-01  3.50537097e-01  1.69204470e+09]
[-3.12286724e-01  3.47002607e-01  1.69204470e+09]
[-3.04675239e-01  3.44684639e-01  1.69204470e+09]
[-2.98033685e-01  3.40624085e-01  1.69204470e+09]
[-2.85687626e-01  3.31894717e-01  1.69204470e+09]
[-2.67620625e-01  3.13564687e-01  1.69204470e+09]
[-2.61899681e-01  3.04325694e-01  1.69204470e+09]
[-2.62458624e-01  3.05690172e-01  1.69204470e+09]
[-2.63527191e-01  3.07794427e-01  1.69204470e+09]
[-2.61932560e-01  3.08386248e-01  1.69204470e+09]
[-2.61258541e-01  3.07334121e-01  1.69204470e+09]
