HokinRight_Hand
Dev2/ai0 Dev2/ai1
[-7.22372668e-02  4.12445395e-02  1.69204481e+09]
[-5.19344951e-02  2.81422654e-02  1.69204481e+09]
[-3.85527493e-02  2.26514755e-02  1.69204481e+09]
[-3.08590675e-02  1.52865836e-02  1.69204481e+09]
[-2.62888890e-02  7.32987002e-03  1.69204481e+09]
[-1.97295321e-02  4.15704828e-03  1.69204481e+09]
[-1.13947101e-02  3.94333490e-03  1.69204481e+09]
[-2.20503470e-03  4.02553236e-03  1.69204481e+09]
[-1.85824052e-05  4.04197185e-03  1.69204481e+09]
[-1.00779860e-04  3.99265337e-03  1.69204481e+09]
[-5.36113232e-02  3.86113745e-03  1.69204481e+09]
