HokinRight_Hand
Dev2/ai0 Dev2/ai1
[-3.13470368e-01  3.99265337e-03  1.69204481e+09]
[-3.08242609e-01  3.97621388e-03  1.69204481e+09]
[-3.12056571e-01  3.97621388e-03  1.69204481e+09]
[-3.22380572e-01  3.91045592e-03  1.69204481e+09]
[-3.23761490e-01  3.89401643e-03  1.69204481e+09]
[-3.36715809e-01  3.92689541e-03  1.69204481e+09]
[-3.26737038e-01  3.87757694e-03  1.69204481e+09]
[-3.12336043e-01  3.95977439e-03  1.69204481e+09]
[-2.65730083e-01  5.65003868e-02  1.69204481e+09]
[-1.53333278e-01  2.11491899e-01  1.69204481e+09]
[-7.73663880e-02  3.09586331e-01  1.69204481e+09]
[-3.22564242e-02  3.56241599e-01  1.69204481e+09]
[-1.28578248e-02  3.94315454e-01  1.69204481e+09]
[-4.25997106e-03  4.10722062e-01  1.69204481e+09]
[-1.33658842e-04  4.16393686e-01  1.69204481e+09]
[-3.50218961e-05  4.09456222e-01  1.69204481e+09]
[-1.00779860e-04  3.99477453e-01  1.69204481e+09]
[-7.33415587e-03  3.96107358e-01  1.69204481e+09]
[-8.44024903e-02  3.92359154e-01  1.69204481e+09]
[-1.79669344e-01  3.91833091e-01  1.69204481e+09]
[-2.72371638e-01  3.95170307e-01  1.69204481e+09]
[-3.33444350e-01  4.08058865e-01  1.69204481e+09]
[-3.71205863e-01  4.46823177e-01  1.69204481e+09]
[-3.86741183e-01  4.68523300e-01  1.69204481e+09]
[-4.00353083e-01  4.78288355e-01  1.69204481e+09]
[-3.95355477e-01  4.87823258e-01  1.69204481e+09]
[-3.88730362e-01  4.93790792e-01  1.69204481e+09]
[-3.80872285e-01  4.92327677e-01  1.69204481e+09]
[-3.62871041e-01  4.94020944e-01  1.69204481e+09]
[-3.50903091e-01  4.83401036e-01  1.69204481e+09]
[-3.31997675e-01  4.67569810e-01  1.69204481e+09]
[-3.21706553e-01  4.58330818e-01  1.69204481e+09]
[-3.11119520e-01  4.49831603e-01  1.69204481e+09]
[-3.05661609e-01  4.41069356e-01  1.69204481e+09]
[-2.99315965e-01  4.11363202e-01  1.69204481e+09]
[-2.97178831e-01  3.94529167e-01  1.69204481e+09]
[-2.81265403e-01  3.15718260e-01  1.69204481e+09]
[-2.50046808e-01  1.74601684e-01  1.69204481e+09]
[-2.08635728e-01  1.60134933e-01  1.69204481e+09]
[-1.81822917e-01  1.43892717e-01  1.69204481e+09]
[-1.89023414e-01  1.56551125e-01  1.69204481e+09]
[-1.79850178e-01  1.54496188e-01  1.69204481e+09]
[-1.73109986e-01  1.03254298e-01  1.69204481e+09]
[-1.27835627e-01  2.00347498e-03  1.69204481e+09]
[-4.39613419e-02  2.13499090e-03  1.69204481e+09]
[-6.10404078e-04  8.81628455e-02  1.69204481e+09]
[-2.65174769e-04  2.19366415e-01  1.69204481e+09]
[-8.95151721e-02  3.32700252e-01  1.69204481e+09]
[-2.52923719e-01  3.73075635e-01  1.69204481e+09]
[-3.74707475e-01  3.78434908e-01  1.69204481e+09]
[-4.33626615e-01  3.97833504e-01  1.69204481e+09]
[-4.72982759e-01  4.12168737e-01  1.69204481e+09]
[-5.07259100e-01  4.20618634e-01  1.69204481e+09]
[-5.16169304e-01  4.21785838e-01  1.69204481e+09]
[-5.03921883e-01  4.35266217e-01  1.69204481e+09]
[-4.96721385e-01  4.44110662e-01  1.69204481e+09]
[-5.24158897e-01  4.49650769e-01  1.69204481e+09]
[-5.34844567e-01  4.50291909e-01  1.69204481e+09]
[-5.35222676e-01  4.51228960e-01  1.69204481e+09]
[-5.07127584e-01  4.50785093e-01  1.69204481e+09]
[-5.00354513e-01  4.46050521e-01  1.69204481e+09]
[-5.00699742e-01  4.42269439e-01  1.69204481e+09]
[-5.22975254e-01  4.47053330e-01  1.69204481e+09]
[-5.12914285e-01  4.40839204e-01  1.69204481e+09]
[-5.06864552e-01  4.46477948e-01  1.69204481e+09]
[-5.04678099e-01  4.43420203e-01  1.69204481e+09]
[-5.10366164e-01  4.37945854e-01  1.69204481e+09]
[-5.12782769e-01  4.34148332e-01  1.69204481e+09]
[-4.99631175e-01  4.30663161e-01  1.69204482e+09]
[-4.96326837e-01  4.25418964e-01  1.69204482e+09]
[-4.91329232e-01  4.20684392e-01  1.69204482e+09]
[-4.96606309e-01  4.25238130e-01  1.69204482e+09]
[-4.83306760e-01  4.31633091e-01  1.69204482e+09]
[-4.77520059e-01  4.29939823e-01  1.69204482e+09]
[-4.68823567e-01  4.27145110e-01  1.69204482e+09]
[-4.57858426e-01  4.14651100e-01  1.69204482e+09]
[-4.37654290e-01  4.08749324e-01  1.69204482e+09]
[-4.34432150e-01  4.02683153e-01  1.69204482e+09]
[-4.88057773e-01  4.05527184e-01  1.69204482e+09]
[-5.41091574e-01  4.08880840e-01  1.69204482e+09]
[-5.73230781e-01  4.13401699e-01  1.69204482e+09]
[-5.93648630e-01  4.17988316e-01  1.69204482e+09]
[-6.14904893e-01  4.25681996e-01  1.69204482e+09]
[-6.26692009e-01  4.38389720e-01  1.69204482e+09]
[-6.48918202e-01  4.40362458e-01  1.69204482e+09]
[-6.31755372e-01  4.30317932e-01  1.69204482e+09]
[-5.48933212e-01  4.06743706e-01  1.69204482e+09]
[-4.43720463e-01  3.66401203e-01  1.69204482e+09]
[-4.15477416e-01  3.68801368e-01  1.69204482e+09]
[-4.38969450e-01  3.80128175e-01  1.69204482e+09]
[-4.70648351e-01  4.05214834e-01  1.69204482e+09]
[-5.26131637e-01  4.53974354e-01  1.69204482e+09]
[-6.37805105e-01  5.54156586e-01  1.69204482e+09]
[-7.50497820e-01  6.14357983e-01  1.69204482e+09]
[-8.24409773e-01  6.41055707e-01  1.69204482e+09]
[-9.06114043e-01  6.69742608e-01  1.69204482e+09]
[-9.53443337e-01  6.92215383e-01  1.69204482e+09]
[-9.75209222e-01  6.94451153e-01  1.69204482e+09]
[-9.94920171e-01  6.92577052e-01  1.69204482e+09]
[-9.90448630e-01  6.89617945e-01  1.69204482e+09]
[-9.77921738e-01  6.84472386e-01  1.69204482e+09]
