HokinRight_Hand
Dev2/ai0 Dev2/ai1
[-7.03316480e-01  5.09128833e-01  1.69204482e+09]
[-6.86581077e-01  4.97999300e-01  1.69204482e+09]
[-6.82257491e-01  4.92771543e-01  1.69204482e+09]
[-6.79133987e-01  4.90617971e-01  1.69204482e+09]
[-6.72508872e-01  4.90848123e-01  1.69204482e+09]
[-6.68349681e-01  4.92229040e-01  1.69204482e+09]
[-6.66278305e-01  4.94103142e-01  1.69204482e+09]
[-6.63500031e-01  4.96273154e-01  1.69204482e+09]
[-6.57795527e-01  4.95632014e-01  1.69204482e+09]
[-6.49296310e-01  4.92705785e-01  1.69204482e+09]
[-6.28878461e-01  4.86425901e-01  1.69204482e+09]
[-6.19639467e-01  4.77269107e-01  1.69204482e+09]
[-6.09200389e-01  4.79274725e-01  1.69204482e+09]
[-6.13984281e-01  4.84173692e-01  1.69204482e+09]
[-6.30752563e-01  4.83055807e-01  1.69204482e+09]
[-6.49986769e-01  4.80935113e-01  1.69204482e+09]
[-6.49066157e-01  4.76151222e-01  1.69204482e+09]
[-6.48918202e-01  4.65629950e-01  1.69204482e+09]
[-6.44594615e-01  4.60204920e-01  1.69204482e+09]
[-6.43115061e-01  4.58215742e-01  1.69204482e+09]
[-6.44380902e-01  4.56752627e-01  1.69204482e+09]
[-6.45876896e-01  4.57410207e-01  1.69204482e+09]
[-6.46024851e-01  4.58528092e-01  1.69204482e+09]
[-6.43542488e-01  4.60385754e-01  1.69204482e+09]
[-6.41569749e-01  4.61733792e-01  1.69204482e+09]
[-6.41503991e-01  4.62539327e-01  1.69204482e+09]
[-6.41109443e-01  4.64890173e-01  1.69204482e+09]
[-6.43016424e-01  4.67635568e-01  1.69204482e+09]
[-6.47471526e-01  4.69230198e-01  1.69204482e+09]
[-6.47208494e-01  4.70085051e-01  1.69204482e+09]
[-6.46287883e-01  4.71235815e-01  1.69204482e+09]
[-6.47487966e-01  4.71285134e-01  1.69204482e+09]
[-6.47652361e-01  4.71318013e-01  1.69204482e+09]
[-6.47882514e-01  4.70397402e-01  1.69204482e+09]
[-6.49214112e-01  4.69032924e-01  1.69204482e+09]
[-6.52962317e-01  4.70085051e-01  1.69204482e+09]
[-6.54918616e-01  4.71416650e-01  1.69204482e+09]
[-6.56365291e-01  4.71400210e-01  1.69204482e+09]
[-6.53998005e-01  4.71581045e-01  1.69204482e+09]
[-6.55066572e-01  4.72616732e-01  1.69204482e+09]
[-6.55214527e-01  4.73455146e-01  1.69204482e+09]
[-6.54672024e-01  4.73800375e-01  1.69204482e+09]
[-6.54277476e-01  4.73126356e-01  1.69204482e+09]
[-6.54425431e-01  4.73159235e-01  1.69204482e+09]
[-6.54655584e-01  4.72567414e-01  1.69204482e+09]
[-6.54704903e-01  4.72320822e-01  1.69204482e+09]
[-6.61609489e-01  4.71630363e-01  1.69204482e+09]
[-6.76289955e-01  4.71022102e-01  1.69204482e+09]
[-6.77407841e-01  4.71104300e-01  1.69204482e+09]
[-6.76388592e-01  4.72386580e-01  1.69204482e+09]
[-6.76454350e-01  4.73816815e-01  1.69204482e+09]
[-6.75402223e-01  4.75707356e-01  1.69204482e+09]
[-6.72114324e-01  4.75773114e-01  1.69204482e+09]
[-6.69812796e-01  4.75740235e-01  1.69204482e+09]
[-6.65341254e-01  4.77351305e-01  1.69204482e+09]
[-6.07079695e-01  4.81280342e-01  1.69204482e+09]
[-4.66637115e-01  4.71712561e-01  1.69204482e+09]
[-4.15954161e-01  4.77104712e-01  1.69204482e+09]
[-4.44065692e-01  4.83779144e-01  1.69204482e+09]
[-4.73212912e-01  4.97078689e-01  1.69204482e+09]
[-5.02393010e-01  5.12564685e-01  1.69204482e+09]
[-5.18125604e-01  5.20209047e-01  1.69204482e+09]
[-5.28531802e-01  5.21935193e-01  1.69204482e+09]
[-5.38198224e-01  5.20389881e-01  1.69204482e+09]
[-5.42538250e-01  5.20850187e-01  1.69204482e+09]
[-5.50873072e-01  5.19189798e-01  1.69204482e+09]
[-5.48505785e-01  5.18450022e-01  1.69204482e+09]
[-5.47174186e-01  5.20537836e-01  1.69204482e+09]
[-5.35600784e-01  5.16608799e-01  1.69204482e+09]
[-5.28614000e-01  5.13501736e-01  1.69204482e+09]
[-5.16119986e-01  5.05956012e-01  1.69204482e+09]
[-5.01998462e-01  5.06498515e-01  1.69204482e+09]
[-4.84671238e-01  4.98295211e-01  1.69204482e+09]
[-4.54570528e-01  4.86129991e-01  1.69204482e+09]
[-4.45775399e-01  4.83483233e-01  1.69204482e+09]
[-4.25357550e-01  4.75016897e-01  1.69204482e+09]
[-4.12666262e-01  4.70676873e-01  1.69204482e+09]
[-3.96588439e-01  4.62358492e-01  1.69204482e+09]
[-3.89371502e-01  4.50982367e-01  1.69204482e+09]
[-3.81381909e-01  4.35447052e-01  1.69204482e+09]
[-3.68148118e-01  4.22690009e-01  1.69204482e+09]
[-3.54223868e-01  4.12974272e-01  1.69204482e+09]
[-3.46957613e-01  4.07417725e-01  1.69204482e+09]
[-3.44277976e-01  4.00085714e-01  1.69204482e+09]
[-3.40464013e-01  3.86227225e-01  1.69204482e+09]
[-3.32227828e-01  3.76412851e-01  1.69204482e+09]
