HokinRight_Hand
Dev2/ai0 Dev2/ai1
[-3.14374540e-01  3.23132469e-01  1.69204482e+09]
[-3.13437489e-01  3.23017393e-01  1.69204482e+09]
[-3.11415431e-01  3.22688603e-01  1.69204482e+09]
[-3.10675654e-01  3.22507769e-01  1.69204482e+09]
[-3.07502832e-01  3.21159731e-01  1.69204482e+09]
[-3.02012042e-01  3.17197814e-01  1.69204482e+09]
[-2.99825589e-01  2.95694963e-01  1.69204482e+09]
[-3.09360495e-01  2.06066868e-01  1.69204482e+09]
[-3.46858976e-01  1.01544591e-01  1.69204482e+09]
[-3.94040318e-01  5.29001384e-02  1.69204482e+09]
[-4.26261722e-01  3.24987304e-02  1.69204482e+09]
[-4.41057265e-01  1.87224372e-02  1.69204482e+09]
[-4.47764578e-01  3.43371068e-03  1.69204482e+09]
[-4.31867589e-01  1.03354501e-03  1.69204482e+09]
[-3.90801738e-01  8.36271122e-04  1.69204482e+09]
[-3.47500116e-01  2.82737813e-02  1.69204482e+09]
[-2.32012685e-01  1.92307015e-01  1.69204482e+09]
[-9.60416502e-02  3.16655311e-01  1.69204482e+09]
[-1.09015254e-02  3.72993438e-01  1.69204482e+09]
[-3.50218961e-05  4.12004342e-01  1.69204482e+09]
[-1.17219351e-04  4.66714957e-01  1.69204483e+09]
[-1.85824052e-05  4.89154856e-01  1.69204483e+09]
[-3.50218961e-05  5.04723050e-01  1.69204483e+09]
[-5.14613870e-05  5.06794426e-01  1.69204483e+09]
[-6.79008779e-05  5.06235483e-01  1.69204483e+09]
[-8.43403688e-05  4.96486867e-01  1.69204483e+09]
[-2.14291430e-06  4.85686125e-01  1.69204483e+09]
[-1.85824052e-05  4.71696121e-01  1.69204483e+09]
[-3.50218961e-05  4.42779063e-01  1.69204483e+09]
[-4.93206160e-02  3.20140482e-01  1.69204483e+09]
[-2.50638629e-01  1.59148564e-01  1.69204483e+09]
[-3.98873529e-01  6.36186862e-02  1.69204483e+09]
[-4.28333098e-01  1.03547363e-02  1.69204483e+09]
[-4.38048838e-01  2.36514378e-03  1.69204483e+09]
[-4.50362018e-01  1.88839854e-03  1.69204483e+09]
[-4.58154337e-01  1.60892719e-03  1.69204483e+09]
[-4.58959872e-01  6.67229039e-03  1.69204483e+09]
[-4.69579784e-01  1.70620486e-02  1.69204483e+09]
[-4.83241002e-01  1.22288383e-02  1.69204483e+09]
[-4.84835633e-01  6.88600377e-03  1.69204483e+09]
[-4.81449097e-01  2.36514378e-03  1.69204483e+09]
[-4.70007211e-01  2.66105461e-03  1.69204483e+09]
[-4.46285024e-01  1.19493670e-02  1.69204483e+09]
[-3.69331761e-01  7.90060493e-02  1.69204483e+09]
[-2.03983352e-01  1.44747571e-01  1.69204483e+09]
[-4.96329663e-02  2.00345925e-01  1.69204483e+09]
[-2.00747614e-02  2.22884465e-01  1.69204483e+09]
[-6.51025276e-02  2.14286612e-01  1.69204483e+09]
[-2.72519593e-01  1.84975003e-01  1.69204483e+09]
[-4.35204806e-01  1.13496100e-01  1.69204483e+09]
[-4.90573015e-01  5.34262021e-02  1.69204483e+09]
[-4.61787465e-01  5.13055078e-02  1.69204483e+09]
[-4.10857918e-01  7.44523105e-02  1.69204483e+09]
[-3.87826190e-01  9.59058455e-02  1.69204483e+09]
[-4.05893192e-01  9.10068773e-02  1.69204483e+09]
[-4.13751269e-01  8.32803168e-02  1.69204483e+09]
[-3.90719541e-01  1.04109151e-01  1.69204483e+09]
[-2.88169989e-01  1.97156664e-01  1.69204483e+09]
[-1.16788288e-01  2.89727428e-01  1.69204483e+09]
[-3.47223479e-02  3.29132883e-01  1.69204483e+09]
[-3.80251205e-04  3.45309339e-01  1.69204483e+09]
[-5.14613870e-05  3.58477370e-01  1.69204483e+09]
[-6.79008779e-05  3.72155024e-01  1.69204483e+09]
[-8.43403688e-05  3.82215990e-01  1.69204483e+09]
[-8.43403688e-05  3.83629786e-01  1.69204483e+09]
[-6.79008779e-05  3.77070431e-01  1.69204483e+09]
[-3.50218961e-05  3.73798972e-01  1.69204483e+09]
[-5.14613870e-05  3.67847878e-01  1.69204483e+09]
[-5.14613870e-05  3.62537923e-01  1.69204483e+09]
[-1.85824052e-05  3.52131727e-01  1.69204483e+09]
[-6.79008779e-05  3.31944035e-01  1.69204483e+09]
[-1.85824052e-05  2.47593018e-01  1.69204483e+09]
[-5.14613870e-05  9.88978327e-02  1.69204483e+09]
[-5.86089285e-02  1.71113671e-02  1.69204483e+09]
[-1.57722622e-01  2.66105461e-03  1.69204483e+09]
[-2.11529078e-01  2.28294632e-03  1.69204483e+09]
[-2.36615743e-01  2.11855141e-03  1.69204483e+09]
[-2.37388399e-01  2.03635396e-03  1.69204483e+09]
[-2.21474971e-01  1.90483803e-03  1.69204483e+09]
[-1.80787229e-01  1.87195905e-03  1.69204483e+09]
[-1.07368460e-01  3.69867114e-02  1.69204483e+09]
[-3.22564242e-02  1.41525431e-01  1.69204483e+09]
[-3.45443601e-03  2.19185580e-01  1.69204483e+09]
[-6.79008779e-05  2.44913381e-01  1.69204483e+09]
[-1.85824052e-05  2.40885706e-01  1.69204483e+09]
[-8.43403688e-05  2.33290662e-01  1.69204483e+09]
[-8.43403688e-05  2.27750554e-01  1.69204483e+09]
[-1.17219351e-04  2.18675956e-01  1.69204483e+09]
[-3.73362270e-02  2.03485868e-01  1.69204483e+09]
[-1.79537828e-01  1.40818533e-01  1.69204483e+09]
[-2.71385268e-01  6.34542913e-02  1.69204483e+09]
[-3.12631953e-01  3.59017050e-02  1.69204483e+09]
[-3.28693337e-01  1.41193797e-02  1.69204483e+09]
[-3.36929523e-01  8.43131591e-03  1.69204483e+09]
[-3.54667734e-01  5.07765977e-03  1.69204483e+09]
[-3.63298468e-01  4.61735403e-03  1.69204483e+09]
[-3.86247999e-01  7.03395919e-03  1.69204483e+09]
[-3.94829414e-01  9.35192740e-03  1.69204483e+09]
[-3.92149776e-01  9.68071721e-03  1.69204483e+09]
[-3.85590419e-01  9.48344332e-03  1.69204483e+09]
[-3.75726724e-01  9.99306754e-03  1.69204483e+09]
[-3.62443614e-01  8.61215031e-03  1.69204483e+09]
[-3.41039396e-01  8.97381911e-03  1.69204483e+09]
[-3.37356949e-01  1.27055835e-02  1.69204483e+09]
[-3.49259142e-01  1.41358192e-02  1.69204483e+09]
[-3.52399085e-01  1.26891440e-02  1.69204483e+09]
[-3.29202961e-01  1.07492841e-02  1.69204483e+09]
[-2.66305465e-01  6.68872988e-03  1.69204483e+09]
[-1.24942276e-01  2.94052596e-03  1.69204483e+09]
[-1.58826912e-02  2.74325207e-03  1.69204483e+09]
[-3.50218961e-05  6.85834123e-02  1.69204483e+09]
[3.07360675e-05 1.52145341e-01 1.69204483e+09]
[1.42965766e-05 1.79073226e-01 1.69204483e+09]
[-3.50218961e-05  1.89249270e-01  1.69204483e+09]
[1.42965766e-05 2.18018377e-01 1.69204483e+09]
[-5.14613870e-05  2.70674061e-01  1.69204483e+09]
[-2.14291431e-06  3.52657791e-01  1.69204483e+09]
[-6.79008779e-05  3.81525532e-01  1.69204483e+09]
[-3.50218961e-05  3.98737676e-01  1.69204483e+09]
[-3.50218961e-05  3.98425325e-01  1.69204483e+09]
[-3.50218961e-05  3.62653000e-01  1.69204483e+09]
[-3.50218961e-05  3.07547834e-01  1.69204483e+09]
[-1.00779860e-04  2.94198969e-01  1.69204483e+09]
[-1.85824052e-05  3.32289265e-01  1.69204483e+09]
[-2.14291431e-06  3.74555189e-01  1.69204483e+09]
[-1.00779860e-04  3.88446556e-01  1.69204483e+09]
[1.42965766e-05 3.85191538e-01 1.69204483e+09]
[-1.00779860e-04  3.79306201e-01  1.69204483e+09]
[-5.14613870e-05  3.65464152e-01  1.69204483e+09]
[-6.79008779e-05  3.34442838e-01  1.69204483e+09]
[-3.33935957e-03  1.80914449e-01  1.69204483e+09]
[-1.72471689e-02  6.46379346e-02  1.69204483e+09]
[-7.13166552e-02  2.81422654e-02  1.69204483e+09]
[-1.49174087e-01  6.52433497e-03  1.69204483e+09]
[-2.34774520e-01  2.69393359e-03  1.69204483e+09]
[-3.04116297e-01  2.69393359e-03  1.69204483e+09]
[-3.53040225e-01  2.67749410e-03  1.69204483e+09]
[-3.74017017e-01  2.59529665e-03  1.69204483e+09]
[-3.67901526e-01  2.52953868e-03  1.69204483e+09]
[-3.71419577e-01  2.44734123e-03  1.69204483e+09]
[-3.74033456e-01  2.52953868e-03  1.69204483e+09]
[-3.65517799e-01  2.57885716e-03  1.69204483e+09]
[-3.66619245e-01  2.56241767e-03  1.69204483e+09]
[-3.60092767e-01  2.48022021e-03  1.69204483e+09]
[-3.59435187e-01  2.62817563e-03  1.69204483e+09]
[-3.46974052e-01  2.74325207e-03  1.69204483e+09]
[-3.14440298e-01  3.03916290e-03  1.69204483e+09]
[-2.29333048e-01  3.17067883e-03  1.69204483e+09]
[-8.86438791e-02  2.56241767e-03  1.69204483e+09]
[-5.14613870e-05  2.51309919e-03  1.69204483e+09]
[-5.14613870e-05  2.52953868e-03  1.69204483e+09]
[-3.50218961e-05  2.43090174e-03  1.69204483e+09]
[-5.14613870e-05  9.62017563e-02  1.69204483e+09]
[-6.79008779e-05  1.73171449e-01  1.69204483e+09]
[-1.33658842e-04  1.98817053e-01  1.69204483e+09]
[-1.17219351e-04  2.13283804e-01  1.69204483e+09]
[-8.43403688e-05  2.03189957e-01  1.69204483e+09]
[-3.50218961e-05  1.35294864e-01  1.69204483e+09]
[-6.79008779e-05  1.32152077e-02  1.69204483e+09]
[-6.79008779e-05  1.75688261e-03  1.69204483e+09]
[-2.82287489e-02  1.67468516e-03  1.69204483e+09]
[-1.98610480e-02  1.70756414e-03  1.69204483e+09]
[-5.14613870e-05  1.74044312e-03  1.69204483e+09]
[-5.14613870e-05  1.70756414e-03  1.69204483e+09]
[-6.79008779e-05  2.90299978e-02  1.69204483e+09]
[-3.50218961e-05  2.06099747e-01  1.69204483e+09]
[-8.43403688e-05  2.94955186e-01  1.69204483e+09]
[-1.85824052e-05  3.32502978e-01  1.69204483e+09]
[-3.50218961e-05  3.38207480e-01  1.69204483e+09]
[-5.14613870e-05  3.41791289e-01  1.69204483e+09]
[-8.43403688e-05  3.34146927e-01  1.69204483e+09]
[-5.14613870e-05  3.11000127e-01  1.69204483e+09]
[-6.79008779e-05  2.91617970e-01  1.69204483e+09]
[-1.85824052e-05  2.91831683e-01  1.69204483e+09]
[-5.14613870e-05  2.95251097e-01  1.69204483e+09]
[-6.79008779e-05  2.90237053e-01  1.69204483e+09]
[-6.79008779e-05  2.54119495e-01  1.69204483e+09]
[-1.50098332e-04  8.74395079e-02  1.69204483e+09]
[-8.43403688e-05 -4.57232139e-03  1.69204483e+09]
[-1.85824052e-05 -4.17777361e-03  1.69204483e+09]
[-3.50218961e-05 -4.09557615e-03  1.69204483e+09]
[-6.79008779e-05 -3.98049972e-03  1.69204483e+09]
[ 1.42965766e-05 -3.93118124e-03  1.69204483e+09]
[-6.79008779e-05 -3.83254430e-03  1.69204483e+09]
[-8.43403688e-05  7.71155079e-02  1.69204483e+09]
[-5.14613870e-05  8.69956417e-02  1.69204483e+09]
[-2.14291431e-06  5.75360747e-02  1.69204483e+09]
[-3.50218961e-05  4.40364065e-03  1.69204483e+09]
[-5.14613870e-05  3.49946865e-03  1.69204483e+09]
[-6.79008779e-05  3.28575527e-03  1.69204483e+09]
[-5.14613870e-05  3.15423934e-03  1.69204483e+09]
[-1.85824052e-05  3.12136036e-03  1.69204483e+09]
[-1.00779860e-04  2.97340494e-03  1.69204483e+09]
[-4.35832336e-02  2.92408647e-03  1.69204483e+09]
[-1.52379787e-01  2.80901003e-03  1.69204483e+09]
[-2.29415245e-01  2.90764697e-03  1.69204483e+09]
[-2.62359987e-01  2.87476799e-03  1.69204483e+09]
[-2.77714473e-01  2.84188901e-03  1.69204483e+09]
[-2.81561314e-01  2.84188901e-03  1.69204483e+09]
[-2.84323148e-01  2.77613105e-03  1.69204483e+09]
[-2.85736945e-01  2.75969156e-03  1.69204483e+09]
[-2.86608238e-01  2.75969156e-03  1.69204483e+09]
[-2.77698033e-01  2.77613105e-03  1.69204483e+09]
[-2.41087285e-01  2.77613105e-03  1.69204483e+09]
[-1.24547728e-01  2.71037308e-03  1.69204483e+09]
[-5.46005390e-03  2.75969156e-03  1.69204483e+09]
[-6.79008779e-05  2.71037308e-03  1.69204483e+09]
[-2.14291431e-06  2.67749410e-03  1.69204483e+09]
[-6.79008779e-05  2.66105461e-03  1.69204483e+09]
[-1.85824052e-05  4.48776669e-02  1.69204483e+09]
[-6.79008779e-05  1.35327743e-01  1.69204483e+09]
[-5.14613870e-05  1.52243978e-01  1.69204483e+09]
[-4.45724496e-03  1.26138068e-01  1.69204483e+09]
[-1.09752186e-01  4.23131064e-02  1.69204483e+09]
[-2.54880018e-01  4.53515657e-03  1.69204483e+09]
[-3.10083832e-01  3.72962152e-03  1.69204483e+09]
[-3.30419484e-01  3.43371068e-03  1.69204483e+09]
[-3.30287968e-01  3.25287628e-03  1.69204483e+09]
[-3.10297546e-01  3.15423934e-03  1.69204483e+09]
[-2.89468709e-01  3.13779985e-03  1.69204483e+09]
[-2.79588575e-01  3.08848137e-03  1.69204484e+09]
[-2.60074898e-01  3.02272341e-03  1.69204484e+09]
[-2.07895951e-01  2.94052596e-03  1.69204484e+09]
[-1.85357408e-01  2.92408647e-03  1.69204484e+09]
[-1.34756652e-01  2.87476799e-03  1.69204484e+09]
[-5.56662596e-02  2.94052596e-03  1.69204484e+09]
[-3.30932732e-04  2.84188901e-03  1.69204484e+09]
[-1.17219351e-04  2.80901003e-03  1.69204484e+09]
[-3.50218961e-05  2.79257054e-03  1.69204484e+09]
[-6.79008779e-05  2.75969156e-03  1.69204484e+09]
[-3.27989274e-02  2.74325207e-03  1.69204484e+09]
[-9.83760579e-02  2.74325207e-03  1.69204484e+09]
[-1.44275118e-01  2.74325207e-03  1.69204484e+09]
[-1.51409857e-01  2.67749410e-03  1.69204484e+09]
[-1.43814812e-01  2.69393359e-03  1.69204484e+09]
[-1.27884945e-01  2.75969156e-03  1.69204484e+09]
[-1.16278664e-01  2.72681258e-03  1.69204484e+09]
[-1.00710466e-01  2.69393359e-03  1.69204484e+09]
[-8.82328918e-02  2.66105461e-03  1.69204484e+09]
[-7.14481712e-02  2.69393359e-03  1.69204484e+09]
[-3.23057427e-02  2.71037308e-03  1.69204484e+09]
[-1.82977314e-04  2.71037308e-03  1.69204484e+09]
[-1.00779860e-04  2.74325207e-03  1.69204484e+09]
[-5.14613870e-05  7.65236863e-02  1.69204484e+09]
[-8.43403688e-05  1.22521380e-01  1.69204484e+09]
[-6.79008779e-05  1.44862647e-01  1.69204484e+09]
[-3.50218961e-05  1.67335430e-01  1.69204484e+09]
[-5.14613870e-05  1.83594085e-01  1.69204484e+09]
[-1.85824052e-05  1.95068849e-01  1.69204484e+09]
[-6.79008779e-05  2.02072072e-01  1.69204484e+09]
[-1.00779860e-04  2.01233658e-01  1.69204484e+09]
[-8.43403688e-05  1.94312633e-01  1.69204484e+09]
[1.42965766e-05 1.68535513e-01 1.69204484e+09]
[-6.79008779e-05  9.05301321e-02  1.69204484e+09]
[-1.33658842e-04  1.64209085e-02  1.69204484e+09]
[-6.79008779e-05  4.89682537e-03  1.69204484e+09]
[1.42965766e-05 4.33788268e-03 1.69204484e+09]
[-5.14613870e-05  4.02553236e-03  1.69204484e+09]
[-5.14613870e-05  3.89401643e-03  1.69204484e+09]
[-3.50218961e-05  3.76250050e-03  1.69204484e+09]
[-3.50218961e-05  1.04947565e-01  1.69204484e+09]
[-6.79008779e-05  1.70738404e-01  1.69204484e+09]
[-1.85824052e-05  1.75768888e-01  1.69204484e+09]
[-3.50218961e-05  1.65280494e-01  1.69204484e+09]
[-8.43403688e-05  1.26351781e-01  1.69204484e+09]
[-5.14613870e-05  5.28015014e-02  1.69204484e+09]
[-8.43403688e-05  1.04862523e-02  1.69204484e+09]
[-6.79008779e-05  3.92404867e-04  1.69204484e+09]
[-6.79008779e-05  5.89678758e-04  1.69204484e+09]
[-5.14613870e-05  7.21194686e-04  1.69204484e+09]
[-8.43403688e-05  7.21194686e-04  1.69204484e+09]
[-1.00779860e-04  3.25973674e-02  1.69204484e+09]
[-6.79008779e-05  1.00985648e-01  1.69204484e+09]
[-1.00779860e-04  1.38319730e-01  1.69204484e+09]
[-1.00779860e-04  1.61515851e-01  1.69204484e+09]
[1.42965766e-05 1.76081239e-01 1.69204484e+09]
[-5.14613870e-05  1.98290989e-01  1.69204484e+09]
[-8.43403688e-05  2.33685210e-01  1.69204484e+09]
[-6.79008779e-05  2.49072572e-01  1.69204484e+09]
[-1.85824052e-05  2.57029285e-01  1.69204484e+09]
[-5.14613870e-05  2.58328004e-01  1.69204484e+09]
[-6.79008779e-05  2.51259024e-01  1.69204484e+09]
[-1.85824052e-05  2.47198470e-01  1.69204484e+09]
[-6.79008779e-05  2.41658362e-01  1.69204484e+09]
[-6.79008779e-05  2.40096611e-01  1.69204484e+09]
[-8.43403688e-05  2.33011191e-01  1.69204484e+09]
[-3.50218961e-05  1.79928079e-01  1.69204484e+09]
[-8.43403688e-05  1.04618775e-01  1.69204484e+09]
[-5.14613870e-05  3.62633738e-02  1.69204484e+09]
[-5.14613870e-05  5.11053875e-03  1.69204484e+09]
[-8.43403688e-05  4.46939861e-03  1.69204484e+09]
[-5.14613870e-05  4.20636676e-03  1.69204484e+09]
[-8.43403688e-05  4.00909286e-03  1.69204484e+09]
[-3.39168128e-02  3.99265337e-03  1.69204484e+09]
[-5.76718775e-02  3.92689541e-03  1.69204484e+09]
[-7.27633305e-02  3.89401643e-03  1.69204484e+09]
[-7.78760123e-02  3.87757694e-03  1.69204484e+09]
[-6.93439163e-02  3.79537948e-03  1.69204484e+09]
[-3.89637366e-02  3.74606101e-03  1.69204484e+09]
[-2.79821566e-02  3.69674254e-03  1.69204484e+09]
[-5.27564697e-02  3.76250050e-03  1.69204484e+09]
[-8.09666366e-02  3.72962152e-03  1.69204484e+09]
[-1.07910963e-01  3.72962152e-03  1.69204484e+09]
[-1.31255041e-01  3.66386356e-03  1.69204484e+09]
[-1.47875367e-01  3.69674254e-03  1.69204484e+09]
[-1.57508909e-01  3.68030305e-03  1.69204484e+09]
[-1.53662068e-01  3.74606101e-03  1.69204484e+09]
[-1.57278756e-01  3.61454508e-03  1.69204484e+09]
[-1.68227457e-01  3.53234763e-03  1.69204484e+09]
[-1.73060668e-01  3.61454508e-03  1.69204484e+09]
[-1.77992515e-01  3.54878712e-03  1.69204484e+09]
[-1.81280414e-01  3.63098457e-03  1.69204484e+09]
[-1.75575910e-01  3.64742406e-03  1.69204484e+09]
[-1.68704203e-01  3.63098457e-03  1.69204484e+09]
[-1.72156496e-01  3.56522661e-03  1.69204484e+09]
[-1.80737910e-01  3.56522661e-03  1.69204484e+09]
[-1.89434402e-01  3.59810559e-03  1.69204484e+09]
[-1.95286861e-01  3.51590814e-03  1.69204484e+09]
[-1.98936428e-01  3.51590814e-03  1.69204484e+09]
[-2.01418791e-01  3.51590814e-03  1.69204484e+09]
[-2.09523460e-01  3.54878712e-03  1.69204484e+09]
[-2.19995417e-01  3.51590814e-03  1.69204484e+09]
[-2.36763698e-01  3.54878712e-03  1.69204484e+09]
[-2.59614592e-01  3.64742406e-03  1.69204484e+09]
[-2.76793861e-01  3.54878712e-03  1.69204484e+09]
[-2.96208901e-01  3.56522661e-03  1.69204484e+09]
[-3.21821629e-01  3.66386356e-03  1.69204484e+09]
[-3.39428325e-01  3.59810559e-03  1.69204484e+09]
[-3.52694995e-01  3.56522661e-03  1.69204484e+09]
[-3.50820893e-01  3.56522661e-03  1.69204484e+09]
[-3.43538198e-01  3.59810559e-03  1.69204484e+09]
[-3.26457566e-01  3.54878712e-03  1.69204484e+09]
[-2.79407740e-01  3.48302916e-03  1.69204484e+09]
[-2.35908845e-01  3.59810559e-03  1.69204484e+09]
[-1.60928323e-01  3.53234763e-03  1.69204484e+09]
[-6.51518460e-02  3.59810559e-03  1.69204484e+09]
[-2.40531182e-02  3.54878712e-03  1.69204484e+09]
[-1.09508439e-02  2.13198767e-02  1.69204484e+09]
[-5.24634052e-03  6.94547054e-02  1.69204484e+09]
[-4.62163986e-03  1.01413075e-01  1.69204484e+09]
[-1.56389455e-03  1.33749552e-01  1.69204484e+09]
[-1.00779860e-04  1.74009863e-01  1.69204484e+09]
[-3.50218961e-05  2.29312306e-01  1.69204484e+09]
[-5.14613870e-05  2.37680006e-01  1.69204484e+09]
[-5.14613870e-05  2.46343617e-01  1.69204484e+09]
[-5.14613870e-05  2.66432673e-01  1.69204484e+09]
[1.42965766e-05 2.68684883e-01 1.69204484e+09]
[1.42965766e-05 2.67353284e-01 1.69204484e+09]
[-1.85824052e-05  2.62306361e-01  1.69204484e+09]
[-5.14613870e-05  2.42694050e-01  1.69204484e+09]
[-8.43403688e-05  1.13841329e-01  1.69204484e+09]
[-1.32030542e-02  1.37083925e-02  1.69204484e+09]
[-1.29545334e-01  1.80620108e-03  1.69204484e+09]
[-2.14652582e-01  1.62536669e-03  1.69204484e+09]
[-2.68146688e-01  1.55960872e-03  1.69204484e+09]
[-3.01864086e-01  1.42809279e-03  1.69204484e+09]
[-3.20769502e-01  1.29657687e-03  1.69204484e+09]
[-3.33460790e-01  1.18150043e-03  1.69204484e+09]
[-3.48881033e-01  8.85589595e-04  1.69204484e+09]
[-3.57873435e-01  6.38997231e-04  1.69204484e+09]
[-3.61177773e-01  2.60888940e-04  1.69204484e+09]
[-3.65994544e-01 -5.14613870e-05  1.69204484e+09]
[-3.46645262e-01  7.21194686e-04  1.69204484e+09]
[-2.80788658e-01  1.00066603e-03  1.69204484e+09]
[-2.13057951e-01  1.09930298e-03  1.69204484e+09]
[-1.62753107e-01 -1.18578626e-03  1.69204484e+09]
[-1.53694947e-01 -1.95844233e-03  1.69204484e+09]
[-2.50359158e-01 -1.95844233e-03  1.69204484e+09]
[-2.97556939e-01 -1.79404742e-03  1.69204484e+09]
[-2.84027237e-01 -1.84336590e-03  1.69204484e+09]
[-2.12548327e-01 -1.84336590e-03  1.69204484e+09]
[-4.47011190e-02 -1.81048691e-03  1.69204484e+09]
[-1.17219351e-04 -1.77760793e-03  1.69204484e+09]
[ 1.42965766e-05 -1.66253150e-03  1.69204484e+09]
[-5.02576671e-02 -1.62965251e-03  1.69204484e+09]
[-2.49898852e-01 -1.49813659e-03  1.69204484e+09]
[-3.36452777e-01 -1.46525761e-03  1.69204484e+09]
[-3.09590647e-01 -1.53101557e-03  1.69204484e+09]
[-2.55636235e-01 -1.51457608e-03  1.69204484e+09]
[-1.30646780e-01 -1.53101557e-03  1.69204484e+09]
[-1.17219351e-04 -1.46525761e-03  1.69204484e+09]
[-8.43403688e-05 -1.46525761e-03  1.69204484e+09]
[-9.71595356e-02 -1.46525761e-03  1.69204484e+09]
[-2.21047544e-01 -1.38306015e-03  1.69204484e+09]
[-2.34051182e-01 -1.39949964e-03  1.69204484e+09]
[-1.81921554e-01 -1.33374168e-03  1.69204484e+09]
[-1.39392589e-01 -1.33374168e-03  1.69204484e+09]
[-1.28575404e-01 -1.30086270e-03  1.69204484e+09]
[-1.34888168e-01 -1.28442321e-03  1.69204484e+09]
[-1.35315595e-01 -1.30086270e-03  1.69204484e+09]
[-1.43305188e-01 -1.21866524e-03  1.69204484e+09]
[-1.30959130e-01 -1.26798371e-03  1.69204484e+09]
[-8.39586240e-02 -1.30086270e-03  1.69204484e+09]
[-1.84472518e-02 -1.16934677e-03  1.69204484e+09]
[-5.14613870e-05 -1.20222575e-03  1.69204484e+09]
[-3.50218961e-05 -1.15290728e-03  1.69204484e+09]
[-1.85824052e-05 -1.20222575e-03  1.69204484e+09]
[-6.79008779e-05 -1.13646779e-03  1.69204484e+09]
[-6.79008779e-05 -1.16934677e-03  1.69204484e+09]
[-1.00779860e-04  6.37502021e-02  1.69204484e+09]
[-5.14613870e-05  1.40489743e-01  1.69204484e+09]
[-5.14613870e-05  1.45849017e-01  1.69204484e+09]
[-6.79008779e-05  1.28324520e-01  1.69204484e+09]
[-8.43403688e-05  1.08021750e-01  1.69204484e+09]
[-5.14613870e-05  4.50256223e-02  1.69204484e+09]
[-8.50600700e-02  1.41193797e-02  1.69204484e+09]
[-2.42172291e-01 -4.95327642e-04  1.69204484e+09]
[-3.26046579e-01 -7.74798987e-04  1.69204484e+09]
[-3.39707797e-01 -7.74798987e-04  1.69204484e+09]
[-3.53763562e-01 -7.74798987e-04  1.69204484e+09]
[-3.49982479e-01 -7.41920005e-04  1.69204484e+09]
[-3.32885408e-01 -7.91238478e-04  1.69204484e+09]
[-3.21755871e-01 -7.91238478e-04  1.69204484e+09]
[-3.20292757e-01 -7.41920005e-04  1.69204484e+09]
[-3.13848476e-01 -7.58359496e-04  1.69204484e+09]
[-2.95206092e-01 -6.43283060e-04  1.69204484e+09]
[-2.70464657e-01 -7.41920005e-04  1.69204484e+09]
[-2.62113395e-01 -7.91238478e-04  1.69204484e+09]
[-2.55044413e-01 -7.25480514e-04  1.69204484e+09]
[-2.66897287e-01 -7.09041023e-04  1.69204484e+09]
[-2.76645906e-01 -6.76162042e-04  1.69204485e+09]
[-2.82646320e-01 -6.10404078e-04  1.69204485e+09]
[-2.71072918e-01 -6.26843569e-04  1.69204485e+09]
[-2.47021941e-01 -6.76162042e-04  1.69204485e+09]
[-2.21688684e-01 -6.26843569e-04  1.69204485e+09]
[-1.97473313e-01 -6.76162042e-04  1.69204485e+09]
[-1.80162528e-01 -6.43283060e-04  1.69204485e+09]
[-1.64890241e-01 -6.76162042e-04  1.69204485e+09]
[-1.56341705e-01 -6.26843569e-04  1.69204485e+09]
[-1.60106348e-01 -6.59722551e-04  1.69204485e+09]
[-1.68506929e-01 -6.10404078e-04  1.69204485e+09]
[-1.77236299e-01 -5.44646114e-04  1.69204485e+09]
[-1.80754350e-01 -5.93964587e-04  1.69204485e+09]
[-1.85949229e-01 -5.93964587e-04  1.69204485e+09]
[-1.99002186e-01 -5.61085605e-04  1.69204485e+09]
[-2.09490581e-01 -5.61085605e-04  1.69204485e+09]
[-2.32127762e-01 -6.10404078e-04  1.69204485e+09]
[-2.57526777e-01 -5.61085605e-04  1.69204485e+09]
[-2.84931410e-01 -4.95327642e-04  1.69204485e+09]
[-2.97951487e-01 -5.61085605e-04  1.69204485e+09]
[-3.13240215e-01 -5.77525096e-04  1.69204485e+09]
[-3.25356120e-01 -5.93964587e-04  1.69204485e+09]
[-3.51462034e-01 -6.10404078e-04  1.69204485e+09]
[-3.89568776e-01 -6.10404078e-04  1.69204485e+09]
[-4.27100136e-01 -6.59722551e-04  1.69204485e+09]
[-4.91099079e-01 -6.76162042e-04  1.69204485e+09]
[-5.23945184e-01 -8.40556951e-04  1.69204485e+09]
[-5.14739069e-01 -1.02139135e-03  1.69204485e+09]
[-5.09609947e-01 -1.05427033e-03  1.69204485e+09]
[-4.90425060e-01 -1.07070982e-03  1.69204485e+09]
[-4.23549206e-01 -1.12002830e-03  1.69204485e+09]
[-3.20966776e-01 -1.13646779e-03  1.69204485e+09]
[-2.82629881e-01  4.71755584e-05  1.69204485e+09]
[-2.71270192e-01 -5.26278001e-03  1.69204485e+09]
[-2.66338344e-01 -5.29565899e-03  1.69204485e+09]
[-2.66930166e-01 -5.26278001e-03  1.69204485e+09]
[-2.50950980e-01 -5.26278001e-03  1.69204485e+09]
[-2.15901983e-01  5.57112912e-02  1.69204485e+09]
[-1.54122374e-01  1.48249182e-01  1.69204485e+09]
[-1.48779539e-01  2.00724034e-01  1.69204485e+09]
[-2.27541143e-01  2.16489504e-01  1.69204485e+09]
[-3.00351653e-01  2.32698841e-01  1.69204485e+09]
[-3.30978426e-01  2.59396571e-01  1.69204485e+09]
[-3.45642453e-01  2.76855309e-01  1.69204485e+09]
[-3.57741919e-01  2.88741059e-01  1.69204485e+09]
[-3.63906729e-01  2.96993682e-01  1.69204485e+09]
[-3.67243946e-01  2.96155269e-01  1.69204485e+09]
[-3.55802059e-01  2.93574269e-01  1.69204485e+09]
[-3.39198172e-01  2.87310824e-01  1.69204485e+09]
[-3.17925470e-01  2.81557002e-01  1.69204485e+09]
[-3.02801137e-01  2.76395003e-01  1.69204485e+09]
[-2.95452684e-01  2.74915449e-01  1.69204485e+09]
[-2.92674410e-01  2.80093888e-01  1.69204485e+09]
[-3.02735379e-01  2.87113550e-01  1.69204485e+09]
[-3.11070202e-01  2.92604339e-01  1.69204485e+09]
[-3.05760246e-01  2.94790791e-01  1.69204485e+09]
[-3.05464335e-01  3.04375013e-01  1.69204485e+09]
[-3.07190482e-01  3.23148909e-01  1.69204485e+09]
[-3.14226584e-01  3.26403928e-01  1.69204485e+09]
[-3.19881769e-01  3.29363036e-01  1.69204485e+09]
[-3.24188916e-01  3.33653742e-01  1.69204485e+09]
[-3.24862935e-01  3.33292073e-01  1.69204485e+09]
[-3.20687305e-01  3.31631685e-01  1.69204485e+09]
[-3.12648393e-01  3.28804093e-01  1.69204485e+09]
[-3.03113488e-01  3.24398310e-01  1.69204485e+09]
[-2.88515219e-01  3.14846967e-01  1.69204485e+09]
[-2.68409720e-01  3.05607975e-01  1.69204485e+09]
[-2.51246891e-01  2.96138829e-01  1.69204485e+09]
[-2.51888031e-01  2.91322059e-01  1.69204485e+09]
[-2.61455815e-01  2.91552212e-01  1.69204485e+09]
[-2.65286217e-01  2.93048205e-01  1.69204485e+09]
[-2.66716452e-01  2.93031766e-01  1.69204485e+09]
[-2.64102573e-01  2.91486454e-01  1.69204485e+09]
[-2.60074898e-01  2.89300002e-01  1.69204485e+09]
[-2.56655483e-01  2.86094301e-01  1.69204485e+09]
[-2.50655069e-01  2.84680505e-01  1.69204485e+09]
[-2.43257298e-01  2.82806404e-01  1.69204485e+09]
[-2.35284144e-01  2.75770302e-01  1.69204485e+09]
[-2.33557997e-01  2.77118340e-01  1.69204485e+09]
[-2.36007482e-01  2.79469187e-01  1.69204485e+09]
[-2.37782947e-01  2.80850104e-01  1.69204485e+09]
[-2.38095297e-01  2.81836474e-01  1.69204485e+09]
[-2.43520329e-01  2.82526932e-01  1.69204485e+09]
[-2.48501495e-01  2.82313219e-01  1.69204485e+09]
[-2.54255318e-01  2.84138002e-01  1.69204485e+09]
[-2.60025579e-01  2.85009295e-01  1.69204485e+09]
[-2.62590140e-01  2.84680505e-01  1.69204485e+09]
[-2.62688777e-01  2.83677696e-01  1.69204485e+09]
[-2.60255732e-01  2.82773525e-01  1.69204485e+09]
[-2.60042019e-01  2.81787155e-01  1.69204485e+09]
[-2.60469446e-01  2.79666461e-01  1.69204485e+09]
[-2.57082910e-01  2.75819621e-01  1.69204485e+09]
[-2.53449783e-01  2.73320818e-01  1.69204485e+09]
[-2.52151063e-01  2.70493226e-01  1.69204485e+09]
[-2.50655069e-01  2.57489590e-01  1.69204485e+09]
[-2.49635820e-01  2.51423419e-01  1.69204485e+09]
[-2.44342304e-01  2.45028458e-01  1.69204485e+09]
[-2.41317438e-01  2.44337999e-01  1.69204485e+09]
[-2.39706367e-01  2.45077776e-01  1.69204485e+09]
[-2.37339081e-01  2.46277859e-01  1.69204485e+09]
[-2.34429290e-01  2.55286699e-01  1.69204485e+09]
[-2.35152628e-01  2.67550558e-01  1.69204485e+09]
[-2.36204756e-01  2.77151219e-01  1.69204485e+09]
[-2.38391208e-01  2.80307601e-01  1.69204485e+09]
[-2.37914463e-01  2.81195334e-01  1.69204485e+09]
[-2.35432099e-01  2.80751467e-01  1.69204485e+09]
[-2.28511073e-01  2.79962372e-01  1.69204485e+09]
[-2.25387570e-01  2.78236226e-01  1.69204485e+09]
[-2.26225984e-01  2.78154028e-01  1.69204485e+09]
[-2.30615328e-01  2.80340480e-01  1.69204485e+09]
[-2.33294966e-01  2.81967990e-01  1.69204485e+09]
[-2.33229208e-01  2.81573442e-01  1.69204485e+09]
[-2.30598889e-01  2.79239034e-01  1.69204485e+09]
[-2.29316609e-01  2.77611525e-01  1.69204485e+09]
[-2.30697526e-01  2.77940315e-01  1.69204485e+09]
[-2.31470182e-01  2.79222595e-01  1.69204485e+09]
[-2.28691908e-01  2.79419869e-01  1.69204485e+09]
[-2.23464149e-01  2.78745850e-01  1.69204485e+09]
[-2.24499837e-01  2.80093888e-01  1.69204485e+09]
[-2.32653825e-01  2.83825652e-01  1.69204485e+09]
[-2.44753291e-01  2.90269932e-01  1.69204485e+09]
[-2.57691171e-01  2.99360969e-01  1.69204485e+09]
[-2.64184771e-01  3.29050685e-01  1.69204485e+09]
[-2.59384439e-01  3.92671505e-01  1.69204485e+09]
[-2.65845159e-01  4.42746184e-01  1.69204485e+09]
[-2.74327937e-01  4.66534122e-01  1.69204485e+09]
[-2.83961479e-01  4.55568984e-01  1.69204485e+09]
[-2.89764620e-01  4.42055726e-01  1.69204485e+09]
[-2.90224926e-01  4.29709671e-01  1.69204485e+09]
[-2.90520837e-01  4.22772207e-01  1.69204485e+09]
[-2.88367263e-01  4.14585342e-01  1.69204485e+09]
[-2.87134301e-01  4.13220864e-01  1.69204485e+09]
[-2.90011213e-01  4.17018386e-01  1.69204485e+09]
[-2.95765035e-01  4.19763781e-01  1.69204485e+09]
