HokinRight_Hand
Dev2/ai0 Dev2/ai1
[-2.15770467e-01  2.22111809e-01  1.69204487e+09]
[-2.11956505e-01  2.13168727e-01  1.69204487e+09]
[-2.08323378e-01  1.83528327e-01  1.69204487e+09]
[-2.08043906e-01  1.72201519e-01  1.69204487e+09]
[-2.11660594e-01  1.57570373e-01  1.69204487e+09]
[-2.10361875e-01  1.18312871e-01  1.69204487e+09]
[-1.89319325e-01  6.90108391e-02  1.69204487e+09]
[-1.30416627e-01  7.36274900e-03  1.69204487e+09]
[-7.85829104e-02  2.62817563e-03  1.69204487e+09]
[-1.41842073e-01  2.38158327e-03  1.69204487e+09]
[-2.78520008e-01  2.18430938e-03  1.69204487e+09]
[-3.38968020e-01  2.10211192e-03  1.69204487e+09]
[-3.59961251e-01  2.01991447e-03  1.69204487e+09]
[-3.67194627e-01  2.01991447e-03  1.69204487e+09]
[-3.72570341e-01  1.97059599e-03  1.69204487e+09]
[-3.71156545e-01  1.83908007e-03  1.69204487e+09]
[-3.25323241e-01  8.77354187e-02  1.69204487e+09]
[-1.78913127e-01  2.40458280e-01  1.69204487e+09]
[-3.22893032e-02  3.54235982e-01  1.69204487e+09]
[-1.17219351e-04  3.85027143e-01  1.69204487e+09]
[-1.17219351e-04  3.84681914e-01  1.69204487e+09]
[-1.00779860e-04  3.84780551e-01  1.69204487e+09]
[-6.79008779e-05  4.12349572e-01  1.69204487e+09]
[-8.43403688e-05  4.16492323e-01  1.69204487e+09]
[-1.85824052e-05  4.20552876e-01  1.69204487e+09]
[-8.43403688e-05  4.18021195e-01  1.69204487e+09]
[-3.50218961e-05  4.08782203e-01  1.69204487e+09]
[-1.33658842e-04  4.00118593e-01  1.69204487e+09]
[-3.50218961e-05  3.88676709e-01  1.69204487e+09]
[-5.14613870e-05  3.69015081e-01  1.69204487e+09]
[-2.14291430e-06  3.39604837e-01  1.69204487e+09]
[-6.79008779e-05  2.55483973e-01  1.69204487e+09]
[-1.17219351e-04  1.03681724e-01  1.69204487e+09]
[-3.50218961e-05  1.34289211e-02  1.69204487e+09]
[-9.05344206e-02  7.04755195e-04  1.69204487e+09]
[-2.20357086e-01  5.56799776e-04  1.69204487e+09]
[-2.74623848e-01  7.86952649e-04  1.69204487e+09]
[-2.83238142e-01  8.85589595e-04  1.69204487e+09]
[-2.76613027e-01  9.02029085e-04  1.69204487e+09]
[-2.74196421e-01  9.02029085e-04  1.69204487e+09]
[-2.59894063e-01  9.18468576e-04  1.69204487e+09]
[-2.61472255e-01  9.02029085e-04  1.69204487e+09]
[-2.74804682e-01  9.51347558e-04  1.69204487e+09]
[-2.98477551e-01  9.67787049e-04  1.69204487e+09]
[-3.15492425e-01  9.34908067e-04  1.69204487e+09]
[-3.24057400e-01  9.84226540e-04  1.69204487e+09]
[-3.34792389e-01  9.84226540e-04  1.69204487e+09]
[-3.46102759e-01  1.00066603e-03  1.69204487e+09]
[-3.54486900e-01  9.67787049e-04  1.69204487e+09]
[-3.58662531e-01  9.51347558e-04  1.69204487e+09]
[-3.53286817e-01  8.69150104e-04  1.69204487e+09]
[-3.51708626e-01  8.85589595e-04  1.69204487e+09]
[-3.49998919e-01  9.34908067e-04  1.69204487e+09]
[-3.52431964e-01  1.52672974e-03  1.69204487e+09]
[-3.49522173e-01  1.52672974e-03  1.69204487e+09]
[-3.51955218e-01  1.75688261e-03  1.69204487e+09]
[-3.53500531e-01  1.46097178e-03  1.69204487e+09]
[-3.47582313e-01  1.39521381e-03  1.69204487e+09]
[-3.40053026e-01  1.23081890e-03  1.69204487e+09]
[-3.20572228e-01  1.06642399e-03  1.69204487e+09]
[-2.67423351e-01  1.00066603e-03  1.69204487e+09]
[-1.36318404e-01  3.77922464e-02  1.69204487e+09]
[-1.37126784e-02  1.12641247e-01  1.69204487e+09]
[-5.14613870e-05  2.00395244e-01  1.69204487e+09]
[-5.14613870e-05  2.61237794e-01  1.69204487e+09]
[-6.79008779e-05  2.90121976e-01  1.69204487e+09]
[-8.43403688e-05  3.11411114e-01  1.69204487e+09]
[-6.79008779e-05  3.13400292e-01  1.69204487e+09]
[-1.17219351e-04  3.12808471e-01  1.69204487e+09]
[-5.14613870e-05  3.07301242e-01  1.69204487e+09]
[-1.85824052e-05  3.03142051e-01  1.69204487e+09]
[-5.14613870e-05  2.97306033e-01  1.69204487e+09]
[-6.79008779e-05  2.91371377e-01  1.69204487e+09]
[-1.00779860e-04  2.87442339e-01  1.69204487e+09]
[-1.00779860e-04  2.78729410e-01  1.69204487e+09]
[-2.14291431e-06  2.45587400e-01  1.69204487e+09]
[-5.14613870e-05  1.35179788e-01  1.69204487e+09]
[-6.79008779e-05  4.69654822e-02  1.69204487e+09]
[-3.50218961e-05  3.69674254e-03  1.69204487e+09]
[-5.14613870e-05  3.17067883e-03  1.69204487e+09]
[-8.59806815e-02  2.75969156e-03  1.69204487e+09]
[-1.49272724e-01  2.72681258e-03  1.69204487e+09]
[-1.64643648e-01  2.62817563e-03  1.69204487e+09]
[-1.60320062e-01  2.59529665e-03  1.69204487e+09]
[-1.33573009e-01  2.64461512e-03  1.69204487e+09]
[-9.02549492e-02  2.51309919e-03  1.69204487e+09]
[-2.53847170e-02  2.44734123e-03  1.69204487e+09]
[-3.50218961e-05  2.52953868e-03  1.69204487e+09]
[-1.33658842e-04  2.31582530e-03  1.69204487e+09]
[-6.79008779e-05  2.46378072e-03  1.69204487e+09]
[-1.85824052e-05  2.33226479e-03  1.69204487e+09]
[-4.28763355e-02  8.07650748e-02  1.69204487e+09]
[-7.41113688e-02  1.03221419e-01  1.69204487e+09]
[-9.53676310e-02  1.01445954e-01  1.69204487e+09]
[-1.02140701e-01  9.56428136e-02  1.69204487e+09]
[-1.04064122e-01  8.99054315e-02  1.69204487e+09]
[-1.02403733e-01  8.88039856e-02  1.69204487e+09]
[-9.73239305e-02  8.42009283e-02  1.69204487e+09]
[-9.45127775e-02  8.09459092e-02  1.69204487e+09]
[-9.32304971e-02  7.86443805e-02  1.69204487e+09]
[-9.25893570e-02  7.69839920e-02  1.69204487e+09]
[-9.35428475e-02  7.65072468e-02  1.69204487e+09]
[-9.43319431e-02  7.66552022e-02  1.69204487e+09]
[-9.74390069e-02  7.81018773e-02  1.69204487e+09]
[-1.00480313e-01  8.23103869e-02  1.69204487e+09]
[-1.11034466e-01  9.38344697e-02  1.69204487e+09]
[-1.31090646e-01  1.05325673e-01  1.69204487e+09]
[-1.42072226e-01  1.27831335e-01  1.69204487e+09]
[-1.47563016e-01  1.51339806e-01  1.69204487e+09]
[-1.52971609e-01  1.77922461e-01  1.69204487e+09]
[-1.63476444e-01  1.84958563e-01  1.69204487e+09]
[-1.75066286e-01  1.84629773e-01  1.69204487e+09]
[-1.89828949e-01  1.94805817e-01  1.69204487e+09]
[-2.02783269e-01  2.11228867e-01  1.69204487e+09]
[-2.14340232e-01  2.26287440e-01  1.69204487e+09]
[-2.12597645e-01  2.44140725e-01  1.69204487e+09]
[-2.03868275e-01  2.81622760e-01  1.69204487e+09]
[-1.96092396e-01  3.18611610e-01  1.69204487e+09]
[-1.96651338e-01  3.23411941e-01  1.69204487e+09]
[-2.01550307e-01  3.37845812e-01  1.69204487e+09]
[-2.11118091e-01  3.25762788e-01  1.69204487e+09]
[-2.12745601e-01  3.15159317e-01  1.69204487e+09]
[-2.15326601e-01  3.00561052e-01  1.69204487e+09]
[-2.14833416e-01  2.79896614e-01  1.69204487e+09]
[-2.10427632e-01  2.74340067e-01  1.69204487e+09]
[-2.06761626e-01  2.67698513e-01  1.69204487e+09]
[-2.00596816e-01  2.55878520e-01  1.69204487e+09]
[-1.92968892e-01  2.33372860e-01  1.69204487e+09]
[-1.90371453e-01  1.95348320e-01  1.69204487e+09]
[-1.94793676e-01  1.50945259e-01  1.69204487e+09]
[-2.08372696e-01  1.37037450e-01  1.69204487e+09]
[-2.20291328e-01  1.16767559e-01  1.69204487e+09]
[-2.26998640e-01  8.79984506e-02  1.69204487e+09]
[-2.41909259e-01  5.08287625e-02  1.69204487e+09]
[-2.60765356e-01  1.47605199e-02  1.69204487e+09]
[-2.72519593e-01  4.17348777e-03  1.69204487e+09]
[-2.69379650e-01  3.89401643e-03  1.69204487e+09]
[-2.61274981e-01  3.69674254e-03  1.69204487e+09]
[-2.49257712e-01  3.63098457e-03  1.69204487e+09]
[-2.29398806e-01  3.49946865e-03  1.69204487e+09]
[-1.84239522e-01  2.01526729e-02  1.69204487e+09]
[-1.10656358e-01  7.38440493e-02  1.69204487e+09]
[-3.54950040e-02  1.30642488e-01  1.69204487e+09]
[-5.14613870e-05  1.80191111e-01  1.69204487e+09]
[-5.14613870e-05  2.32386490e-01  1.69204487e+09]
[-6.79008779e-05  2.75984016e-01  1.69204487e+09]
[-5.14613870e-05  3.16836145e-01  1.69204487e+09]
[-2.14291431e-06  3.24266794e-01  1.69204487e+09]
[-1.85824052e-05  3.19367827e-01  1.69204487e+09]
[-1.82977314e-04  2.99262332e-01  1.69204487e+09]
[-5.14613870e-05  2.38814331e-01  1.69204487e+09]
[-1.17219351e-04  1.65313373e-01  1.69204487e+09]
[-5.14613870e-05  8.50886608e-02  1.69204487e+09]
[-6.79008779e-05  2.68764246e-02  1.69204487e+09]
[-6.79008779e-05  2.41967876e-02  1.69204487e+09]
[-1.00779860e-04  7.14903562e-03  1.69204487e+09]
[-1.85824052e-05  3.45015017e-03  1.69204487e+09]
[-6.79008779e-05  3.23643679e-03  1.69204487e+09]
[-4.96000874e-02  2.87476799e-03  1.69204488e+09]
[-1.31879741e-01  2.80901003e-03  1.69204488e+09]
[-1.80770789e-01  2.77613105e-03  1.69204488e+09]
[-2.08257620e-01  2.72681258e-03  1.69204488e+09]
[-2.32982615e-01  2.64461512e-03  1.69204488e+09]
[-2.51559241e-01  2.66105461e-03  1.69204488e+09]
[-2.64793032e-01  2.54597818e-03  1.69204488e+09]
[-2.76169160e-01  2.46378072e-03  1.69204488e+09]
[-2.85161562e-01  2.52953868e-03  1.69204488e+09]
[-2.93627901e-01  2.48022021e-03  1.69204488e+09]
[-2.97573379e-01  2.46378072e-03  1.69204488e+09]
[-2.89945455e-01  2.31582530e-03  1.69204488e+09]
[-2.77944625e-01  2.36514378e-03  1.69204488e+09]
[-2.68146688e-01  2.29938581e-03  1.69204488e+09]
[-2.65417733e-01  2.25006734e-03  1.69204488e+09]
[-2.68705631e-01  2.18430938e-03  1.69204488e+09]
[-2.72338759e-01  2.16786988e-03  1.69204488e+09]
[-2.64793032e-01  2.16786988e-03  1.69204488e+09]
[-2.37437717e-01  2.05279345e-03  1.69204488e+09]
[-1.49289163e-01  2.08567243e-03  1.69204488e+09]
[-4.02981819e-03  2.05279345e-03  1.69204488e+09]
[-1.17219351e-04  2.01991447e-03  1.69204488e+09]
[-1.17219351e-04  9.74647516e-03  1.69204488e+09]
[-6.79008779e-05  2.27829914e-02  1.69204488e+09]
[-5.14613870e-05  7.72441780e-03  1.69204488e+09]
[-6.79008779e-05  1.54316923e-03  1.69204488e+09]
[-1.41792755e-01  1.08286349e-03  1.69204488e+09]
[-2.61603771e-01  9.34908067e-04  1.69204488e+09]
[-3.02192876e-01  9.51347558e-04  1.69204488e+09]
[-3.07519271e-01  9.18468576e-04  1.69204488e+09]
[-2.99578997e-01  9.34908067e-04  1.69204488e+09]
[-2.89304314e-01  9.18468576e-04  1.69204488e+09]
[-2.82991549e-01  9.67787049e-04  1.69204488e+09]
[-2.78667963e-01  1.65824567e-03  1.69204488e+09]
[-2.75511581e-01  1.67468516e-03  1.69204488e+09]
[-2.76711664e-01  6.22557740e-04  1.69204488e+09]
[-2.79769409e-01  5.56799776e-04  1.69204488e+09]
[-2.82350409e-01  6.06118249e-04  1.69204488e+09]
[-2.89189238e-01  6.55436722e-04  1.69204488e+09]
[-2.90405760e-01  6.55436722e-04  1.69204488e+09]
[-2.89205677e-01  6.88315704e-04  1.69204488e+09]
[-2.89172798e-01  6.71876213e-04  1.69204488e+09]
[-2.90372881e-01  6.88315704e-04  1.69204488e+09]
[-2.87578168e-01  7.86952649e-04  1.69204488e+09]
[-2.88433021e-01  7.04755195e-04  1.69204488e+09]
[-2.93134716e-01  8.03392140e-04  1.69204488e+09]
[-3.00631124e-01  6.88315704e-04  1.69204488e+09]
[-3.07009647e-01  8.19831631e-04  1.69204488e+09]
[-3.14654011e-01  7.86952649e-04  1.69204488e+09]
[-3.28676898e-01  8.03392140e-04  1.69204488e+09]
[-3.39214612e-01  8.85589595e-04  1.69204488e+09]
[-3.12845667e-01  8.69150104e-04  1.69204488e+09]
[-2.48682330e-01  8.19831631e-04  1.69204488e+09]
[-1.11067345e-01  8.19831631e-04  1.69204488e+09]
[-9.25757631e-03  8.03392140e-04  1.69204488e+09]
[-8.43403688e-05  4.90039791e-02  1.69204488e+09]
[-5.14613870e-05  1.47755997e-01  1.69204488e+09]
[-1.85824052e-05  1.91863149e-01  1.69204488e+09]
[-6.79008779e-05  2.05442167e-01  1.69204488e+09]
[-6.79008779e-05  2.02137830e-01  1.69204488e+09]
[-3.50218961e-05  1.92307015e-01  1.69204488e+09]
[-3.50218961e-05  1.74223576e-01  1.69204488e+09]
[-6.79008779e-05  1.00887011e-01  1.69204488e+09]
[-5.14613870e-05  7.06683817e-03  1.69204488e+09]
[-1.85824052e-05  3.79537948e-03  1.69204488e+09]
[-1.01976307e-01  3.25287628e-03  1.69204488e+09]
[-2.20620117e-01  3.05560239e-03  1.69204488e+09]
[-2.67127440e-01  2.97340494e-03  1.69204488e+09]
[-2.98609067e-01  2.89120748e-03  1.69204488e+09]
[-3.25586273e-01  2.77613105e-03  1.69204488e+09]
[-3.37340510e-01  2.67749410e-03  1.69204488e+09]
[-3.50015358e-01  2.43090174e-03  1.69204488e+09]
[-3.59040639e-01  2.51309919e-03  1.69204488e+09]
[-3.58202225e-01  2.51309919e-03  1.69204488e+09]
[-3.59303671e-01  2.43090174e-03  1.69204488e+09]
[-3.51166123e-01  2.34870428e-03  1.69204488e+09]
[-3.38622790e-01  2.31582530e-03  1.69204488e+09]
[-3.25668471e-01  2.33226479e-03  1.69204488e+09]
[-3.08883749e-01  2.23362785e-03  1.69204488e+09]
[-2.86312327e-01  2.34870428e-03  1.69204488e+09]
[-2.29086456e-01  2.31582530e-03  1.69204488e+09]
[-1.07647931e-01  2.28294632e-03  1.69204488e+09]
[-5.29565899e-03  2.25006734e-03  1.69204488e+09]
[-5.14613870e-05  2.34870428e-03  1.69204488e+09]
[-6.79008779e-05  2.33226479e-03  1.69204488e+09]
[-5.14613870e-05  6.25665588e-02  1.69204488e+09]
[-8.43403688e-05  1.02333686e-01  1.69204488e+09]
[-2.14291431e-06  1.18247113e-01  1.69204488e+09]
[-8.43403688e-05  1.14893457e-01  1.69204488e+09]
[-5.14613870e-05  1.02728234e-01  1.69204488e+09]
[-2.14291431e-06  5.99526798e-02  1.69204488e+09]
[-2.14291431e-06  7.18191460e-03  1.69204488e+09]
[-1.85824052e-05  2.10211192e-03  1.69204488e+09]
[-2.14291431e-06  1.82264058e-03  1.69204488e+09]
[-5.24605588e-02  1.65824567e-03  1.69204488e+09]
[-1.46757481e-01  1.44453229e-03  1.69204488e+09]
[-2.06498594e-01  1.42809279e-03  1.69204488e+09]
[-2.44556017e-01  1.32945585e-03  1.69204488e+09]
[-2.59072089e-01  1.23081890e-03  1.69204488e+09]
[-2.68574115e-01  1.29657687e-03  1.69204488e+09]
[-2.61998318e-01  1.19793992e-03  1.69204488e+09]
[-2.64809471e-01  1.11574247e-03  1.69204488e+09]
[-2.63905299e-01  1.24725839e-03  1.69204488e+09]
[-2.58973452e-01  1.21437941e-03  1.69204488e+09]
[-2.51838712e-01  1.09930298e-03  1.69204488e+09]
[-2.44917686e-01  1.04998450e-03  1.69204488e+09]
[-2.39706367e-01  1.16506094e-03  1.69204488e+09]
[-2.27853494e-01  1.06642399e-03  1.69204488e+09]
[-2.15490996e-01  1.04998450e-03  1.69204488e+09]
[-2.05808135e-01  1.08286349e-03  1.69204488e+09]
[-2.04098428e-01  1.01710552e-03  1.69204488e+09]
[-1.97013007e-01  1.01710552e-03  1.69204488e+09]
[-1.79472070e-01  1.03354501e-03  1.69204488e+09]
[-1.53415475e-01  1.06642399e-03  1.69204488e+09]
[-1.15489568e-01  1.00066603e-03  1.69204488e+09]
[-5.31838964e-02  1.44810485e-02  1.69204488e+09]
[-1.33016911e-02  4.68504058e-02  1.69204488e+09]
[-8.43403688e-05  7.51920875e-02  1.69204488e+09]
[-6.79008779e-05  8.52859347e-02  1.69204488e+09]
[-8.43403688e-05  7.51920875e-02  1.69204488e+09]
[-3.50218961e-05  4.49269854e-02  1.69204488e+09]
[-5.14613870e-05  1.51550677e-02  1.69204488e+09]
[-1.85824052e-05  2.29938581e-03  1.69204488e+09]
[-3.50218961e-05  8.19831631e-04  1.69204488e+09]
[-3.36702205e-02  2.28009958e-04  1.69204488e+09]
[-8.31695285e-02  9.64940311e-05  1.69204488e+09]
[-1.16327983e-01  1.12933522e-04  1.69204488e+09]
[-1.34921047e-01  4.71755584e-05  1.69204488e+09]
[-1.44834061e-01 -3.50218961e-05  1.69204488e+09]
[-1.35644385e-01 -6.79008779e-05  1.69204488e+09]
[-1.18185645e-01 -1.66537823e-04  1.69204488e+09]
[-1.06464288e-01 -1.33658842e-04  1.69204488e+09]
[-9.68307458e-02 -1.50098332e-04  1.69204488e+09]
[-8.69834904e-02 -1.99416805e-04  1.69204488e+09]
[-8.57176496e-02 -2.81614260e-04  1.69204488e+09]
[-7.49004643e-02 -2.15856296e-04  1.69204488e+09]
[-6.62039735e-02 -2.81614260e-04  1.69204488e+09]
[-6.37709288e-02 -2.48735278e-04  1.69204488e+09]
[-5.89048394e-02 -2.65174769e-04  1.69204488e+09]
[-5.78691514e-02 -2.48735278e-04  1.69204488e+09]
[-5.80006674e-02 -3.96690696e-04  1.69204488e+09]
[-6.02693171e-02 -2.81614260e-04  1.69204488e+09]
[-6.13543236e-02 -3.14493242e-04  1.69204488e+09]
[-6.28503173e-02 -3.30932732e-04  1.69204488e+09]
[-6.28831962e-02 -2.48735278e-04  1.69204488e+09]
[-6.13214446e-02 -3.30932732e-04  1.69204488e+09]
[-5.65046737e-02 -2.65174769e-04  1.69204488e+09]
[-5.30852595e-02 -3.30932732e-04  1.69204488e+09]
[-5.24769983e-02 -3.30932732e-04  1.69204488e+09]
[-4.81862911e-02 -3.30932732e-04  1.69204488e+09]
[-4.42408132e-02 -3.14493242e-04  1.69204488e+09]
[-3.04645197e-02 -3.30932732e-04  1.69204488e+09]
[-1.01288693e-02 -2.48735278e-04  1.69204488e+09]
[-8.43403688e-05  3.44550298e-02  1.69204488e+09]
[-5.14613870e-05  6.80737881e-02  1.69204488e+09]
[-6.79008779e-05  8.52201767e-02  1.69204488e+09]
[-3.50218961e-05  9.32919665e-02  1.69204488e+09]
[-6.79008779e-05  9.95882913e-02  1.69204488e+09]
[-5.14613870e-05  1.04092712e-01  1.69204488e+09]
[-1.00779860e-04  1.14367393e-01  1.69204488e+09]
[-3.50218961e-05  1.30165743e-01  1.69204488e+09]
[-3.50218961e-05  1.50830182e-01  1.69204488e+09]
[-5.14613870e-05  1.70015067e-01  1.69204488e+09]
[-1.50098332e-04  1.88361537e-01  1.69204488e+09]
[-6.79008779e-05  2.02367983e-01  1.69204488e+09]
[-1.50098332e-04  2.18725275e-01  1.69204488e+09]
[-5.14613870e-05  2.34178395e-01  1.69204488e+09]
[-5.14613870e-05  2.49417801e-01  1.69204488e+09]
[-6.79008779e-05  2.61352870e-01  1.69204488e+09]
[-8.43403688e-05  2.76690914e-01  1.69204488e+09]
[-1.85824052e-05  3.01004918e-01  1.69204488e+09]
[-8.43403688e-05  3.27324539e-01  1.69204488e+09]
[-6.79008779e-05  3.53496205e-01  1.69204488e+09]
[-1.33658842e-04  3.75590877e-01  1.69204488e+09]
[-5.14613870e-05  4.00677535e-01  1.69204488e+09]
[-8.43403688e-05  4.07269770e-01  1.69204488e+09]
[-6.79008779e-05  4.01861178e-01  1.69204488e+09]
[-5.14613870e-05  3.96781377e-01  1.69204488e+09]
[-1.17219351e-04  3.86424499e-01  1.69204488e+09]
[-8.43403688e-05  3.76429291e-01  1.69204488e+09]
[-5.14613870e-05  3.68554776e-01  1.69204488e+09]
[-1.85824052e-05  3.55304548e-01  1.69204488e+09]
[-1.00779860e-04  3.11690585e-01  1.69204488e+09]
[-1.00779860e-04  1.45043482e-01  1.69204488e+09]
[-5.14613870e-05  1.87881951e-02  1.69204488e+09]
[-2.14291430e-06  1.64180618e-03  1.69204488e+09]
[-3.97857112e-02  1.37877432e-03  1.69204488e+09]
[-1.03176389e-01  1.31301636e-03  1.69204488e+09]
[-1.43831252e-01  1.31301636e-03  1.69204488e+09]
[-1.69443980e-01  1.21437941e-03  1.69204488e+09]
[-1.93363440e-01  1.11574247e-03  1.69204488e+09]
[-2.10493390e-01  1.14862145e-03  1.69204488e+09]
[-2.26258863e-01  1.09930298e-03  1.69204488e+09]
[-2.42451763e-01  1.06642399e-03  1.69204488e+09]
[-2.48633011e-01  1.04998450e-03  1.69204488e+09]
[-2.47580884e-01  1.04998450e-03  1.69204488e+09]
[-2.43191540e-01  1.06642399e-03  1.69204488e+09]
[-2.22050353e-01  9.34908067e-04  1.69204488e+09]
[-1.78600777e-01  9.51347558e-04  1.69204488e+09]
[-8.26763437e-02  9.34908067e-04  1.69204488e+09]
[-5.03262714e-03  9.34908067e-04  1.69204489e+09]
[-2.14291431e-06  9.51347558e-04  1.69204489e+09]
[-8.43403688e-05  9.51347558e-04  1.69204489e+09]
[-6.79008779e-05  1.04998450e-03  1.69204489e+09]
[-5.14613870e-05  8.85589595e-04  1.69204489e+09]
[-6.79008779e-05  9.18468576e-04  1.69204489e+09]
[-1.17219351e-04  8.69150104e-04  1.69204489e+09]
[-1.66537823e-04  8.85589595e-04  1.69204489e+09]
[-1.00779860e-04  9.02029085e-04  1.69204489e+09]
[-1.00779860e-04  8.52710613e-04  1.69204489e+09]
[-4.01966984e-02  8.52710613e-04  1.69204489e+09]
[-1.20109066e-01  8.85589595e-04  1.69204489e+09]
[-1.67783591e-01  8.85589595e-04  1.69204489e+09]
[-1.78485700e-01  8.52710613e-04  1.69204489e+09]
[-1.72222254e-01  8.52710613e-04  1.69204489e+09]
[-1.53678507e-01  7.86952649e-04  1.69204489e+09]
[-1.22427034e-01  8.52710613e-04  1.69204489e+09]
[-1.09143925e-01  9.18468576e-04  1.69204489e+09]
[-9.12413187e-02  8.52710613e-04  1.69204489e+09]
[-7.94213244e-02  8.36271122e-04  1.69204489e+09]
[-6.38531262e-02  8.69150104e-04  1.69204489e+09]
[-6.10748522e-02  8.85589595e-04  1.69204489e+09]
[-5.04549409e-02  9.84226540e-04  1.69204489e+09]
[-5.55347437e-02  8.69150104e-04  1.69204489e+09]
[-6.36887313e-02  8.36271122e-04  1.69204489e+09]
[-9.70773381e-02  8.69150104e-04  1.69204489e+09]
[-1.17084199e-01  8.85589595e-04  1.69204489e+09]
[-1.40066608e-01  9.02029085e-04  1.69204489e+09]
[-1.60846126e-01  9.02029085e-04  1.69204489e+09]
[-1.84420357e-01  9.02029085e-04  1.69204489e+09]
[-2.16230773e-01  9.02029085e-04  1.69204489e+09]
[-2.41679106e-01  9.34908067e-04  1.69204489e+09]
[-2.63214841e-01  8.19831631e-04  1.69204489e+09]
[-2.67604185e-01  9.02029085e-04  1.69204489e+09]
[-2.68722070e-01  8.52710613e-04  1.69204489e+09]
[-2.63609389e-01  8.36271122e-04  1.69204489e+09]
[-2.61998318e-01  9.51347558e-04  1.69204489e+09]
[-2.56803439e-01  8.69150104e-04  1.69204489e+09]
[-2.48731648e-01  8.36271122e-04  1.69204489e+09]
[-2.39377578e-01  8.52710613e-04  1.69204489e+09]
[-2.21869519e-01  8.52710613e-04  1.69204489e+09]
[-2.07337008e-01  8.69150104e-04  1.69204489e+09]
[-1.90535848e-01  8.85589595e-04  1.69204489e+09]
[-1.79883057e-01  8.69150104e-04  1.69204489e+09]
[-1.69641254e-01  8.19831631e-04  1.69204489e+09]
[-1.39178876e-01  8.36271122e-04  1.69204489e+09]
[-1.04212077e-01  8.69150104e-04  1.69204489e+09]
[-7.42757637e-02  7.86952649e-04  1.69204489e+09]
[-4.15611762e-02  7.86952649e-04  1.69204489e+09]
[-7.13688198e-03  8.19831631e-04  1.69204489e+09]
[-2.14291431e-06  8.03392140e-04  1.69204489e+09]
[-6.79008779e-05  7.94992340e-02  1.69204489e+09]
[-6.79008779e-05  1.24477680e-01  1.69204489e+09]
[-6.79008779e-05  1.44040673e-01  1.69204489e+09]
[-1.00779860e-04  1.49975329e-01  1.69204489e+09]
[-5.14613870e-05  1.44764010e-01  1.69204489e+09]
[-8.43403688e-05  1.29179374e-01  1.69204489e+09]
[-3.50218961e-05  5.22589982e-02  1.69204489e+09]
[-1.00779860e-04  4.25283849e-04  1.69204489e+09]
[-6.79008779e-05 -5.61085605e-04  1.69204489e+09]
[-8.43403688e-05 -7.25480514e-04  1.69204489e+09]
[-6.70423875e-02 -9.22754405e-04  1.69204489e+09]
[-1.34477181e-01 -1.00495186e-03  1.69204489e+09]
[-1.71696190e-01 -1.03783084e-03  1.69204489e+09]
[-1.93001771e-01 -1.02139135e-03  1.69204489e+09]
[-1.99906358e-01 -1.13646779e-03  1.69204489e+09]
[-2.03605243e-01 -1.02139135e-03  1.69204489e+09]
[-2.04657371e-01 -1.10358881e-03  1.69204489e+09]
[-2.08142543e-01 -1.13646779e-03  1.69204489e+09]
[-2.09211110e-01 -1.20222575e-03  1.69204489e+09]
[-1.94563523e-01 -1.23510473e-03  1.69204489e+09]
[-1.56078673e-01 -1.23510473e-03  1.69204489e+09]
[-4.38791444e-02 -1.30086270e-03  1.69204489e+09]
[-8.43403688e-05 -1.26798371e-03  1.69204489e+09]
[-1.17219351e-04 -1.25154422e-03  1.69204489e+09]
[-1.00779860e-04 -1.26798371e-03  1.69204489e+09]
[-6.79008779e-05 -1.28442321e-03  1.69204489e+09]
[-8.43403688e-05  6.59009293e-03  1.69204489e+09]
[-2.14291430e-06  7.64222035e-03  1.69204489e+09]
[-8.43403688e-05 -5.06550612e-03  1.69204489e+09]
[-8.43403688e-05 -5.14770357e-03  1.69204489e+09]
[-1.00779860e-04 -5.13126408e-03  1.69204489e+09]
[-5.27071512e-02 -5.24634052e-03  1.69204489e+09]
[-9.95432618e-02 -5.22990103e-03  1.69204489e+09]
[-1.52231832e-01 -5.21346154e-03  1.69204489e+09]
[-1.77351375e-01 -5.11482459e-03  1.69204489e+09]
[-1.95138905e-01 -5.11482459e-03  1.69204489e+09]
[-2.13074391e-01 -5.04906663e-03  1.69204489e+09]
[-2.18450104e-01 -5.03262714e-03  1.69204489e+09]
[-2.21277697e-01 -4.98330866e-03  1.69204489e+09]
[-2.24401200e-01 -5.06550612e-03  1.69204489e+09]
[-2.37782947e-01 -5.03262714e-03  1.69204489e+09]
[-2.67341153e-01 -4.95042968e-03  1.69204489e+09]
[-3.37422707e-01 -5.01618764e-03  1.69204489e+09]
[-3.63791653e-01 -4.65451884e-03  1.69204489e+09]
[-3.71649730e-01 -4.55588190e-03  1.69204489e+09]
[-3.76236348e-01 -5.01618764e-03  1.69204489e+09]
[-3.67885086e-01 -4.96686917e-03  1.69204489e+09]
[-3.55489709e-01 -5.01618764e-03  1.69204489e+09]
[-3.32342904e-01 -4.95042968e-03  1.69204489e+09]
[-3.11103081e-01 -4.96686917e-03  1.69204489e+09]
[-2.92838805e-01 -4.85179274e-03  1.69204489e+09]
[-2.75939007e-01 -4.93399019e-03  1.69204489e+09]
[-2.54321076e-01 -4.90111121e-03  1.69204489e+09]
[-2.09145352e-01 -4.93399019e-03  1.69204489e+09]
[-1.29068588e-01 -4.88467172e-03  1.69204489e+09]
[-4.20214819e-02 -4.88467172e-03  1.69204489e+09]
[-6.79008779e-05 -4.95042968e-03  1.69204489e+09]
[-1.00779860e-04  1.24096727e-02  1.69204489e+09]
[-1.33658842e-04  3.93211191e-02  1.69204489e+09]
[-5.14613870e-05  5.15027817e-02  1.69204489e+09]
[-1.00779860e-04  7.47811003e-02  1.69204489e+09]
[-2.14291431e-06  1.22061074e-01  1.69204489e+09]
[-6.79008779e-05  1.75078430e-01  1.69204489e+09]
[-3.50218961e-05  2.13941383e-01  1.69204489e+09]
[-6.79008779e-05  2.19103383e-01  1.69204489e+09]
[-5.14613870e-05  2.15766167e-01  1.69204489e+09]
[-6.79008779e-05  2.13563275e-01  1.69204489e+09]
[-1.17219351e-04  2.06971040e-01  1.69204489e+09]
[-1.66537823e-04  2.01167900e-01  1.69204489e+09]
[-8.43403688e-05  1.93260505e-01  1.69204489e+09]
[1.42965766e-05 1.81818620e-01 1.69204489e+09]
[-1.00779860e-04  1.51290488e-01  1.69204489e+09]
[-5.14613870e-05  4.07020363e-02  1.69204489e+09]
[-1.66537823e-04 -5.14613870e-05  1.69204489e+09]
[-1.00779860e-04 -4.78888151e-04  1.69204489e+09]
[-5.14613870e-05 -6.26843569e-04  1.69204489e+09]
[-6.46422218e-02 -9.88512369e-04  1.69204489e+09]
[-1.21835212e-01 -1.02139135e-03  1.69204489e+09]
[-1.51146826e-01 -1.03783084e-03  1.69204489e+09]
[-1.56177310e-01 -9.88512369e-04  1.69204489e+09]
[-1.51426297e-01 -1.07070982e-03  1.69204489e+09]
[-1.31682468e-01 -1.13646779e-03  1.69204489e+09]
[-1.14716912e-01 -1.16934677e-03  1.69204489e+09]
[-8.84301657e-02 -1.13646779e-03  1.69204489e+09]
[-2.03377932e-02  1.11868591e-01  1.69204489e+09]
[-1.17219351e-04  2.28112223e-01  1.69204489e+09]
[-1.17219351e-04  2.68586246e-01  1.69204489e+09]
[-6.79008779e-05  2.75145602e-01  1.69204489e+09]
[-1.00779860e-04  2.71200124e-01  1.69204489e+09]
[-1.00779860e-04  2.69260265e-01  1.69204489e+09]
[-6.79008779e-05  2.68964354e-01  1.69204489e+09]
[-1.50098332e-04  2.77595086e-01  1.69204489e+09]
[-1.33658842e-04  3.13252337e-01  1.69204489e+09]
[-1.17219351e-04  3.13203018e-01  1.69204489e+09]
[-3.50218961e-05  3.05723051e-01  1.69204489e+09]
[-1.33658842e-04  2.91305619e-01  1.69204489e+09]
[-3.50218961e-05  2.45291489e-01  1.69204489e+09]
[-5.14613870e-05  2.33455057e-01  1.69204489e+09]
[-6.79008779e-05  2.30380873e-01  1.69204489e+09]
[-5.14613870e-05  2.34424987e-01  1.69204489e+09]
[-6.79008779e-05  2.34852414e-01  1.69204489e+09]
[-2.14291431e-06  2.36775834e-01  1.69204489e+09]
[-8.43403688e-05  2.39997974e-01  1.69204489e+09]
[-3.50218961e-05  2.38074554e-01  1.69204489e+09]
[-6.79008779e-05  2.37910159e-01  1.69204489e+09]
[-8.43403688e-05  2.33734528e-01  1.69204489e+09]
[-6.79008779e-05  2.22736510e-01  1.69204489e+09]
[-8.43403688e-05  1.97649849e-01  1.69204489e+09]
[-6.79008779e-05  1.72875538e-01  1.69204489e+09]
[-8.43403688e-05  1.67023080e-01  1.69204489e+09]
[-1.33658842e-04  1.71215150e-01  1.69204489e+09]
[-8.43403688e-05  1.61450093e-01  1.69204489e+09]
[-1.00779860e-04  7.29727563e-02  1.69204489e+09]
[-1.17219351e-04  3.40083170e-03  1.69204489e+09]
[-1.79404743e-03 -1.02139135e-03  1.69204489e+09]
[-8.73287198e-02 -1.20222575e-03  1.69204489e+09]
[-1.41694118e-01 -1.26798371e-03  1.69204489e+09]
[-1.75641668e-01 -1.30086270e-03  1.69204489e+09]
[-2.01484549e-01 -1.41593913e-03  1.69204489e+09]
[-2.17348659e-01 -1.39949964e-03  1.69204489e+09]
[-2.32900418e-01 -1.49813659e-03  1.69204489e+09]
[-2.42698355e-01 -1.49813659e-03  1.69204489e+09]
[-2.47334292e-01 -1.53101557e-03  1.69204489e+09]
[-2.52611368e-01 -1.51457608e-03  1.69204489e+09]
[-2.54962216e-01 -1.56389455e-03  1.69204489e+09]
[-2.63280599e-01 -1.58033404e-03  1.69204489e+09]
[-2.65664325e-01 -1.58033404e-03  1.69204489e+09]
[-2.65878038e-01 -1.61321302e-03  1.69204489e+09]
[-2.66617816e-01 -1.53101557e-03  1.69204489e+09]
[-2.65417733e-01 -1.54745506e-03  1.69204489e+09]
[-2.63757344e-01 -1.58033404e-03  1.69204489e+09]
[-2.62557261e-01 -1.56389455e-03  1.69204489e+09]
[-2.61488694e-01 -1.51457608e-03  1.69204489e+09]
[-2.61159904e-01 -1.59677353e-03  1.69204489e+09]
[-2.71434587e-01 -1.56389455e-03  1.69204489e+09]
[-2.80591384e-01 -1.59677353e-03  1.69204489e+09]
[-2.89057722e-01 -1.54745506e-03  1.69204489e+09]
[-2.97080194e-01 -1.59677353e-03  1.69204489e+09]
[-3.02883335e-01 -1.58033404e-03  1.69204489e+09]
[-3.19668056e-01 -1.59677353e-03  1.69204489e+09]
[-3.30337286e-01 -1.61321302e-03  1.69204489e+09]
[-3.35088299e-01 -1.62965251e-03  1.69204489e+09]
[-3.30435923e-01 -1.61321302e-03  1.69204489e+09]
[-3.15591062e-01 -1.56389455e-03  1.69204489e+09]
[-2.97556939e-01 -1.59677353e-03  1.69204489e+09]
[-2.76497950e-01 -1.62965251e-03  1.69204489e+09]
[-2.60272172e-01 -1.62965251e-03  1.69204489e+09]
[-2.44309425e-01 -1.59677353e-03  1.69204489e+09]
[-2.32308596e-01 -1.61321302e-03  1.69204489e+09]
[-2.24729990e-01 -1.59677353e-03  1.69204490e+09]
[-2.16411607e-01 -1.61321302e-03  1.69204490e+09]
[-1.95533453e-01 -1.64609201e-03  1.69204490e+09]
[-1.85571121e-01 -1.56389455e-03  1.69204490e+09]
[-1.64923120e-01 -1.59677353e-03  1.69204490e+09]
[-1.42581850e-01 -1.58033404e-03  1.69204490e+09]
[-1.34625137e-01 -1.71184997e-03  1.69204490e+09]
[-1.47563016e-01 -1.61321302e-03  1.69204490e+09]
[-1.65893050e-01 -1.61321302e-03  1.69204490e+09]
[-1.80935184e-01 -1.66253150e-03  1.69204490e+09]
[-2.03868275e-01 -1.59677353e-03  1.69204490e+09]
[-2.18203512e-01 -1.59677353e-03  1.69204490e+09]
[-2.42533960e-01 -1.62965251e-03  1.69204490e+09]
[-2.74377256e-01 -1.56389455e-03  1.69204490e+09]
[-3.15771896e-01 -1.58033404e-03  1.69204490e+09]
[-3.36929523e-01 -1.62965251e-03  1.69204490e+09]
[-3.48157696e-01 -1.69541048e-03  1.69204490e+09]
[-3.43735472e-01 -1.58033404e-03  1.69204490e+09]
[-3.28709777e-01 -1.59677353e-03  1.69204490e+09]
[-3.07058966e-01 -1.64609201e-03  1.69204490e+09]
[-2.55307445e-01 -1.64609201e-03  1.69204490e+09]
[-1.72863394e-01 -1.69541048e-03  1.69204490e+09]
[-7.71691141e-02 -1.66253150e-03  1.69204490e+09]
[-2.09460544e-02 -1.62965251e-03  1.69204490e+09]
[-5.14613870e-05 -1.72828946e-03  1.69204490e+09]
[-1.00779860e-04 -1.59677353e-03  1.69204490e+09]
[-1.00779860e-04 -1.61321302e-03  1.69204490e+09]
[-2.21461372e-02 -1.67897099e-03  1.69204490e+09]
[-2.70779846e-02  3.97321063e-02  1.69204490e+09]
[-6.79008779e-05  1.07199775e-01  1.69204490e+09]
[-3.50218961e-05  1.51323367e-01  1.69204490e+09]
[-1.85824052e-05  1.72365914e-01  1.69204490e+09]
[-3.50218961e-05  1.91715193e-01  1.69204490e+09]
[-8.43403688e-05  1.96794996e-01  1.69204490e+09]
[-1.85824052e-05  2.06724447e-01  1.69204490e+09]
[-1.00779860e-04  2.05540804e-01  1.69204490e+09]
[-8.43403688e-05  2.00806231e-01  1.69204490e+09]
[-8.43403688e-05  2.03255715e-01  1.69204490e+09]
[-6.79008779e-05  2.09272568e-01  1.69204490e+09]
[-5.14613870e-05  2.29526019e-01  1.69204490e+09]
[-1.00779860e-04  2.44929821e-01  1.69204490e+09]
[-5.14613870e-05  2.82773525e-01  1.69204490e+09]
[-8.43403688e-05  3.00692567e-01  1.69204490e+09]
[-3.50218961e-05  3.12660515e-01  1.69204490e+09]
[-1.33658842e-04  3.33193436e-01  1.69204490e+09]
[-1.85824052e-05  3.42531066e-01  1.69204490e+09]
[-6.79008779e-05  3.38782863e-01  1.69204490e+09]
[-1.00779860e-04  3.27324539e-01  1.69204490e+09]
[-6.79008779e-05  3.12890668e-01  1.69204490e+09]
[-1.85824052e-05  2.10209619e-01  1.69204490e+09]
[-6.79008779e-05  4.58969153e-02  1.69204490e+09]
[-5.14613870e-05 -1.90912386e-03  1.69204490e+09]
[-8.43403688e-05 -2.08995826e-03  1.69204490e+09]
[-8.91206243e-02 -2.13927673e-03  1.69204490e+09]
[-1.81674961e-01 -2.32011113e-03  1.69204490e+09]
[-2.38177495e-01 -2.36942961e-03  1.69204490e+09]
[-2.77763791e-01 -2.43518757e-03  1.69204490e+09]
[-3.02686061e-01 -2.50094553e-03  1.69204490e+09]
[-3.14506056e-01 -2.45162706e-03  1.69204490e+09]
[-3.27049388e-01 -2.45162706e-03  1.69204490e+09]
[-3.46826097e-01 -2.48450604e-03  1.69204490e+09]
[-3.86658986e-01 -2.53382452e-03  1.69204490e+09]
[-4.05054778e-01 -2.55026401e-03  1.69204490e+09]
[-3.77140520e-01 -2.50094553e-03  1.69204490e+09]
[-2.73621039e-01 -2.55026401e-03  1.69204490e+09]
[-8.55861337e-02 -2.51738502e-03  1.69204490e+09]
[-1.85824052e-05 -2.56670350e-03  1.69204490e+09]
[-6.79008779e-05 -2.61602197e-03  1.69204490e+09]
[-8.43403688e-05  1.25464049e-01  1.69204490e+09]
[-6.79008779e-05  2.63966749e-01  1.69204490e+09]
[-1.33658842e-04  3.20830941e-01  1.69204490e+09]
[-5.14613870e-05  3.43385919e-01  1.69204490e+09]
[-1.17219351e-04  3.43648951e-01  1.69204490e+09]
[-6.79008779e-05  3.36859442e-01  1.69204490e+09]
[-1.00779860e-04  3.23938004e-01  1.69204490e+09]
[-6.79008779e-05  3.08484885e-01  1.69204490e+09]
[-6.79008779e-05  3.06956013e-01  1.69204490e+09]
[-8.43403688e-05  3.10227471e-01  1.69204490e+09]
[-1.00779860e-04  3.08928751e-01  1.69204490e+09]
[-6.79008779e-05  2.79189716e-01  1.69204490e+09]
[-6.79008779e-05  1.05292794e-01  1.69204490e+09]
[-6.79008779e-05  2.36378449e-02  1.69204490e+09]
[-3.50218961e-05 -1.33374168e-03  1.69204490e+09]
[-3.50218961e-05 -1.76116844e-03  1.69204490e+09]
[-6.79008779e-05 -1.82692641e-03  1.69204490e+09]
[-6.79008779e-05 -1.92556335e-03  1.69204490e+09]
[-1.17219351e-04 -1.94200284e-03  1.69204490e+09]
[-5.14613870e-05 -1.94200284e-03  1.69204490e+09]
[-6.79008779e-05 -2.00776081e-03  1.69204490e+09]
[-1.85824052e-05 -1.97488182e-03  1.69204490e+09]
[-1.00779860e-04 -1.99132131e-03  1.69204490e+09]
[-1.00779860e-04 -2.00776081e-03  1.69204490e+09]
[-8.43403688e-05 -2.02420030e-03  1.69204490e+09]
[-1.66537823e-04  5.59578836e-02  1.69204490e+09]
[-8.43403688e-05  2.02828288e-01  1.69204490e+09]
[-8.43403688e-05  2.78252665e-01  1.69204490e+09]
[-1.85824052e-05  3.04309255e-01  1.69204490e+09]
[-5.14613870e-05  3.07909503e-01  1.69204490e+09]
[-8.43403688e-05  2.99739077e-01  1.69204490e+09]
[-1.0077986e-04  2.9128918e-01  1.6920449e+09]
[-8.43403688e-05  2.44485954e-01  1.69204490e+09]
[-8.43403688e-05  9.07602850e-02  1.69204490e+09]
[-6.79008779e-05  3.19397877e-02  1.69204490e+09]
[-8.43403688e-05 -1.84336590e-03  1.69204490e+09]
[-6.79008779e-05 -2.18859521e-03  1.69204490e+09]
[-3.50218961e-05 -2.22147419e-03  1.69204490e+09]
[-5.14613870e-05  1.35439976e-02  1.69204490e+09]
[-3.50218961e-05  6.51968773e-02  1.69204490e+09]
[-2.14291431e-06  1.39700647e-01  1.69204490e+09]
[-3.50218961e-05  2.02976244e-01  1.69204490e+09]
[-1.00779860e-04  2.24380459e-01  1.69204490e+09]
[-8.43403688e-05  2.33290662e-01  1.69204490e+09]
[-5.14613870e-05  2.18823912e-01  1.69204490e+09]
[-1.17219351e-04  1.51043895e-01  1.69204490e+09]
[-2.14291431e-06  7.53400429e-02  1.69204490e+09]
[-6.79008779e-05  1.07328446e-02  1.69204490e+09]
[-6.79008779e-05 -1.08714931e-03  1.69204490e+09]
[-8.43403688e-05 -1.25154422e-03  1.69204490e+09]
[-1.33658842e-04 -1.36662066e-03  1.69204490e+09]
[-4.73971955e-02 -1.46525761e-03  1.69204490e+09]
[-1.12119473e-01 -1.49813659e-03  1.69204490e+09]
[-1.60468017e-01 -1.44881811e-03  1.69204490e+09]
[-1.88349395e-01 -1.53101557e-03  1.69204490e+09]
[-2.11085212e-01 -1.56389455e-03  1.69204490e+09]
[-2.27179475e-01 -1.61321302e-03  1.69204490e+09]
[-2.38604921e-01 -1.64609201e-03  1.69204490e+09]
[-2.47301413e-01 -1.66253150e-03  1.69204490e+09]
[-2.57937764e-01 -1.66253150e-03  1.69204490e+09]
[-2.67193198e-01 -1.62965251e-03  1.69204490e+09]
[-2.75330746e-01 -1.66253150e-03  1.69204490e+09]
[-2.74097784e-01 -1.66253150e-03  1.69204490e+09]
[-2.74475893e-01 -7.91238478e-04  1.69204490e+09]
[-2.77796670e-01 -2.13927673e-03  1.69204490e+09]
[-2.80114638e-01  6.93532224e-03  1.69204490e+09]
[-2.86345206e-01  1.13246663e-02  1.69204490e+09]
[-2.84208072e-01  1.49413543e-02  1.69204490e+09]
[-2.80591384e-01  1.06999656e-02  1.69204490e+09]
[-2.79851607e-01  7.29699104e-03  1.69204490e+09]
[-2.84668378e-01  6.86956428e-03  1.69204490e+09]
[-2.80985931e-01  8.18472355e-03  1.69204490e+09]
[-2.79522817e-01  1.25411886e-02  1.69204490e+09]
[-2.77829549e-01  5.49221957e-02  1.69204490e+09]
[-2.80262594e-01  1.45273634e-01  1.69204490e+09]
[-2.88630295e-01  2.08499912e-01  1.69204490e+09]
[-2.90619474e-01  2.38107433e-01  1.69204490e+09]
[-2.94367678e-01  2.54842833e-01  1.69204490e+09]
[-3.03064169e-01  2.64640768e-01  1.69204490e+09]
[-3.11086641e-01  2.72581041e-01  1.69204490e+09]
[-3.17645998e-01  2.75638786e-01  1.69204490e+09]
[-3.19355706e-01  2.84598308e-01  1.69204490e+09]
[-3.11760660e-01  2.92308428e-01  1.69204490e+09]
[-3.05217743e-01  2.93935938e-01  1.69204490e+09]
[-3.03294322e-01  2.97684141e-01  1.69204490e+09]
[-3.04395768e-01  3.15389470e-01  1.69204490e+09]
[-3.00828398e-01  3.38043086e-01  1.69204490e+09]
[-2.90948264e-01  3.46328588e-01  1.69204490e+09]
[-2.91852436e-01  3.42662582e-01  1.69204490e+09]
[-2.94482754e-01  3.37928009e-01  1.69204490e+09]
[-2.95797914e-01  3.31565927e-01  1.69204490e+09]
[-2.95452684e-01  3.24940813e-01  1.69204490e+09]
[-2.96997997e-01  3.16244324e-01  1.69204490e+09]
[-3.03080609e-01  3.11148082e-01  1.69204490e+09]
[-2.97343226e-01  3.08567083e-01  1.69204490e+09]
[-2.90668792e-01  3.05377822e-01  1.69204490e+09]
[-2.82021619e-01  3.02763943e-01  1.69204490e+09]
[-2.71418147e-01  3.00445975e-01  1.69204490e+09]
[-2.59811866e-01  2.97963612e-01  1.69204490e+09]
[-2.48764527e-01  2.94133211e-01  1.69204490e+09]
[-2.38999469e-01  2.90598721e-01  1.69204490e+09]
[-2.27278112e-01  2.86127180e-01  1.69204490e+09]
[-2.20077614e-01  2.85420282e-01  1.69204490e+09]
[-2.17266461e-01  2.86916276e-01  1.69204490e+09]
[-2.16444486e-01  2.88050601e-01  1.69204490e+09]
[-2.17545932e-01  2.89464397e-01  1.69204490e+09]
[-2.19370716e-01  2.89579473e-01  1.69204490e+09]
[-2.24006653e-01  2.88280753e-01  1.69204490e+09]
[-2.24631353e-01  2.84795582e-01  1.69204490e+09]
[-2.19929659e-01  2.78877366e-01  1.69204490e+09]
[-2.15737588e-01  2.72712557e-01  1.69204490e+09]
[-2.14521066e-01  2.69424660e-01  1.69204490e+09]
[-2.12252416e-01  2.69178067e-01  1.69204490e+09]
[-2.12564766e-01  2.69194507e-01  1.69204490e+09]
[-2.10098843e-01  2.68915035e-01  1.69204490e+09]
[-2.05545103e-01  2.68339653e-01  1.69204490e+09]
[-2.02388721e-01  2.66991615e-01  1.69204490e+09]
[-2.03309333e-01  2.66416233e-01  1.69204490e+09]
[-2.05495785e-01  2.67599876e-01  1.69204490e+09]
[-2.04887524e-01  2.67386163e-01  1.69204490e+09]
[-2.04081989e-01  2.67599876e-01  1.69204490e+09]
[-2.03407970e-01  2.68405411e-01  1.69204490e+09]
[-2.08011027e-01  2.71923462e-01  1.69204490e+09]
[-2.14718340e-01  2.75605907e-01  1.69204490e+09]
[-2.28790545e-01  2.76641595e-01  1.69204490e+09]
[-2.39837883e-01  2.76526519e-01  1.69204490e+09]
[-2.40873571e-01  2.40376082e-01  1.69204490e+09]
[-2.43931317e-01  2.42809127e-01  1.69204490e+09]
[-2.49191954e-01  2.56782692e-01  1.69204490e+09]
[-2.57197987e-01  2.82806404e-01  1.69204490e+09]
[-2.81462677e-01  3.09290420e-01  1.69204490e+09]
[-3.23909445e-01  3.63968159e-01  1.69204490e+09]
[-3.67046672e-01  4.53267456e-01  1.69204491e+09]
[-3.94960929e-01  5.13140067e-01  1.69204491e+09]
[-4.17663868e-01  5.63329819e-01  1.69204491e+09]
[-4.30831901e-01  5.91622174e-01  1.69204491e+09]
[-4.25801417e-01  5.97770542e-01  1.69204491e+09]
[-4.29500302e-01  5.91342703e-01  1.69204491e+09]
[-4.14277333e-01  5.78651420e-01  1.69204491e+09]
[-4.00681873e-01  5.58578808e-01  1.69204491e+09]
[-3.91590834e-01  5.28527427e-01  1.69204491e+09]
[-3.90324993e-01  5.26258778e-01  1.69204491e+09]
[-3.88122101e-01  5.26127262e-01  1.69204491e+09]
[-3.76170590e-01  5.26406733e-01  1.69204491e+09]
[-3.55719862e-01  5.28839777e-01  1.69204491e+09]
[-3.42601147e-01  5.23513383e-01  1.69204491e+09]
[-3.31109942e-01  5.27902726e-01  1.69204491e+09]
[-3.14522495e-01  5.23053078e-01  1.69204491e+09]
[-2.99200889e-01  5.20044652e-01  1.69204491e+09]
[-2.89370072e-01  5.10131641e-01  1.69204491e+09]
[-2.86164371e-01  4.86771131e-01  1.69204491e+09]
[-2.90257805e-01  4.75016897e-01  1.69204491e+09]
[-2.88679614e-01  4.74786745e-01  1.69204491e+09]
[-2.91359251e-01  4.79126769e-01  1.69204491e+09]
[-2.92099028e-01  4.81691329e-01  1.69204491e+09]
[-2.93118276e-01  4.83368157e-01  1.69204491e+09]
[-2.94121086e-01  4.81789966e-01  1.69204491e+09]
[-2.91901754e-01  4.82266711e-01  1.69204491e+09]
[-2.89304314e-01  4.81477616e-01  1.69204491e+09]
[-2.90603034e-01  4.81461176e-01  1.69204491e+09]
[-2.95781474e-01  4.86836889e-01  1.69204491e+09]
[-3.01913405e-01  4.88398640e-01  1.69204491e+09]
[-3.09163221e-01  4.87658863e-01  1.69204491e+09]
[-3.06779494e-01  4.92442754e-01  1.69204491e+09]
[-3.02488787e-01  4.93198970e-01  1.69204491e+09]
[-3.08637157e-01  4.88135608e-01  1.69204491e+09]
[-3.10379743e-01  4.79126769e-01  1.69204491e+09]
[-3.07420634e-01  4.79110330e-01  1.69204491e+09]
[-3.11152399e-01  4.75016897e-01  1.69204491e+09]
[-3.19766693e-01  4.68671255e-01  1.69204491e+09]
[-3.55045843e-01  4.05790216e-01  1.69204491e+09]
[-3.97443293e-01  3.61551554e-01  1.69204491e+09]
[-4.30634627e-01  3.09537012e-01  1.69204491e+09]
[-4.76221339e-01  2.38452662e-01  1.69204491e+09]
[-4.85345257e-01  2.21717262e-01  1.69204491e+09]
[-4.93269092e-01  1.95775747e-01  1.69204491e+09]
[-5.01209367e-01  1.51208290e-01  1.69204491e+09]
[-4.88074212e-01  1.45125679e-01  1.69204491e+09]
[-4.83915021e-01  1.52243978e-01  1.69204491e+09]
[-4.76155581e-01  1.76146997e-01  1.69204491e+09]
[-4.62905350e-01  2.10390453e-01  1.69204491e+09]
[-4.52729305e-01  2.59807558e-01  1.69204491e+09]
[-4.39824303e-01  3.13433171e-01  1.69204491e+09]
[-4.35402080e-01  3.36366258e-01  1.69204491e+09]
[-4.27412487e-01  3.52887944e-01  1.69204491e+09]
[-4.17877581e-01  3.83909258e-01  1.69204491e+09]
[-3.97410414e-01  4.28147919e-01  1.69204491e+09]
[-3.85557540e-01  4.51344036e-01  1.69204491e+09]
[-3.76548698e-01  4.59382945e-01  1.69204491e+09]
[-3.77946055e-01  4.65005250e-01  1.69204491e+09]
[-3.72751176e-01  4.65334040e-01  1.69204491e+09]
[-3.66093181e-01  4.59547340e-01  1.69204491e+09]
[-3.64186200e-01  4.51031686e-01  1.69204491e+09]
[-3.65961665e-01  4.48154775e-01  1.69204491e+09]
[-3.61983308e-01  4.49321979e-01  1.69204491e+09]
[-3.60322920e-01  4.48565763e-01  1.69204491e+09]
[-3.56739110e-01  4.46740980e-01  1.69204491e+09]
[-3.55308875e-01  4.44866878e-01  1.69204491e+09]
[-3.62312098e-01  4.43896948e-01  1.69204491e+09]
[-3.61736716e-01  4.43551719e-01  1.69204491e+09]
[-3.58235104e-01  4.42992776e-01  1.69204491e+09]
[-3.54519779e-01  4.41973528e-01  1.69204491e+09]
[-3.55588346e-01  4.42713305e-01  1.69204491e+09]
[-3.55982894e-01  4.42927018e-01  1.69204491e+09]
[-3.50853772e-01  4.44077783e-01  1.69204491e+09]
[-3.45593135e-01  4.42400955e-01  1.69204491e+09]
[-3.44836918e-01  4.41546102e-01  1.69204491e+09]
[-3.46760339e-01  4.40263821e-01  1.69204491e+09]
[-3.44310855e-01  4.40674809e-01  1.69204491e+09]
[-3.42305236e-01  4.38011612e-01  1.69204491e+09]
[-3.40332497e-01  4.34920988e-01  1.69204491e+09]
[-3.42781982e-01  4.32389307e-01  1.69204491e+09]
[-3.42453192e-01  4.31978320e-01  1.69204491e+09]
[-3.37636421e-01  4.31567333e-01  1.69204491e+09]
[-3.34496478e-01  4.30433008e-01  1.69204491e+09]
[-3.31586688e-01  4.28295875e-01  1.69204491e+09]
[-3.29350917e-01  4.27227308e-01  1.69204491e+09]
[-3.30189331e-01  4.28180798e-01  1.69204491e+09]
[-3.27608331e-01  4.29413760e-01  1.69204491e+09]
[-3.27016509e-01  4.28937015e-01  1.69204491e+09]
[-3.30748274e-01  4.27408142e-01  1.69204491e+09]
[-3.33773140e-01  4.28410951e-01  1.69204491e+09]
[-3.38047408e-01  4.31929001e-01  1.69204491e+09]
[-3.36765128e-01  4.33688027e-01  1.69204491e+09]
[-3.29482433e-01  4.32833173e-01  1.69204491e+09]
[-3.25980821e-01  4.30728919e-01  1.69204491e+09]
[-3.25175286e-01  4.30087779e-01  1.69204491e+09]
[-3.26753477e-01  4.28493148e-01  1.69204491e+09]
[-3.22413451e-01  4.26586168e-01  1.69204491e+09]
[-3.20490031e-01  4.25271009e-01  1.69204491e+09]
[-3.18352897e-01  4.23117436e-01  1.69204491e+09]
[-3.16166444e-01  4.21950232e-01  1.69204491e+09]
[-3.15936291e-01  4.21292653e-01  1.69204491e+09]
[-3.12105890e-01  4.19533628e-01  1.69204491e+09]
[-3.10198909e-01  4.16097775e-01  1.69204491e+09]
[-3.09261858e-01  4.14453826e-01  1.69204491e+09]
[-3.09015265e-01  4.13303062e-01  1.69204491e+09]
[-3.12763469e-01  4.11083731e-01  1.69204491e+09]
[-3.12368922e-01  4.07187572e-01  1.69204491e+09]
[-3.14177266e-01  4.05313471e-01  1.69204491e+09]
[-3.14571813e-01  4.05198394e-01  1.69204491e+09]
[-3.14670450e-01  4.06184764e-01  1.69204491e+09]
[-3.12237406e-01  4.04853165e-01  1.69204491e+09]
[-3.08850870e-01  4.00151472e-01  1.69204491e+09]
[-3.06236991e-01  3.99033587e-01  1.69204491e+09]
[-3.07141163e-01  3.98376007e-01  1.69204491e+09]
[-3.04445086e-01  3.98047217e-01  1.69204491e+09]
[-2.98674825e-01  3.94890836e-01  1.69204491e+09]
[-2.91063340e-01  3.88430117e-01  1.69204491e+09]
[-2.90142728e-01  3.85618964e-01  1.69204491e+09]
[-2.91507206e-01  3.83761302e-01  1.69204491e+09]
[-2.94203283e-01  3.54137345e-01  1.69204491e+09]
[-2.95633519e-01  3.52246803e-01  1.69204491e+09]
[-2.99069373e-01  3.49731562e-01  1.69204491e+09]
[-3.01272264e-01  3.47873900e-01  1.69204491e+09]
[-3.02044921e-01  3.49123301e-01  1.69204491e+09]
[-2.97672016e-01  3.51063160e-01  1.69204491e+09]
[-2.94269041e-01  3.54433255e-01  1.69204491e+09]
[-2.92197665e-01  3.59644573e-01  1.69204491e+09]
[-2.93019640e-01  3.62998229e-01  1.69204491e+09]
[-2.91753799e-01  3.64790133e-01  1.69204491e+09]
[-2.88449461e-01  3.65760063e-01  1.69204491e+09]
[-2.83764206e-01  3.63557171e-01  1.69204491e+09]
[-2.84947849e-01  3.60943293e-01  1.69204491e+09]
[-2.87002785e-01  3.60762458e-01  1.69204491e+09]
[-2.87413773e-01  3.59315783e-01  1.69204491e+09]
[-2.86345206e-01  3.57326605e-01  1.69204491e+09]
[-2.84734136e-01  3.57030695e-01  1.69204491e+09]
