HokinRight_Hand
Dev2/ai0 Dev2/ai1
[-6.79008779e-05  3.18233502e-01  1.69204492e+09]
[-3.50218961e-05  3.13383853e-01  1.69204492e+09]
[-5.14613870e-05  3.06281994e-01  1.69204492e+09]
[-1.00779860e-04  2.99788396e-01  1.69204492e+09]
[-6.79008779e-05  2.98029370e-01  1.69204492e+09]
[-2.14291431e-06  2.97043001e-01  1.69204492e+09]
[-6.79008779e-05  2.98966421e-01  1.69204492e+09]
[-1.00779860e-04  3.02089924e-01  1.69204492e+09]
[-5.14613870e-05  3.03191370e-01  1.69204492e+09]
[-1.17219351e-04  3.01646058e-01  1.69204492e+09]
[-1.17219351e-04  2.92505702e-01  1.69204492e+09]
[-1.85824052e-05  2.87935524e-01  1.69204492e+09]
[-8.43403688e-05  2.77496449e-01  1.69204492e+09]
[-8.43403688e-05  2.76131971e-01  1.69204492e+09]
[-1.33658842e-04  2.63555762e-01  1.69204492e+09]
[-6.79008779e-05  2.54514043e-01  1.69204492e+09]
[-6.79008779e-05  2.31778229e-01  1.69204492e+09]
[-5.14613870e-05  2.07201192e-01  1.69204492e+09]
[-1.17219351e-04  1.90564429e-01  1.69204492e+09]
[-3.50218961e-05  1.45059921e-01  1.69204492e+09]
[-8.43403688e-05  7.73621003e-02  1.69204492e+09]
[-5.14613870e-05  5.34426415e-02  1.69204492e+09]
[-1.50098332e-04  5.89498709e-02  1.69204492e+09]
[-8.43403688e-05  7.64743678e-02  1.69204492e+09]
[-3.50218961e-05  9.55112977e-02  1.69204492e+09]
[-6.79008779e-05  8.97410366e-02  1.69204492e+09]
[-2.14291431e-06  8.15706098e-02  1.69204492e+09]
[-8.43403688e-05  9.68922149e-02  1.69204492e+09]
[-5.14613870e-05  1.30067106e-01  1.69204492e+09]
[-3.50218961e-05  1.50534271e-01  1.69204492e+09]
[-1.85824052e-05  1.77248442e-01  1.69204492e+09]
[-3.50218961e-05  1.90597308e-01  1.69204492e+09]
[-5.14613870e-05  2.04192766e-01  1.69204492e+09]
[-8.43403688e-05  2.15075708e-01  1.69204492e+09]
[-6.79008779e-05  2.25564102e-01  1.69204492e+09]
[-8.43403688e-05  2.39323955e-01  1.69204492e+09]
[-3.50218961e-05  2.51406979e-01  1.69204492e+09]
[-6.79008779e-05  2.72071417e-01  1.69204492e+09]
[-8.43403688e-05  2.82543372e-01  1.69204492e+09]
[-1.33658842e-04  2.91026148e-01  1.69204492e+09]
[-2.30367164e-03  3.00758325e-01  1.69204492e+09]
[-5.11767132e-04  3.05443580e-01  1.69204492e+09]
[-6.79008779e-05  3.05049032e-01  1.69204492e+09]
[-1.85824052e-05  3.00199383e-01  1.69204492e+09]
[-8.43403688e-05  2.95842918e-01  1.69204492e+09]
[-1.17219351e-04  2.89168486e-01  1.69204492e+09]
[-1.17219351e-04  2.80718588e-01  1.69204492e+09]
[-5.14613870e-05  2.77562207e-01  1.69204492e+09]
[-1.17219351e-04  2.75408634e-01  1.69204492e+09]
[-5.14613870e-05  2.76970385e-01  1.69204492e+09]
[-1.50098332e-04  2.74635978e-01  1.69204492e+09]
[-6.79008779e-05  2.70509666e-01  1.69204492e+09]
[-8.43403688e-05  2.61221354e-01  1.69204492e+09]
[-2.98053751e-04  2.10390453e-01  1.69204492e+09]
[-3.57087174e-02  1.08646450e-01  1.69204492e+09]
[-1.31518073e-01  5.59578836e-02  1.69204492e+09]
[-1.91144109e-01  3.54578388e-02  1.69204492e+09]
[-2.21557168e-01  3.36823738e-02  1.69204492e+09]
[-2.50901661e-01  3.37810107e-02  1.69204492e+09]
[-2.58036401e-01  3.94033165e-02  1.69204492e+09]
[-2.66519179e-01  5.16836161e-02  1.69204492e+09]
[-2.57888445e-01  8.30008455e-02  1.69204492e+09]
[-2.46265725e-01  1.11589119e-01  1.69204492e+09]
[-2.36780138e-01  1.51126093e-01  1.69204492e+09]
[-2.24795748e-01  1.68206723e-01  1.69204492e+09]
[-2.20916028e-01  1.71872729e-01  1.69204492e+09]
[-2.13238786e-01  1.66644971e-01  1.69204492e+09]
[-2.08537091e-01  1.62469341e-01  1.69204492e+09]
[-2.03112059e-01  1.57849844e-01  1.69204492e+09]
[-1.94892313e-01  1.51520641e-01  1.69204492e+09]
[-1.88168561e-01  1.46194246e-01  1.69204492e+09]
[-1.84420357e-01  1.46523036e-01  1.69204492e+09]
[-1.91801688e-01  1.47854634e-01  1.69204492e+09]
[-1.97637708e-01  1.48693048e-01  1.69204492e+09]
[-2.13699091e-01  1.45142119e-01  1.69204492e+09]
[-2.23102481e-01  1.39881482e-01  1.69204492e+09]
[-2.39739246e-01  1.25464049e-01  1.69204492e+09]
[-2.48797406e-01  1.16471648e-01  1.69204492e+09]
[-2.51624999e-01  1.12345336e-01  1.69204492e+09]
[-2.56030783e-01  1.05736661e-01  1.69204492e+09]
[-2.53975846e-01  1.00788374e-01  1.69204492e+09]
[-2.54830700e-01  9.56099346e-02  1.69204492e+09]
[-2.53745693e-01  9.60373614e-02  1.69204492e+09]
[-2.55932146e-01  9.88485142e-02  1.69204492e+09]
[-2.57855566e-01  1.01281559e-01  1.69204492e+09]
[-2.56786999e-01  1.11737075e-01  1.69204492e+09]
[-2.51690757e-01  1.22258348e-01  1.69204492e+09]
[-2.47268534e-01  1.22833730e-01  1.69204492e+09]
[-2.44950565e-01  1.21107584e-01  1.69204492e+09]
[-2.41744864e-01  1.18937571e-01  1.69204492e+09]
[-2.39985839e-01  1.17507336e-01  1.69204492e+09]
[-2.44276546e-01  1.17951202e-01  1.69204492e+09]
[-2.46545196e-01  1.19726667e-01  1.69204492e+09]
[-2.49175515e-01  1.25529807e-01  1.69204492e+09]
[-2.49175515e-01  1.35689412e-01  1.69204492e+09]
[-2.48665890e-01  1.73730392e-01  1.69204492e+09]
[-2.41531151e-01  2.29789051e-01  1.69204492e+09]
[-2.42303807e-01  2.65479182e-01  1.69204492e+09]
[-2.48616572e-01  2.91502893e-01  1.69204492e+09]
[-2.64316287e-01  3.22228298e-01  1.69204492e+09]
[-2.83090186e-01  3.40032264e-01  1.69204492e+09]
[-3.01354462e-01  3.46213511e-01  1.69204492e+09]
[-3.14341661e-01  3.53085217e-01  1.69204492e+09]
[-3.21394203e-01  3.61025490e-01  1.69204492e+09]
[-3.28085076e-01  3.64790133e-01  1.69204492e+09]
[-3.25372560e-01  3.63425655e-01  1.69204492e+09]
[-3.17366527e-01  3.61715949e-01  1.69204492e+09]
[-3.14555374e-01  3.58115701e-01  1.69204492e+09]
[-3.09393374e-01  3.54778485e-01  1.69204492e+09]
[-3.09146781e-01  3.54696287e-01  1.69204492e+09]
[-3.09557768e-01  3.56422433e-01  1.69204492e+09]
[-3.05151985e-01  3.55485383e-01  1.69204492e+09]
[-2.96504812e-01  3.52329001e-01  1.69204492e+09]
[-2.78388492e-01  3.40640525e-01  1.69204492e+09]
[-2.61143465e-01  3.23313304e-01  1.69204492e+09]
[-2.69593364e-01  3.12446802e-01  1.69204492e+09]
[-2.77007574e-01  3.15701821e-01  1.69204492e+09]
[-2.85276639e-01  3.19236311e-01  1.69204492e+09]
[-2.86246569e-01  3.22228298e-01  1.69204492e+09]
[-2.87726123e-01  3.23740731e-01  1.69204492e+09]
[-2.80953052e-01  3.22343374e-01  1.69204492e+09]
[-2.71598982e-01  3.18989718e-01  1.69204492e+09]
[-2.65828720e-01  3.15274394e-01  1.69204492e+09]
[-2.62458624e-01  3.13844158e-01  1.69204492e+09]
[-2.55669114e-01  3.10885050e-01  1.69204492e+09]
[-2.42073654e-01  3.08353369e-01  1.69204492e+09]
[-2.31798972e-01  3.12709834e-01  1.69204492e+09]
[-2.11052333e-01  3.16458037e-01  1.69204492e+09]
[-1.92393510e-01  3.24825737e-01  1.69204492e+09]
[-1.93215485e-01  3.25927183e-01  1.69204492e+09]
[-1.94925192e-01  3.20502151e-01  1.69204492e+09]
[-1.95747166e-01  3.13071502e-01  1.69204492e+09]
[-1.98114453e-01  3.10720656e-01  1.69204492e+09]
[-2.04427218e-01  3.11000127e-01  1.69204492e+09]
[-2.10970136e-01  3.10671337e-01  1.69204492e+09]
[-2.19863901e-01  3.12331725e-01  1.69204492e+09]
[-2.28576831e-01  3.14764770e-01  1.69204492e+09]
[-2.37552794e-01  3.23132469e-01  1.69204492e+09]
[-2.47416489e-01  3.38158162e-01  1.69204492e+09]
[-2.62951809e-01  3.51605663e-01  1.69204492e+09]
[-2.74295058e-01  3.65283318e-01  1.69204492e+09]
[-3.14769087e-01  3.75081253e-01  1.69204492e+09]
[-3.60766786e-01  3.87739658e-01  1.69204492e+09]
[-3.84061546e-01  3.92704384e-01  1.69204492e+09]
[-4.12748460e-01  3.98639039e-01  1.69204492e+09]
[-4.28579691e-01  4.10738502e-01  1.69204492e+09]
[-4.35106169e-01  4.15768985e-01  1.69204492e+09]
[-4.16874772e-01  4.12661922e-01  1.69204492e+09]
[-3.97311777e-01  4.04359981e-01  1.69204492e+09]
[-3.83798514e-01  3.94364772e-01  1.69204492e+09]
[-3.74066335e-01  3.91159072e-01  1.69204492e+09]
[-3.74608838e-01  3.93427721e-01  1.69204492e+09]
[-3.71025029e-01  3.97833504e-01  1.69204492e+09]
[-3.68016602e-01  3.99641848e-01  1.69204492e+09]
[-3.61851792e-01  3.99378816e-01  1.69204492e+09]
[-3.65863029e-01  3.98474644e-01  1.69204492e+09]
[-3.68213876e-01  4.01713223e-01  1.69204492e+09]
[-3.59517385e-01  4.00825491e-01  1.69204492e+09]
[-3.52037416e-01  3.98934950e-01  1.69204492e+09]
[-3.39296809e-01  3.92918097e-01  1.69204492e+09]
[-3.24534146e-01  3.87805416e-01  1.69204492e+09]
[-3.13273094e-01  3.83810621e-01  1.69204492e+09]
[-3.02439468e-01  3.81065226e-01  1.69204492e+09]
[-2.97655576e-01  3.81311819e-01  1.69204492e+09]
[-2.95008818e-01  3.81377576e-01  1.69204492e+09]
[-2.94367678e-01  3.79010290e-01  1.69204492e+09]
[-3.00072182e-01  3.74062004e-01  1.69204492e+09]
[-2.97474742e-01  3.67650604e-01  1.69204492e+09]
[-2.87890518e-01  3.62916031e-01  1.69204492e+09]
[-2.82662760e-01  3.61074809e-01  1.69204492e+09]
[-2.75643097e-01  3.58871917e-01  1.69204492e+09]
[-2.66502739e-01  3.56521070e-01  1.69204492e+09]
[-2.57740490e-01  3.53052338e-01  1.69204492e+09]
[-2.50244082e-01  3.49501409e-01  1.69204492e+09]
[-2.47400050e-01  3.47594428e-01  1.69204492e+09]
[-2.49126196e-01  3.50126109e-01  1.69204492e+09]
[-2.52742884e-01  3.51654982e-01  1.69204492e+09]
[-2.55718432e-01  3.54203103e-01  1.69204492e+09]
[-2.61636649e-01  3.55501822e-01  1.69204492e+09]
[-2.64151892e-01  3.56011446e-01  1.69204492e+09]
[-2.66700013e-01  3.58789720e-01  1.69204492e+09]
[-2.71911332e-01  3.60335032e-01  1.69204492e+09]
[-2.75215670e-01  3.62143375e-01  1.69204492e+09]
[-2.74410135e-01  3.63951719e-01  1.69204492e+09]
[-2.76530829e-01  3.66154611e-01  1.69204492e+09]
[-2.78273415e-01  3.67601285e-01  1.69204492e+09]
[-2.80410549e-01  3.68456139e-01  1.69204492e+09]
[-2.80377670e-01  3.67847878e-01  1.69204492e+09]
[-2.76547269e-01  3.66434082e-01  1.69204492e+09]
[-2.72519593e-01  3.63573611e-01  1.69204492e+09]
[-2.71812695e-01  3.61321401e-01  1.69204493e+09]
[-2.72388077e-01  3.57754032e-01  1.69204493e+09]
[-2.74854001e-01  3.51605663e-01  1.69204493e+09]
[-2.88794690e-01  3.46640938e-01  1.69204493e+09]
[-3.00187258e-01  3.46887530e-01  1.69204493e+09]
[-3.05365698e-01  3.45950479e-01  1.69204493e+09]
[-2.98033685e-01  3.45112066e-01  1.69204493e+09]
[-2.88235747e-01  3.40262416e-01  1.69204493e+09]
[-2.82613441e-01  3.33308513e-01  1.69204493e+09]
[-2.91194856e-01  3.32305704e-01  1.69204493e+09]
[-2.94827984e-01  3.33900334e-01  1.69204493e+09]
[-2.98428232e-01  3.36744366e-01  1.69204493e+09]
[-2.99496799e-01  3.40262416e-01  1.69204493e+09]
[-2.99874908e-01  3.42300913e-01  1.69204493e+09]
[-2.98444672e-01  3.43583193e-01  1.69204493e+09]
[-2.96389735e-01  3.43698270e-01  1.69204493e+09]
[-2.92345620e-01  3.45523053e-01  1.69204493e+09]
[-2.89090601e-01  3.44586002e-01  1.69204493e+09]
[-2.89205677e-01  3.44372289e-01  1.69204493e+09]
[-2.85013607e-01  3.43320161e-01  1.69204493e+09]
[-2.83386097e-01  3.42120079e-01  1.69204493e+09]
[-2.81166766e-01  3.42103639e-01  1.69204493e+09]
[-2.79161148e-01  3.41084391e-01  1.69204493e+09]
[-2.77615836e-01  3.40147340e-01  1.69204493e+09]
[-2.76728103e-01  3.39456882e-01  1.69204493e+09]
[-2.74459453e-01  3.38059525e-01  1.69204493e+09]
[-2.74377256e-01  3.36958079e-01  1.69204493e+09]
[-2.75133472e-01  3.36859442e-01  1.69204493e+09]
[-2.73999147e-01  3.37566340e-01  1.69204493e+09]
[-2.65236898e-01  3.35938831e-01  1.69204493e+09]
[-2.57148668e-01  3.33851016e-01  1.69204493e+09]
[-2.52266139e-01  3.30579558e-01  1.69204493e+09]
[-2.50129005e-01  3.26782036e-01  1.69204493e+09]
[-2.55784190e-01  3.26683399e-01  1.69204493e+09]
[-2.61932560e-01  3.28836972e-01  1.69204493e+09]
[-2.74541651e-01  3.34804506e-01  1.69204493e+09]
[-2.81002371e-01  3.36037468e-01  1.69204493e+09]
[-2.79489938e-01  3.34409959e-01  1.69204493e+09]
[-2.63395675e-01  3.27160144e-01  1.69204493e+09]
[-2.35136189e-01  3.04966834e-01  1.69204493e+09]
[-2.09013836e-01  2.77792359e-01  1.69204493e+09]
[-1.87889089e-01  2.50272655e-01  1.69204493e+09]
[-1.83121637e-01  2.41756999e-01  1.69204493e+09]
[-1.89450841e-01  2.38814331e-01  1.69204493e+09]
[-1.92064720e-01  2.39439031e-01  1.69204493e+09]
[-1.87165752e-01  2.42759808e-01  1.69204493e+09]
[-1.79439191e-01  2.42496776e-01  1.69204493e+09]
[-1.85949229e-01  2.39702063e-01  1.69204493e+09]
[-1.98689835e-01  2.36249770e-01  1.69204493e+09]
[-2.10131722e-01  2.32123459e-01  1.69204493e+09]
[-2.18778894e-01  2.28753363e-01  1.69204493e+09]
[-2.19239200e-01  2.21651504e-01  1.69204493e+09]
[-2.17266461e-01  2.12428950e-01  1.69204493e+09]
[-2.20274888e-01  2.14352370e-01  1.69204493e+09]
[-2.22231188e-01  2.14533205e-01  1.69204493e+09]
[-2.20209130e-01  2.11705613e-01  1.69204493e+09]
[-2.18219952e-01  2.10752122e-01  1.69204493e+09]
[-2.18088436e-01  2.11195988e-01  1.69204493e+09]
[-2.21557168e-01  2.12839937e-01  1.69204493e+09]
[-2.19551550e-01  2.13513956e-01  1.69204493e+09]
[-2.11841429e-01  2.04899664e-01  1.69204493e+09]
[-2.13320983e-01  1.66579213e-01  1.69204493e+09]
[-2.22214748e-01  1.72300156e-01  1.69204493e+09]
[-2.22970965e-01  1.85418869e-01  1.69204493e+09]
[-2.22757251e-01  1.85632582e-01  1.69204493e+09]
[-2.16641760e-01  1.84859926e-01  1.69204493e+09]
[-2.10033085e-01  1.84366741e-01  1.69204493e+09]
[-2.02585995e-01  1.82147410e-01  1.69204493e+09]
[-1.88678185e-01  1.53559137e-01  1.69204493e+09]
[-1.88234319e-01  1.27223074e-01  1.69204493e+09]
[-1.97341797e-01  1.36412749e-01  1.69204493e+09]
[-2.03851836e-01  1.58803335e-01  1.69204493e+09]
[-2.01500988e-01  1.72464551e-01  1.69204493e+09]
[-1.94629281e-01  1.76788137e-01  1.69204493e+09]
[-1.94152536e-01  1.76804576e-01  1.69204493e+09]
[-1.94678599e-01  1.74207137e-01  1.69204493e+09]
[-1.95517013e-01  1.73056372e-01  1.69204493e+09]
[-1.98624077e-01  1.72333035e-01  1.69204493e+09]
[-1.97078765e-01  1.72628946e-01  1.69204493e+09]
[-1.91653733e-01  1.71806971e-01  1.69204493e+09]
[-1.85604000e-01  1.70327417e-01  1.69204493e+09]
[-1.75986897e-01  1.66447698e-01  1.69204493e+09]
[-1.69296024e-01  1.65379131e-01  1.69204493e+09]
[-1.74622420e-01  1.67697099e-01  1.69204493e+09]
[-1.87658936e-01  1.72875538e-01  1.69204493e+09]
[-1.99544689e-01  1.84383181e-01  1.69204493e+09]
[-2.09408384e-01  1.94526346e-01  1.69204493e+09]
[-2.14060760e-01  2.04784588e-01  1.69204493e+09]
[-2.11742792e-01  2.05228454e-01  1.69204493e+09]
[-2.12515448e-01  2.03469428e-01  1.69204493e+09]
[-2.14669021e-01  2.02302225e-01  1.69204493e+09]
[-2.16280092e-01  2.00329486e-01  1.69204493e+09]
[-2.15293722e-01  1.96811435e-01  1.69204493e+09]
[-2.14488187e-01  1.94460588e-01  1.69204493e+09]
[-2.11923626e-01  1.90580868e-01  1.69204493e+09]
[-2.06465715e-01  1.89167072e-01  1.69204493e+09]
[-1.97539071e-01  1.87358729e-01  1.69204493e+09]
[-1.95993759e-01  1.85796977e-01  1.69204493e+09]
[-1.94810115e-01  1.85681901e-01  1.69204493e+09]
[-1.91423580e-01  1.83857117e-01  1.69204493e+09]
[-1.87379465e-01  1.79960958e-01  1.69204493e+09]
[-1.82661331e-01  1.79040347e-01  1.69204493e+09]
[-1.83417548e-01  1.78300570e-01  1.69204493e+09]
[-1.88595987e-01  1.77034729e-01  1.69204493e+09]
[-1.92738739e-01  1.76377149e-01  1.69204493e+09]
[-1.94875873e-01  1.76031920e-01  1.69204493e+09]
[-1.98163772e-01  1.75620933e-01  1.69204493e+09]
[-1.98476122e-01  1.75292143e-01  1.69204493e+09]
[-1.98739154e-01  1.76048360e-01  1.69204493e+09]
[-1.99199460e-01  1.75883965e-01  1.69204493e+09]
[-2.00563937e-01  1.75982602e-01  1.69204493e+09]
[-1.99626886e-01  1.75160627e-01  1.69204493e+09]
[-1.99067944e-01  1.74355092e-01  1.69204493e+09]
[-2.08290499e-01  1.74864716e-01  1.69204493e+09]
[-2.17480174e-01  1.75226385e-01  1.69204493e+09]
[-2.15112888e-01  1.72990614e-01  1.69204493e+09]
[-2.15441677e-01  1.75357901e-01  1.69204493e+09]
[-2.12383932e-01  1.75522296e-01  1.69204493e+09]
[-2.15096448e-01  1.75982602e-01  1.69204493e+09]
[-2.20817391e-01  1.75357901e-01  1.69204493e+09]
[-2.34593685e-01  1.75440098e-01  1.69204493e+09]
[-2.40692737e-01  1.73302965e-01  1.69204493e+09]
[-2.37569233e-01  1.72859099e-01  1.69204493e+09]
[-2.33985424e-01  1.71823411e-01  1.69204493e+09]
[-2.38719998e-01  1.71938487e-01  1.69204493e+09]
[-2.38983030e-01  1.71774092e-01  1.69204493e+09]
[-2.37766507e-01  1.70393175e-01  1.69204493e+09]
[-2.44572457e-01  1.72152200e-01  1.69204493e+09]
[-2.53712814e-01  1.78695117e-01  1.69204493e+09]
[-2.59663910e-01  1.89676697e-01  1.69204493e+09]
[-2.55784190e-01  2.35164764e-01  1.69204493e+09]
[-2.38045979e-01  3.37138914e-01  1.69204493e+09]
[-2.24269685e-01  3.57260847e-01  1.69204493e+09]
[-2.27195914e-01  3.46312148e-01  1.69204493e+09]
[-2.31207150e-01  3.37253990e-01  1.69204493e+09]
[-2.32472991e-01  3.26338170e-01  1.69204493e+09]
[-2.35201947e-01  3.16277203e-01  1.69204493e+09]
[-2.29102895e-01  3.03043414e-01  1.69204493e+09]
[-2.18351468e-01  2.88658862e-01  1.69204493e+09]
[-2.13715531e-01  2.78400621e-01  1.69204493e+09]
[-2.10065964e-01  2.69835647e-01  1.69204493e+09]
[-2.07747995e-01  2.65216150e-01  1.69204493e+09]
[-2.11677034e-01  2.64509252e-01  1.69204493e+09]
[-2.12351053e-01  2.65758653e-01  1.69204493e+09]
[-2.13699091e-01  2.67468360e-01  1.69204493e+09]
[-2.13600454e-01  2.69260265e-01  1.69204493e+09]
[-2.13567575e-01  2.68865717e-01  1.69204493e+09]
[-2.12005824e-01  2.65084634e-01  1.69204493e+09]
[-2.06235562e-01  2.56388145e-01  1.69204493e+09]
[-2.01007804e-01  2.42628292e-01  1.69204493e+09]
[-1.95484135e-01  2.26912140e-01  1.69204493e+09]
[-1.87889089e-01  2.28473892e-01  1.69204493e+09]
[-1.82924363e-01  2.44354439e-01  1.69204493e+09]
[-1.76463643e-01  2.55401775e-01  1.69204493e+09]
[-1.74523783e-01  2.59840437e-01  1.69204493e+09]
[-1.72238693e-01  2.60613093e-01  1.69204493e+09]
[-1.74540222e-01  2.57769062e-01  1.69204493e+09]
[-1.77976076e-01  2.54875712e-01  1.69204493e+09]
[-1.79324114e-01  2.53133126e-01  1.69204493e+09]
[-1.80014573e-01  2.52228954e-01  1.69204493e+09]
[-1.78715853e-01  2.50289094e-01  1.69204493e+09]
[-1.72830515e-01  2.51850846e-01  1.69204493e+09]
[-1.77318496e-01  2.54004419e-01  1.69204493e+09]
[-1.83220274e-01  2.54135935e-01  1.69204493e+09]
[-1.89582357e-01  2.55977157e-01  1.69204493e+09]
[-1.93593593e-01  2.57522469e-01  1.69204493e+09]
[-2.02273645e-01  2.59922635e-01  1.69204493e+09]
[-2.07254811e-01  2.67336844e-01  1.69204493e+09]
[-2.09128913e-01  2.76575837e-01  1.69204493e+09]
[-2.12959314e-01  2.83003677e-01  1.69204493e+09]
[-2.23003844e-01  2.88510906e-01  1.69204493e+09]
[-2.29628959e-01  2.90121976e-01  1.69204493e+09]
[-2.33886787e-01  2.89579473e-01  1.69204493e+09]
[-2.37552794e-01  2.88839696e-01  1.69204493e+09]
[-2.34182698e-01  2.85058614e-01  1.69204493e+09]
[-2.29152214e-01  2.80422678e-01  1.69204493e+09]
[-2.15293722e-01  2.73320818e-01  1.69204493e+09]
[-1.99478931e-01  2.65068195e-01  1.69204493e+09]
[-2.03210696e-01  2.68405411e-01  1.69204493e+09]
[-2.14159397e-01  2.85486040e-01  1.69204493e+09]
[-2.20784512e-01  3.06512146e-01  1.69204493e+09]
[-2.32555188e-01  3.13975674e-01  1.69204493e+09]
[-2.46035572e-01  3.25286042e-01  1.69204493e+09]
[-2.62014758e-01  3.31500169e-01  1.69204493e+09]
[-2.96554130e-01  3.47643747e-01  1.69204493e+09]
[-3.28824853e-01  3.87673900e-01  1.69204493e+09]
[-3.50146874e-01  4.23544863e-01  1.69204493e+09]
[-3.56344563e-01  4.39902153e-01  1.69204493e+09]
[-3.39132415e-01  4.49305540e-01  1.69204493e+09]
[-3.03919023e-01  4.52955106e-01  1.69204493e+09]
[-2.74262179e-01  4.43601037e-01  1.69204493e+09]
[-2.65006745e-01  4.39277452e-01  1.69204493e+09]
[-2.61439376e-01  4.31978320e-01  1.69204493e+09]
[-2.58595343e-01  4.24021608e-01  1.69204493e+09]
[-2.54649865e-01  4.19434991e-01  1.69204493e+09]
[-2.40462584e-01  4.11412521e-01  1.69204493e+09]
[-2.20817391e-01  4.03603764e-01  1.69204493e+09]
[-2.15836225e-01  3.98885631e-01  1.69204493e+09]
[-2.16608881e-01  3.98030778e-01  1.69204493e+09]
[-2.20537920e-01  3.97899262e-01  1.69204493e+09]
[-2.27837054e-01  3.99937758e-01  1.69204494e+09]
[-2.31223590e-01  4.03291414e-01  1.69204494e+09]
[-2.30730405e-01  4.08946598e-01  1.69204494e+09]
[-2.36451348e-01  4.12053661e-01  1.69204494e+09]
[-2.40150234e-01  4.11264565e-01  1.69204494e+09]
[-2.37799386e-01  4.09850769e-01  1.69204494e+09]
[-2.35760889e-01  4.08617808e-01  1.69204494e+09]
[-2.31026316e-01  4.05017560e-01  1.69204494e+09]
[-2.20159812e-01  3.97652670e-01  1.69204494e+09]
[-2.12104461e-01  3.92622186e-01  1.69204494e+09]
[-2.07550721e-01  3.87427308e-01  1.69204494e+09]
[-2.03802517e-01  3.82922888e-01  1.69204494e+09]
[-2.03177817e-01  3.78221195e-01  1.69204494e+09]
[-2.01106441e-01  3.72648208e-01  1.69204494e+09]
[-1.96980128e-01  3.65727184e-01  1.69204494e+09]
[-2.02487358e-01  3.63951719e-01  1.69204494e+09]
[-2.06268441e-01  3.63310579e-01  1.69204494e+09]
[-2.14471747e-01  3.66647795e-01  1.69204494e+09]
[-2.19913219e-01  3.71119336e-01  1.69204494e+09]
[-2.27491825e-01  3.74900418e-01  1.69204494e+09]
[-2.31124953e-01  3.76725201e-01  1.69204494e+09]
[-2.30861921e-01  3.74851100e-01  1.69204494e+09]
[-2.27820615e-01  3.74012686e-01  1.69204494e+09]
[-2.19074805e-01  3.71037138e-01  1.69204494e+09]
[-2.10345435e-01  3.69278113e-01  1.69204494e+09]
[-2.03243575e-01  3.67683483e-01  1.69204494e+09]
[-2.00695453e-01  3.65612107e-01  1.69204494e+09]
[-2.00136511e-01  3.63195503e-01  1.69204494e+09]
[-2.01287275e-01  3.59447299e-01  1.69204494e+09]
[-1.99577568e-01  3.54055147e-01  1.69204494e+09]
[-1.98443243e-01  3.45260021e-01  1.69204494e+09]
[-1.96289670e-01  3.38486952e-01  1.69204494e+09]
[-1.99495370e-01  3.32716691e-01  1.69204494e+09]
[-2.05232753e-01  3.32963284e-01  1.69204494e+09]
[-2.06810944e-01  3.32124870e-01  1.69204494e+09]
[-2.10098843e-01  3.30135692e-01  1.69204494e+09]
[-2.11052333e-01  3.23625654e-01  1.69204494e+09]
[-2.10131722e-01  3.02698185e-01  1.69204494e+09]
[-2.07139734e-01  2.72531723e-01  1.69204494e+09]
[-2.08767244e-01  2.34145516e-01  1.69204494e+09]
[-2.11709913e-01  1.91041174e-01  1.69204494e+09]
[-2.18335028e-01  1.67154596e-01  1.69204494e+09]
[-2.18696697e-01  1.65609284e-01  1.69204494e+09]
[-2.27689099e-01  1.61384335e-01  1.69204494e+09]
[-2.47054820e-01  1.53624895e-01  1.69204494e+09]
[-2.74771804e-01  1.09484864e-01  1.69204494e+09]
[-3.07174042e-01  3.26466859e-02  1.69204494e+09]
[-3.20046164e-01  9.02029085e-04  1.69204494e+09]
[-3.15492425e-01 -1.79404742e-03  1.69204494e+09]
[-2.96734965e-01 -2.07351877e-03  1.69204494e+09]
[-2.63099764e-01 -2.25435317e-03  1.69204494e+09]
[-2.11742792e-01 -2.35299011e-03  1.69204494e+09]
[-1.49650832e-01 -2.18859521e-03  1.69204494e+09]
[-1.34230589e-01 -2.10639775e-03  1.69204494e+09]
[-1.56226628e-01  1.63551503e-02  1.69204494e+09]
[-1.28953512e-01  1.67072398e-01  1.69204494e+09]
[-7.18427190e-02  2.82592690e-01  1.69204494e+09]
[-5.28222276e-02  3.40377493e-01  1.69204494e+09]
[-4.44545266e-02  3.45802524e-01  1.69204494e+09]
[-4.48326349e-02  3.38782863e-01  1.69204494e+09]
[-6.04994700e-02  3.20600788e-01  1.69204494e+09]
[-9.27208729e-02  2.84253079e-01  1.69204494e+09]
[-8.33010444e-02  2.61796737e-01  1.69204494e+09]
[-5.50579984e-02  2.73255060e-01  1.69204494e+09]
[-3.10563414e-02  2.78285544e-01  1.69204494e+09]
[-1.69676976e-02  2.73452334e-01  1.69204494e+09]
[-1.05398566e-02  2.42989961e-01  1.69204494e+09]
[-7.20263994e-03  1.00887011e-01  1.69204494e+09]
[-3.86842653e-02  8.36555794e-03  1.69204494e+09]
[-1.19944671e-01 -1.71184997e-03  1.69204494e+09]
[-1.95780045e-01 -1.69541048e-03  1.69204494e+09]
[-2.28543952e-01 -1.64609201e-03  1.69204494e+09]
[-2.27212354e-01 -1.69541048e-03  1.69204494e+09]
[-2.34495048e-01 -1.67897099e-03  1.69204494e+09]
[-2.48797406e-01 -1.64609201e-03  1.69204494e+09]
[-2.59696789e-01 -1.67897099e-03  1.69204494e+09]
[-2.49471426e-01 -1.66253150e-03  1.69204494e+09]
[-2.18236391e-01 -1.67897099e-03  1.69204494e+09]
[-1.55585488e-01 -1.71184997e-03  1.69204494e+09]
[-7.33222732e-02 -1.69541048e-03  1.69204494e+09]
[-2.17187105e-02  9.36371958e-02  1.69204494e+09]
[-3.50218961e-05  1.67171035e-01  1.69204494e+09]
[-6.79008779e-05  1.85731219e-01  1.69204494e+09]
[-1.00779860e-04  1.85353111e-01  1.69204494e+09]
[-1.00779860e-04  1.74979793e-01  1.69204494e+09]
[-1.50098332e-04  1.54742781e-01  1.69204494e+09]
[-1.85824052e-05  9.55934951e-02  1.69204494e+09]
[-5.14613870e-05  1.37741504e-02  1.69204494e+09]
[-6.79008779e-05 -6.92601532e-04  1.69204494e+09]
[-1.85824052e-05  1.76867492e-02  1.69204494e+09]
[-6.79008779e-05  1.42511800e-01  1.69204494e+09]
[-8.43403688e-05  2.43450267e-01  1.69204494e+09]
[-6.79008779e-05  3.07613592e-01  1.69204494e+09]
[-6.79008779e-05  3.31450851e-01  1.69204494e+09]
[-1.00779860e-04  3.49156180e-01  1.69204494e+09]
[-8.43403688e-05  3.89564442e-01  1.69204494e+09]
[-3.50218961e-05  4.11724871e-01  1.69204494e+09]
[-1.00779860e-04  4.20372042e-01  1.69204494e+09]
[-3.50218961e-05  4.06793025e-01  1.69204494e+09]
[-3.50218961e-05  3.78286953e-01  1.69204494e+09]
[-6.79008779e-05  3.09865802e-01  1.69204494e+09]
[-3.50218961e-05  1.25053062e-01  1.69204494e+09]
[-3.67772843e-02  3.23014565e-02  1.69204494e+09]
[-9.96090198e-02 -1.15290728e-03  1.69204494e+09]
[-1.63016138e-01 -1.28442321e-03  1.69204494e+09]
[-1.97440434e-01 -1.31730219e-03  1.69204494e+09]
[-1.89187809e-01 -1.36662066e-03  1.69204494e+09]
[-1.42516092e-01 -1.31730219e-03  1.69204494e+09]
[-5.71951323e-02  3.00328068e-02  1.69204494e+09]
[-2.22147419e-03  6.63640811e-02  1.69204494e+09]
[-2.81301120e-02  5.17493740e-02  1.69204494e+09]
[-1.17396549e-01  1.04998450e-03  1.69204494e+09]
[-1.51623571e-01 -8.40556951e-04  1.69204494e+09]
[-1.65268349e-01 -9.55633387e-04  1.69204494e+09]
[-1.61914693e-01 -1.02139135e-03  1.69204494e+09]
[-1.47546577e-01 -1.00495186e-03  1.69204494e+09]
[-1.58708992e-01 -1.00495186e-03  1.69204494e+09]
[-1.86064306e-01 -1.08714931e-03  1.69204494e+09]
[-2.04246384e-01 -1.08714931e-03  1.69204494e+09]
[-2.12844238e-01 -1.07070982e-03  1.69204494e+09]
[-2.05627301e-01 -1.08714931e-03  1.69204494e+09]
[-1.79110401e-01 -1.10358881e-03  1.69204494e+09]
[-1.35101882e-01 -1.10358881e-03  1.69204494e+09]
[-7.63800186e-02 -1.07070982e-03  1.69204494e+09]
[-5.82636992e-02 -1.12002830e-03  1.69204494e+09]
[-6.76835277e-02 -1.10358881e-03  1.69204494e+09]
[-1.25583416e-01 -1.08714931e-03  1.69204494e+09]
[-1.34575818e-01 -1.10358881e-03  1.69204494e+09]
[-1.32619519e-01 -1.03783084e-03  1.69204494e+09]
[-1.45014895e-01 -1.03783084e-03  1.69204494e+09]
[-1.46182099e-01 -1.10358881e-03  1.69204494e+09]
[-1.51886603e-01 -1.10358881e-03  1.69204494e+09]
[-1.62276361e-01 -1.07070982e-03  1.69204494e+09]
[-1.73488095e-01 -9.88512369e-04  1.69204494e+09]
[-1.72748318e-01 -1.05427033e-03  1.69204494e+09]
[-1.73520974e-01 -1.10358881e-03  1.69204494e+09]
[-1.56736253e-01 -1.03783084e-03  1.69204494e+09]
[-1.28871315e-01 -1.02139135e-03  1.69204494e+09]
[-1.07056109e-01 -1.00495186e-03  1.69204494e+09]
[-9.79321917e-02 -9.22754405e-04  1.69204494e+09]
[-9.62553636e-02 -1.08714931e-03  1.69204494e+09]
[-8.64409872e-02 -1.07070982e-03  1.69204494e+09]
[-8.14598214e-02 -1.02139135e-03  1.69204494e+09]
[-7.17769610e-02 -9.39193896e-04  1.69204494e+09]
[-5.80171068e-02 -1.05427033e-03  1.69204494e+09]
[-6.90151265e-02 -1.10358881e-03  1.69204494e+09]
[-1.03225708e-01 -9.55633387e-04  1.69204494e+09]
[-1.22624308e-01 -1.02139135e-03  1.69204494e+09]
[-1.48631583e-01 -1.02139135e-03  1.69204494e+09]
[-1.82727089e-01 -9.88512369e-04  1.69204494e+09]
[-2.13090830e-01 -1.05427033e-03  1.69204494e+09]
[-2.28050768e-01 -1.02139135e-03  1.69204494e+09]
[-2.26045150e-01 -1.10358881e-03  1.69204494e+09]
[-2.15869104e-01 -1.05427033e-03  1.69204494e+09]
[-1.96569141e-01 -1.03783084e-03  1.69204494e+09]
[-1.84814904e-01 -1.00495186e-03  1.69204494e+09]
[-1.76496522e-01 -1.03783084e-03  1.69204494e+09]
[-1.65810852e-01 -1.02139135e-03  1.69204494e+09]
[-1.50571443e-01 -1.00495186e-03  1.69204494e+09]
[-1.26060161e-01 -1.10358881e-03  1.69204494e+09]
[-8.87425160e-02 -1.10358881e-03  1.69204494e+09]
[-4.87287943e-02 -1.07070982e-03  1.69204494e+09]
[-2.20146213e-02  2.08102525e-02  1.69204494e+09]
[-2.99413026e-03  7.18055525e-02  1.69204494e+09]
[-1.17219351e-04  1.13972845e-01  1.69204494e+09]
[-6.79008779e-05  1.49991768e-01  1.69204494e+09]
[-6.79008779e-05  1.73894786e-01  1.69204494e+09]
[-8.43403688e-05  1.99622588e-01  1.69204494e+09]
[-5.14613870e-05  2.25942211e-01  1.69204494e+09]
[-5.14613870e-05  2.30282236e-01  1.69204494e+09]
[-3.50218961e-05  2.32337172e-01  1.69204494e+09]
[-5.14613870e-05  2.27997147e-01  1.69204494e+09]
[-5.11767132e-04  2.22637873e-01  1.69204494e+09]
[-1.66537823e-04  2.12198797e-01  1.69204494e+09]
[-1.00779860e-04  2.07464224e-01  1.69204494e+09]
[-1.00779860e-04  2.02581696e-01  1.69204494e+09]
[-1.85824052e-05  2.02400862e-01  1.69204494e+09]
[-1.00779860e-04  2.02170709e-01  1.69204494e+09]
[-3.50218961e-05  2.04340721e-01  1.69204494e+09]
[-1.00779860e-04  2.10045224e-01  1.69204494e+09]
[-6.79008779e-05  2.19021185e-01  1.69204494e+09]
[-6.79008779e-05  2.23459848e-01  1.69204494e+09]
[-3.50218961e-05  2.25350389e-01  1.69204494e+09]
[-3.50218961e-05  2.18840351e-01  1.69204494e+09]
[-1.00779860e-04  2.12691982e-01  1.69204494e+09]
[-2.14291430e-06  1.97600531e-01  1.69204494e+09]
[-6.79008779e-05  1.88443735e-01  1.69204494e+09]
[-8.43403688e-05  1.82689913e-01  1.69204494e+09]
[-3.50218961e-05  1.82985824e-01  1.69204494e+09]
[-3.50218961e-05  1.82377563e-01  1.69204494e+09]
[-1.00779860e-04  1.78727996e-01  1.69204494e+09]
[-8.43403688e-05  1.64869506e-01  1.69204494e+09]
[-5.14613870e-05  1.24872227e-01  1.69204494e+09]
[-5.28206623e-04  7.14438837e-02  1.69204494e+09]
[-2.39544813e-02  2.20925328e-02  1.69204494e+09]
[-6.61875340e-02  6.06118249e-04  1.69204494e+09]
[-9.66005929e-02 -1.00779860e-04  1.69204494e+09]
[-1.23544919e-01 -2.15856296e-04  1.69204494e+09]
[-1.44192921e-01 -3.14493242e-04  1.69204494e+09]
[-1.61224234e-01 -4.62448660e-04  1.69204494e+09]
[-1.78107592e-01 -3.96690696e-04  1.69204495e+09]
[-1.92672981e-01 -5.28206623e-04  1.69204495e+09]
[-2.12466129e-01 -4.29569678e-04  1.69204495e+09]
[-2.18828213e-01 -5.11767132e-04  1.69204495e+09]
[-2.10082403e-01 -5.61085605e-04  1.69204495e+09]
[-1.93856625e-01 -5.11767132e-04  1.69204495e+09]
[-1.82201025e-01 -5.44646114e-04  1.69204495e+09]
[-1.77203420e-01 -5.44646114e-04  1.69204495e+09]
[-1.68638445e-01 -5.93964587e-04  1.69204495e+09]
[-1.71400279e-01 -6.26843569e-04  1.69204495e+09]
[-1.73274381e-01 -6.10404078e-04  1.69204495e+09]
[-1.68769961e-01 -6.10404078e-04  1.69204495e+09]
[-1.67438362e-01 -6.43283060e-04  1.69204495e+09]
[-1.61881814e-01 -6.59722551e-04  1.69204495e+09]
[-1.61240673e-01 -6.59722551e-04  1.69204495e+09]
[-1.60007712e-01 -6.76162042e-04  1.69204495e+09]
[-1.62983260e-01 -7.09041023e-04  1.69204495e+09]
[-1.62769546e-01 -5.93964587e-04  1.69204495e+09]
[-1.66172521e-01 -5.61085605e-04  1.69204495e+09]
[-1.65334107e-01 -5.77525096e-04  1.69204495e+09]
[-1.64594330e-01 -6.10404078e-04  1.69204495e+09]
[-1.59251495e-01 -7.09041023e-04  1.69204495e+09]
[-1.49864545e-01 -7.25480514e-04  1.69204495e+09]
[-1.36893786e-01 -7.25480514e-04  1.69204495e+09]
[-1.20503613e-01 -7.09041023e-04  1.69204495e+09]
[-1.45310806e-01  5.66647817e-02  1.69204495e+09]
[-1.94316931e-01  1.41837781e-01  1.69204495e+09]
[-2.55438961e-01  2.28424573e-01  1.69204495e+09]
[-2.97080194e-01  2.81293971e-01  1.69204495e+09]
[-3.31981236e-01  3.17082738e-01  1.69204495e+09]
[-3.59731098e-01  3.46213511e-01  1.69204495e+09]
[-3.74263609e-01  3.73272909e-01  1.69204495e+09]
[-3.90588025e-01  4.03291414e-01  1.69204495e+09]
[-4.03805376e-01  4.43042095e-01  1.69204495e+09]
[-4.16693938e-01  4.90716608e-01  1.69204495e+09]
[-4.16019919e-01  5.04361382e-01  1.69204495e+09]
[-4.10052383e-01  5.17644487e-01  1.69204495e+09]
[-4.07570020e-01  5.20291244e-01  1.69204495e+09]
[-3.96111694e-01  5.22740728e-01  1.69204495e+09]
[-3.83946470e-01  5.20817308e-01  1.69204495e+09]
[-3.71567532e-01  5.13107188e-01  1.69204495e+09]
[-3.54914327e-01  5.05808056e-01  1.69204495e+09]
[-3.47631632e-01  5.01665306e-01  1.69204495e+09]
[-3.42765542e-01  4.97308842e-01  1.69204495e+09]
[-3.36633612e-01  4.94563447e-01  1.69204495e+09]
[-3.30600318e-01  4.93215410e-01  1.69204495e+09]
[-3.25668471e-01  4.95023753e-01  1.69204495e+09]
[-3.26178095e-01  4.96240275e-01  1.69204495e+09]
[-3.26210974e-01  4.97128007e-01  1.69204495e+09]
[-3.29876981e-01  4.97884224e-01  1.69204495e+09]
[-3.32984045e-01  4.95516938e-01  1.69204495e+09]
[-3.30518121e-01  4.94662084e-01  1.69204495e+09]
[-3.29646828e-01  4.91291990e-01  1.69204495e+09]
[-3.28331668e-01  4.88957582e-01  1.69204495e+09]
[-3.26128776e-01  4.85719004e-01  1.69204495e+09]
[-3.23925884e-01  4.83433915e-01  1.69204495e+09]
[-3.22117540e-01  4.80047381e-01  1.69204495e+09]
[-3.19848890e-01  4.77417063e-01  1.69204495e+09]
[-3.16495234e-01  4.75296369e-01  1.69204495e+09]
[-3.14045750e-01  4.75756674e-01  1.69204495e+09]
[-3.12977183e-01  4.77170470e-01  1.69204495e+09]
[-3.10971565e-01  4.80211775e-01  1.69204495e+09]
[-3.12385361e-01  4.82579062e-01  1.69204495e+09]
[-3.12648393e-01  4.83302399e-01  1.69204495e+09]
[-3.15969170e-01  4.82036558e-01  1.69204495e+09]
[-3.17744635e-01  4.81444737e-01  1.69204495e+09]
[-3.19618738e-01  4.81181705e-01  1.69204495e+09]
[-3.21048973e-01  4.80293973e-01  1.69204495e+09]
[-3.22561407e-01  4.79093890e-01  1.69204495e+09]
[-3.19914648e-01  4.76660846e-01  1.69204495e+09]
[-3.18336457e-01  4.74457955e-01  1.69204495e+09]
[-3.17991228e-01  4.72172866e-01  1.69204495e+09]
[-3.18747444e-01  4.70726191e-01  1.69204495e+09]
[-3.18599489e-01  4.69164440e-01  1.69204495e+09]
[-3.17054177e-01  4.69345274e-01  1.69204495e+09]
[-3.15015680e-01  4.71844076e-01  1.69204495e+09]
[-3.12582635e-01  4.72846885e-01  1.69204495e+09]
[-3.12188087e-01  4.72222185e-01  1.69204495e+09]
[-3.13470368e-01  4.71893395e-01  1.69204495e+09]
[-3.13815597e-01  4.71318013e-01  1.69204495e+09]
[-3.12237406e-01  4.69476790e-01  1.69204495e+09]
[-3.08538520e-01  4.67668447e-01  1.69204495e+09]
[-3.07683666e-01  4.66353288e-01  1.69204495e+09]
[-3.07535711e-01  4.66665638e-01  1.69204495e+09]
[-3.05036908e-01  4.65794345e-01  1.69204495e+09]
[-3.06023278e-01  4.65136766e-01  1.69204495e+09]
[-3.05628730e-01  4.63295543e-01  1.69204495e+09]
[-3.06220552e-01  4.61503639e-01  1.69204495e+09]
[-3.04938271e-01  4.59300748e-01  1.69204495e+09]
[-3.04461526e-01  4.56308761e-01  1.69204495e+09]
[-3.02899774e-01  4.54714131e-01  1.69204495e+09]
[-3.02850456e-01  4.54007233e-01  1.69204495e+09]
[-3.02488787e-01  4.53645564e-01  1.69204495e+09]
[-3.01962723e-01  4.51327596e-01  1.69204495e+09]
[-3.00631124e-01  4.49305540e-01  1.69204495e+09]
[-2.97704895e-01  4.46740980e-01  1.69204495e+09]
[-2.93726538e-01  4.46527266e-01  1.69204495e+09]
[-2.94071767e-01  4.46658782e-01  1.69204495e+09]
[-2.93874493e-01  4.48253412e-01  1.69204495e+09]
[-2.92838805e-01  4.48269852e-01  1.69204495e+09]
[-2.92345620e-01  4.47497196e-01  1.69204495e+09]
[-2.89156359e-01  4.45425821e-01  1.69204495e+09]
[-2.84651938e-01  4.39622681e-01  1.69204495e+09]
[-2.84701257e-01  4.35562128e-01  1.69204495e+09]
[-2.87216499e-01  4.36449860e-01  1.69204495e+09]
[-2.87824760e-01  4.38521236e-01  1.69204495e+09]
[-2.85917779e-01  4.39145936e-01  1.69204495e+09]
[-2.84865652e-01  4.39524045e-01  1.69204495e+09]
[-2.87578168e-01  4.39195255e-01  1.69204495e+09]
[-2.87808321e-01  4.40329579e-01  1.69204495e+09]
[-2.87446652e-01  4.41431025e-01  1.69204495e+09]
[-2.87019225e-01  4.41874891e-01  1.69204495e+09]
[-2.89813939e-01  4.44981954e-01  1.69204495e+09]
[-2.94762226e-01  4.45228547e-01  1.69204495e+09]
[-3.00631124e-01  4.43831190e-01  1.69204495e+09]
[-3.05858883e-01  4.42762624e-01  1.69204495e+09]
[-3.10741412e-01  4.40181624e-01  1.69204495e+09]
