HokinRight_Hand
Dev2/ai0 Dev2/ai1
[-2.42961387e-01  2.81885792e-01  1.69204471e+09]
[-2.39492654e-01  2.81573442e-01  1.69204471e+09]
[-2.40462584e-01  2.81836474e-01  1.69204471e+09]
[-2.43142221e-01  2.82198142e-01  1.69204471e+09]
[-2.47186336e-01  2.83431104e-01  1.69204471e+09]
[-2.49241273e-01  2.84302397e-01  1.69204471e+09]
[-2.49257712e-01  2.84844900e-01  1.69204471e+09]
[-2.49274152e-01  2.85798391e-01  1.69204471e+09]
[-2.50457795e-01  2.86308015e-01  1.69204471e+09]
[-2.50901661e-01  2.86258696e-01  1.69204471e+09]
[-2.48337101e-01  2.84976416e-01  1.69204471e+09]
[-2.46134209e-01  2.84072244e-01  1.69204471e+09]
[-2.44605336e-01  2.82280340e-01  1.69204471e+09]
[-2.41711985e-01  2.79321232e-01  1.69204471e+09]
[-2.38128176e-01  2.76592277e-01  1.69204471e+09]
[-2.34955354e-01  2.73879761e-01  1.69204471e+09]
[-2.35234826e-01  2.73287939e-01  1.69204471e+09]
[-2.35349902e-01  2.73781124e-01  1.69204471e+09]
[-2.34906036e-01  2.74093474e-01  1.69204471e+09]
[-2.35448539e-01  2.75359315e-01  1.69204471e+09]
[-2.35432099e-01  2.76444321e-01  1.69204471e+09]
[-2.36599303e-01  2.77907436e-01  1.69204471e+09]
[-2.37454157e-01  2.79337671e-01  1.69204471e+09]
[-2.38752877e-01  2.80274722e-01  1.69204471e+09]
[-2.39295380e-01  2.81162455e-01  1.69204471e+09]
[-2.41366756e-01  2.82658448e-01  1.69204471e+09]
[-2.42550399e-01  2.83776333e-01  1.69204471e+09]
[-2.48205585e-01  2.86620365e-01  1.69204471e+09]
[-2.49537183e-01  2.89267123e-01  1.69204471e+09]
[-2.47153457e-01  2.89694549e-01  1.69204471e+09]
[-2.45756100e-01  2.87820448e-01  1.69204471e+09]
[-2.44901247e-01  2.86258696e-01  1.69204471e+09]
[-2.44802610e-01  2.85699754e-01  1.69204471e+09]
[-2.41037966e-01  2.84170881e-01  1.69204471e+09]
[-2.37585673e-01  2.82822843e-01  1.69204471e+09]
[-2.35317023e-01  2.82263900e-01  1.69204471e+09]
[-2.32982615e-01  2.82132385e-01  1.69204471e+09]
[-2.30335857e-01  2.81984429e-01  1.69204471e+09]
[-2.27047959e-01  2.81425486e-01  1.69204471e+09]
[-2.25699920e-01  2.80850104e-01  1.69204471e+09]
[-2.25568404e-01  2.80356920e-01  1.69204471e+09]
[-2.26225984e-01  2.80735028e-01  1.69204471e+09]
[-2.26521895e-01  2.80866544e-01  1.69204471e+09]
[-2.25009462e-01  2.80258283e-01  1.69204471e+09]
[-2.25387570e-01  2.79699340e-01  1.69204471e+09]
[-2.25239615e-01  2.79288353e-01  1.69204471e+09]
[-2.25568404e-01  2.78400621e-01  1.69204471e+09]
[-2.24434079e-01  2.77315614e-01  1.69204471e+09]
[-2.23250436e-01  2.76921067e-01  1.69204471e+09]
[-2.24927264e-01  2.77923875e-01  1.69204471e+09]
[-2.26669850e-01  2.78795168e-01  1.69204471e+09]
[-2.28724787e-01  2.80587073e-01  1.69204471e+09]
[-2.28280921e-01  2.82083066e-01  1.69204471e+09]
[-2.30894800e-01  2.85009295e-01  1.69204471e+09]
[-2.36500666e-01  2.93097524e-01  1.69204471e+09]
[-2.46808228e-01  3.08172535e-01  1.69204471e+09]
[-2.57608974e-01  3.24677781e-01  1.69204471e+09]
[-2.73637479e-01  3.41873486e-01  1.69204471e+09]
[-2.88811130e-01  3.48284887e-01  1.69204471e+09]
[-3.10412622e-01  3.47873900e-01  1.69204471e+09]
[-3.24156037e-01  3.49632925e-01  1.69204471e+09]
[-3.26638401e-01  3.48465721e-01  1.69204471e+09]
[-3.29613949e-01  3.44750397e-01  1.69204471e+09]
[-3.32721013e-01  3.40656964e-01  1.69204471e+09]
[-3.27641210e-01  3.38569149e-01  1.69204471e+09]
[-3.22725802e-01  3.38454073e-01  1.69204471e+09]
[-3.18681686e-01  3.37829372e-01  1.69204471e+09]
[-3.24271114e-01  3.38092404e-01  1.69204471e+09]
[-3.30764713e-01  3.35215494e-01  1.69204471e+09]
[-3.34858147e-01  3.31516609e-01  1.69204471e+09]
[-3.37981650e-01  3.29461673e-01  1.69204471e+09]
[-3.31636006e-01  3.27488934e-01  1.69204471e+09]
[-3.30024936e-01  3.25960061e-01  1.69204471e+09]
[-3.20851699e-01  3.23625654e-01  1.69204471e+09]
[-3.14078629e-01  3.21357005e-01  1.69204471e+09]
[-3.08867310e-01  3.21652915e-01  1.69204471e+09]
[-3.05332819e-01  3.21192610e-01  1.69204471e+09]
[-3.03179246e-01  3.20535030e-01  1.69204471e+09]
[-2.98214519e-01  3.18874642e-01  1.69204471e+09]
[-2.93019640e-01  3.16079929e-01  1.69204471e+09]
[-2.83271021e-01  3.08632840e-01  1.69204471e+09]
[-2.84208072e-01  2.97914294e-01  1.69204471e+09]
[-2.88186429e-01  2.82970798e-01  1.69204471e+09]
[-2.88235747e-01  2.83480423e-01  1.69204471e+09]
[-2.83813524e-01  2.86028543e-01  1.69204471e+09]
[-2.78552887e-01  2.88395830e-01  1.69204471e+09]
[-2.72930580e-01  2.90352129e-01  1.69204471e+09]
[-2.69642682e-01  2.91617970e-01  1.69204471e+09]
[-2.65812280e-01  2.92949568e-01  1.69204471e+09]
[-2.59680350e-01  2.93327676e-01  1.69204471e+09]
[-2.55126611e-01  2.92949568e-01  1.69204471e+09]
[-2.53564859e-01  2.91913880e-01  1.69204471e+09]
[-2.53449783e-01  2.92719415e-01  1.69204471e+09]
[-2.51674317e-01  2.93524950e-01  1.69204471e+09]
[-2.50211203e-01  2.92686536e-01  1.69204471e+09]
[-2.51493483e-01  2.92620778e-01  1.69204471e+09]
[-2.50490674e-01  2.92472823e-01  1.69204471e+09]
[-2.49487865e-01  2.92571460e-01  1.69204471e+09]
[-2.46397241e-01  2.91223422e-01  1.69204471e+09]
[-2.43175100e-01  2.89168486e-01  1.69204471e+09]
[-2.43043584e-01  2.89168486e-01  1.69204471e+09]
[-2.44243667e-01  2.89957581e-01  1.69204471e+09]
[-2.43060024e-01  2.90516524e-01  1.69204471e+09]
[-2.41268119e-01  2.89119167e-01  1.69204471e+09]
[-2.39163864e-01  2.86866957e-01  1.69204471e+09]
[-2.40084476e-01  2.84647626e-01  1.69204471e+09]
[-2.42747673e-01  2.82757085e-01  1.69204471e+09]
[-2.44753291e-01  2.81441926e-01  1.69204471e+09]
[-2.42188731e-01  2.79551385e-01  1.69204471e+09]
[-2.41136603e-01  2.79436308e-01  1.69204471e+09]
[-2.40873571e-01  2.80011690e-01  1.69204471e+09]
[-2.42418884e-01  2.81721397e-01  1.69204471e+09]
[-2.42484641e-01  2.83266709e-01  1.69204471e+09]
[-2.42435323e-01  2.84335276e-01  1.69204471e+09]
[-2.42599718e-01  2.85387403e-01  1.69204471e+09]
[-2.40643418e-01  2.86209378e-01  1.69204471e+09]
[-2.38456966e-01  2.86965594e-01  1.69204471e+09]
[-2.35053991e-01  2.86390212e-01  1.69204471e+09]
[-2.31486621e-01  2.85831270e-01  1.69204471e+09]
[-2.32620946e-01  2.86505289e-01  1.69204471e+09]
[-2.32883978e-01  2.86834078e-01  1.69204471e+09]
[-2.32670265e-01  2.87656053e-01  1.69204471e+09]
