HokinRight_Hand
Dev2/ai0 Dev2/ai1
[-1.12546900e-01 -1.82692641e-03  1.69204496e+09]
[-1.86097185e-01 -1.16934677e-03  1.69204496e+09]
[-2.21458531e-01 -1.72828946e-03  1.69204496e+09]
[-2.44145030e-01 -1.97488182e-03  1.69204496e+09]
[-2.54107362e-01 -1.89268437e-03  1.69204496e+09]
[-2.60863993e-01 -1.95844233e-03  1.69204496e+09]
[-2.73062096e-01 -2.00776081e-03  1.69204496e+09]
[-2.93808735e-01 -2.00776081e-03  1.69204496e+09]
[-3.38080287e-01 -2.05707928e-03  1.69204496e+09]
[-3.58103588e-01 -2.07351877e-03  1.69204496e+09]
[-3.69578354e-01 -2.08995826e-03  1.69204496e+09]
[-3.63840971e-01 -2.08995826e-03  1.69204496e+09]
