HokinRight_Hand
Dev2/ai0 Dev2/ai1
[-6.79008779e-05  3.58986994e-01  1.69204497e+09]
[-5.14613870e-05  3.73124953e-01  1.69204497e+09]
[-1.17219351e-04  3.91471422e-01  1.69204497e+09]
[-1.99416805e-04  4.04146267e-01  1.69204497e+09]
[-1.00779860e-04  4.10228878e-01  1.69204497e+09]
[-1.50098332e-04  4.11478279e-01  1.69204497e+09]
[-1.00779860e-04  4.14749737e-01  1.69204497e+09]
[-3.50218961e-05  4.19878857e-01  1.69204497e+09]
[3.07360675e-05 4.19763781e-01 1.69204497e+09]
[-1.00779860e-04  4.18645895e-01  1.69204497e+09]
[-1.33658842e-04  4.17347176e-01  1.69204497e+09]
[-5.14613870e-05  4.11100171e-01  1.69204497e+09]
[-5.14613870e-05  4.06036808e-01  1.69204497e+09]
[-8.43403688e-05  3.92046804e-01  1.69204497e+09]
[-1.50098332e-04  3.39950066e-01  1.69204497e+09]
[-1.43338067e-01  1.78218372e-01  1.69204497e+09]
[-2.48830285e-01  6.73668901e-02  1.69204497e+09]
[-3.13453928e-01  1.75223543e-02  1.69204497e+09]
[-3.27805605e-01 -1.33374168e-03  1.69204497e+09]
[-3.39428325e-01 -1.25154422e-03  1.69204497e+09]
[-3.36929523e-01 -1.07070982e-03  1.69204497e+09]
[-3.42140842e-01 -1.16934677e-03  1.69204497e+09]
[-3.41877810e-01 -1.51457608e-03  1.69204497e+09]
[-3.46924734e-01 -1.05427033e-03  1.69204497e+09]
[-3.65534239e-01 -7.74798987e-04  1.69204497e+09]
[-3.71567532e-01  2.06923294e-03  1.69204497e+09]
[-3.77567947e-01  7.04755195e-04  1.69204497e+09]
[-3.71386698e-01 -7.41920005e-04  1.69204497e+09]
[-3.59205034e-01 -2.02420030e-03  1.69204497e+09]
[-3.38721427e-01 -3.86542328e-03  1.69204497e+09]
[-3.20753062e-01 -4.49012394e-03  1.69204497e+09]
[-3.11053762e-01 -3.48731499e-03  1.69204497e+09]
[-2.97441863e-01 -1.87624488e-03  1.69204497e+09]
[-2.59269363e-01 -4.78603477e-03  1.69204497e+09]
[-2.02849027e-01 -2.32011113e-03  1.69204497e+09]
[-1.76463643e-01  1.35439976e-02  1.69204497e+09]
[-1.50620762e-01  8.81792850e-02  1.69204497e+09]
[-1.16591014e-01  1.76064799e-01  1.69204497e+09]
[-9.99049306e-02  2.35740146e-01  1.69204497e+09]
[-8.90219874e-02  2.72564602e-01  1.69204497e+09]
[-5.03891829e-02  3.00561052e-01  1.69204497e+09]
[-9.07674191e-03  3.29642507e-01  1.69204497e+09]
[-6.98892656e-03  3.92342715e-01  1.69204497e+09]
[-2.76397739e-03  3.94463409e-01  1.69204497e+09]
[-4.40792648e-03  3.91323467e-01  1.69204497e+09]
[-1.23510473e-03  3.83366755e-01  1.69204497e+09]
[-2.71465892e-03  3.61666630e-01  1.69204497e+09]
[-2.07351877e-03  3.05558656e-01  1.69204497e+09]
[-1.33658842e-04  1.65280494e-01  1.69204497e+09]
[-6.05652280e-02  5.39358263e-02  1.69204497e+09]
[-1.75247120e-01  2.01991447e-03  1.69204497e+09]
[-2.46413680e-01 -1.36662066e-03  1.69204497e+09]
[-2.79983122e-01 -1.48169710e-03  1.69204497e+09]
[-3.07453513e-01 -1.54745506e-03  1.69204497e+09]
[-3.15295151e-01 -1.54745506e-03  1.69204497e+09]
[-3.18961158e-01 -1.21866524e-03  1.69204497e+09]
[-3.17958349e-01  3.26646904e-04  1.69204497e+09]
[-3.19405024e-01  6.71876213e-04  1.69204497e+09]
[-3.16741826e-01  2.93767922e-04  1.69204497e+09]
[-3.14966361e-01 -9.72072878e-04  1.69204497e+09]
[-3.10905807e-01  3.82825846e-03  1.69204497e+09]
[-3.09623526e-01  5.52152603e-03  1.69204497e+09]
[-3.01469538e-01  6.22842413e-03  1.69204497e+09]
[-3.01469538e-01  5.80099737e-03  1.69204497e+09]
[-3.02307952e-01  3.68030305e-03  1.69204497e+09]
[-3.01420220e-01  3.77893999e-03  1.69204497e+09]
[-3.03754628e-01  2.18430938e-03  1.69204497e+09]
[-3.01749010e-01  2.85832850e-03  1.69204497e+09]
[-2.99546118e-01  2.84188901e-03  1.69204497e+09]
[-2.93562143e-01  3.81181897e-03  1.69204497e+09]
[-2.82876473e-01  3.94333490e-03  1.69204497e+09]
[-2.63428554e-01  1.87195905e-03  1.69204497e+09]
[-2.14077200e-01 -3.32292008e-03  1.69204497e+09]
[-1.40592672e-01 -6.31490743e-03  1.69204497e+09]
[-9.53511915e-02 -2.28723216e-03  1.69204497e+09]
[-5.59621704e-02  5.45276479e-02  1.69204497e+09]
[-3.78294117e-02  1.33059093e-01  1.69204497e+09]
[-2.41188762e-02  1.86783346e-01  1.69204497e+09]
[-8.92878649e-03  2.28835561e-01  1.69204497e+09]
[-1.44881811e-03  2.71643991e-01  1.69204497e+09]
[-6.79008779e-05  3.24792858e-01  1.69204497e+09]
[-8.40556951e-04  3.31385093e-01  1.69204497e+09]
[-2.36942961e-03  3.29642507e-01  1.69204497e+09]
[-2.45162706e-03  3.25943622e-01  1.69204497e+09]
[-3.71746786e-03  3.23822928e-01  1.69204497e+09]
[-3.99693921e-03  3.20387075e-01  1.69204497e+09]
[-3.24072262e-03  3.18512973e-01  1.69204497e+09]
[-4.37504750e-03  3.13614006e-01  1.69204497e+09]
[-1.02439458e-02  3.03865389e-01  1.69204497e+09]
[-1.58004937e-02  2.86225817e-01  1.69204497e+09]
[-2.37078889e-02  2.09798632e-01  1.69204497e+09]
[-2.21132583e-02  1.02530960e-01  1.69204497e+09]
[-7.39991383e-03  1.41522587e-02  1.69204497e+09]
[-6.79008779e-05 -3.63811714e-04  1.69204497e+09]
[-2.15856296e-04 -6.92601532e-04  1.69204497e+09]
[-3.37195389e-02 -8.56996442e-04  1.69204497e+09]
[-7.44237191e-02 -1.00495186e-03  1.69204497e+09]
[-9.92637905e-02 -9.22754405e-04  1.69204497e+09]
[-1.10902950e-01 -1.00495186e-03  1.69204497e+09]
[-1.24580607e-01 -1.03783084e-03  1.69204497e+09]
[-1.22016047e-01  9.19110493e-02  1.69204497e+09]
[-9.83596184e-02  1.77396398e-01  1.69204497e+09]
[-7.54100886e-02  2.21224077e-01  1.69204497e+09]
[-4.85808389e-02  2.44453075e-01  1.69204497e+09]
[-3.65142524e-02  2.59856877e-01  1.69204497e+09]
[-2.73738954e-02  2.76066213e-01  1.69204497e+09]
[-2.36914494e-02  2.86982034e-01  1.69204497e+09]
[-1.84965702e-02  2.87968403e-01  1.69204497e+09]
[-1.00137929e-02  2.84910658e-01  1.69204497e+09]
[-7.91238478e-04  2.78071831e-01  1.69204497e+09]
[-8.43403688e-05  2.74093474e-01  1.69204497e+09]
[-3.50218961e-05  2.70460347e-01  1.69204497e+09]
[-1.00779860e-04  2.69457538e-01  1.69204497e+09]
[-6.79008779e-05  2.67977984e-01  1.69204497e+09]
[-6.79008779e-05  2.70739819e-01  1.69204497e+09]
[-1.85824052e-05  2.75819621e-01  1.69204497e+09]
[-1.33658842e-04  2.84170881e-01  1.69204497e+09]
[-5.14613870e-05  3.13909916e-01  1.69204497e+09]
[-3.50218961e-05  3.28425985e-01  1.69204497e+09]
[-1.17219351e-04  3.58329414e-01  1.69204497e+09]
[-1.50098332e-04  3.64083235e-01  1.69204497e+09]
[-1.00779860e-04  3.57425242e-01  1.69204497e+09]
[-2.14291431e-06  3.53479765e-01  1.69204497e+09]
[-1.50098332e-04  3.49287696e-01  1.69204497e+09]
[-2.14291431e-06  3.39473321e-01  1.69204497e+09]
[-5.14613870e-05  2.79830856e-01  1.69204497e+09]
[-1.27920669e-02  1.07906673e-01  1.69204497e+09]
[-9.05508601e-02  3.90087688e-02  1.69204497e+09]
[-1.77384254e-01 -1.53101557e-03  1.69204497e+09]
[-2.31979806e-01 -1.94200284e-03  1.69204497e+09]
[-2.54008725e-01 -2.10639775e-03  1.69204497e+09]
[-2.71385268e-01 -2.17215571e-03  1.69204497e+09]
[-2.86476722e-01 -2.35299011e-03  1.69204497e+09]
[-2.99463920e-01 -2.36942961e-03  1.69204497e+09]
[-2.99792710e-01 -2.38586910e-03  1.69204497e+09]
[-3.00154379e-01 -2.32011113e-03  1.69204497e+09]
[-2.97770653e-01 -2.46806655e-03  1.69204497e+09]
[-2.97441863e-01 -2.48450604e-03  1.69204497e+09]
[-2.91622283e-01 -2.48450604e-03  1.69204497e+09]
[-2.89912576e-01 -2.56670350e-03  1.69204497e+09]
[-2.78569326e-01 -2.58314299e-03  1.69204497e+09]
[-2.59762547e-01 -2.56670350e-03  1.69204497e+09]
[-2.34462169e-01 -2.58314299e-03  1.69204497e+09]
[-2.09786492e-01 -2.61602197e-03  1.69204497e+09]
[-2.02421600e-01 -2.63246146e-03  1.69204497e+09]
[-1.97719905e-01 -2.74753790e-03  1.69204497e+09]
[-1.89582357e-01 -2.74753790e-03  1.69204497e+09]
[-1.69674133e-01  2.38844373e-02  1.69204497e+09]
[-1.48401430e-01  3.35015394e-02  1.69204497e+09]
[-1.27819187e-01  3.20877432e-02  1.69204497e+09]
[-1.31156404e-01  2.44269405e-02  1.69204497e+09]
[-1.16788288e-01  1.64373479e-02  1.69204497e+09]
[-7.63800186e-02  1.32316472e-02  1.69204497e+09]
[-2.22612137e-02  7.48139792e-02  1.69204497e+09]
[-8.43403688e-05  2.20385663e-01  1.69204497e+09]
[-5.14613870e-05  2.67846469e-01  1.69204497e+09]
[-1.00779860e-04  2.73600290e-01  1.69204497e+09]
[-1.00779860e-04  2.78137589e-01  1.69204497e+09]
[-8.43403688e-05  2.78614334e-01  1.69204497e+09]
[-2.14291430e-06  2.52771457e-01  1.69204497e+09]
[-8.43403688e-05  1.60989787e-01  1.69204497e+09]
[-6.79008779e-05  5.77991065e-02  1.69204497e+09]
[-3.50218961e-05 -1.81048691e-03  1.69204497e+09]
[-5.83787757e-02 -1.94200284e-03  1.69204497e+09]
[-1.67175330e-01 -1.95844233e-03  1.69204497e+09]
[-2.27590462e-01 -2.05707928e-03  1.69204497e+09]
[-2.58282993e-01 -2.05707928e-03  1.69204497e+09]
[-2.75462262e-01 -2.08995826e-03  1.69204497e+09]
[-2.83895722e-01 -2.08995826e-03  1.69204497e+09]
[-2.92148346e-01 -2.18859521e-03  1.69204497e+09]
[-2.96225340e-01 -2.12283724e-03  1.69204497e+09]
[-2.96274659e-01 -2.18859521e-03  1.69204497e+09]
[-2.96241780e-01 -2.12283724e-03  1.69204497e+09]
[-2.89583786e-01 -2.13927673e-03  1.69204497e+09]
[-2.73834752e-01 -2.20503470e-03  1.69204497e+09]
[-2.49109757e-01 -2.12283724e-03  1.69204497e+09]
[-2.38243253e-01 -2.18859521e-03  1.69204497e+09]
[-2.40725616e-01 -1.62965251e-03  1.69204497e+09]
[-2.46413680e-01 -1.92556335e-03  1.69204498e+09]
[-2.31503061e-01 -2.07351877e-03  1.69204498e+09]
[-1.95467695e-01 -2.13927673e-03  1.69204498e+09]
[-1.62555833e-01 -2.17215571e-03  1.69204498e+09]
[-1.58692552e-01 -2.18859521e-03  1.69204498e+09]
[-1.24070983e-01 -2.18859521e-03  1.69204498e+09]
[-4.67889344e-02 -2.28723215e-03  1.69204498e+09]
[-5.14613870e-05  4.49598644e-02  1.69204498e+09]
[-6.79008779e-05  1.70458933e-01  1.69204498e+09]
[-6.79008779e-05  2.30232917e-01  1.69204498e+09]
[-8.43403688e-05  2.51900164e-01  1.69204498e+09]
[-6.79008779e-05  2.60202106e-01  1.69204498e+09]
[-6.79008779e-05  2.71183685e-01  1.69204498e+09]
[-5.14613870e-05  2.79534945e-01  1.69204498e+09]
[-3.50218961e-05  2.83316028e-01  1.69204498e+09]
[-3.50218961e-05  2.83020117e-01  1.69204498e+09]
[-5.14613870e-05  2.81951550e-01  1.69204498e+09]
[-1.85824052e-05  2.77447130e-01  1.69204498e+09]
[3.07360675e-05 2.66728583e-01 1.69204498e+09]
[-1.33658842e-04  1.92339894e-01  1.69204498e+09]
[-5.14613870e-05  5.30645333e-02  1.69204498e+09]
[-3.50218961e-05 -6.43283060e-04  1.69204498e+09]
[-8.43403688e-05 -1.33374168e-03  1.69204498e+09]
[-6.23078140e-02 -1.58033404e-03  1.69204498e+09]
[-1.41020099e-01 -6.59722551e-04  1.69204498e+09]
[-1.83976490e-01  2.24213226e-02  1.69204498e+09]
[-1.98180211e-01  1.25924355e-01  1.69204498e+09]
[-2.26949322e-01  2.30200038e-01  1.69204498e+09]
[-2.61209223e-01  2.96615574e-01  1.69204498e+09]
[-3.01601054e-01  3.54038708e-01  1.69204498e+09]
[-3.28216592e-01  4.08765763e-01  1.69204498e+09]
[-3.29745465e-01  4.43781872e-01  1.69204498e+09]
[-3.29120764e-01  4.57821194e-01  1.69204498e+09]
[-3.36354140e-01  4.55799137e-01  1.69204498e+09]
[-3.35976032e-01  4.65629950e-01  1.69204498e+09]
[-3.33132000e-01  4.81954361e-01  1.69204498e+09]
[-3.41450383e-01  5.17184181e-01  1.69204498e+09]
[-3.59879053e-01  5.62179055e-01  1.69204498e+09]
[-3.77058323e-01  5.85966991e-01  1.69204498e+09]
[-3.98988605e-01  5.93052410e-01  1.69204498e+09]
[-4.19916078e-01  5.96554020e-01  1.69204498e+09]
[-4.39363997e-01  5.87660258e-01  1.69204498e+09]
[-4.42684775e-01  5.77665051e-01  1.69204498e+09]
[-4.40892870e-01  5.66551958e-01  1.69204498e+09]
[-4.43325915e-01  5.55027879e-01  1.69204498e+09]
[-4.55918566e-01  5.42122882e-01  1.69204498e+09]
[-4.61721707e-01  5.37306113e-01  1.69204498e+09]
[-4.69201676e-01  5.39821354e-01  1.69204498e+09]
[-4.81892963e-01  5.46101238e-01  1.69204498e+09]
[-4.87285117e-01  5.60189877e-01  1.69204498e+09]
[-5.10168890e-01  5.74870338e-01  1.69204498e+09]
[-4.86068594e-01  5.68195907e-01  1.69204498e+09]
[-4.91115518e-01  5.65466952e-01  1.69204498e+09]
[-4.91904614e-01  5.62211934e-01  1.69204498e+09]
[-4.83816384e-01  5.50194670e-01  1.69204498e+09]
[-4.74034886e-01  5.39788475e-01  1.69204498e+09]
[-4.21560028e-01  5.30516605e-01  1.69204498e+09]
[-4.09460561e-01  5.11561877e-01  1.69204498e+09]
[-4.15214384e-01  5.03424331e-01  1.69204498e+09]
[-4.00188688e-01  5.05429948e-01  1.69204498e+09]
[-3.91015451e-01  5.01747503e-01  1.69204498e+09]
[-3.75151342e-01  4.96075880e-01  1.69204498e+09]
[-3.38885822e-01  4.97407479e-01  1.69204498e+09]
[-3.12631953e-01  4.90930321e-01  1.69204498e+09]
[-3.13667641e-01  4.88053411e-01  1.69204498e+09]
[-2.98724143e-01  4.69937096e-01  1.69204498e+09]
[-3.05332819e-01  4.58330818e-01  1.69204498e+09]
[-3.09935877e-01  4.62424250e-01  1.69204498e+09]
[-3.24451948e-01  4.60369314e-01  1.69204498e+09]
[-3.44820479e-01  4.57936270e-01  1.69204498e+09]
[-3.45067071e-01  4.49913801e-01  1.69204498e+09]
[-3.35893835e-01  4.38932223e-01  1.69204498e+09]
[-3.06730176e-01  3.66861509e-01  1.69204498e+09]
[-3.01601054e-01  3.50833007e-01  1.69204498e+09]
[-2.69182376e-01  3.56866300e-01  1.69204498e+09]
[-2.23398391e-01  3.54153784e-01  1.69204498e+09]
[-2.18598060e-01  3.54548332e-01  1.69204498e+09]
[-2.13074391e-01  3.51490587e-01  1.69204498e+09]
[-2.21129742e-01  3.49715122e-01  1.69204498e+09]
[-2.29415245e-01  3.49353454e-01  1.69204498e+09]
[-2.34593685e-01  3.47314957e-01  1.69204498e+09]
[-2.48600132e-01  3.52016651e-01  1.69204498e+09]
[-2.66124631e-01  3.62488605e-01  1.69204498e+09]
[-2.90372881e-01  3.79651430e-01  1.69204498e+09]
[-3.06976768e-01  3.96633421e-01  1.69204498e+09]
[-3.33625185e-01  4.32553702e-01  1.69204498e+09]
[-3.69956462e-01  4.85554609e-01  1.69204498e+09]
[-3.95256840e-01  5.19008964e-01  1.69204498e+09]
[-4.20984645e-01  5.29628872e-01  1.69204498e+09]
[-4.41435373e-01  5.42385914e-01  1.69204498e+09]
[-4.62691637e-01  5.59811769e-01  1.69204498e+09]
[-4.79048931e-01  6.00828286e-01  1.69204498e+09]
[-4.90573015e-01  6.38951453e-01  1.69204498e+09]
[-5.02688921e-01  6.49669997e-01  1.69204498e+09]
[-4.95965169e-01  6.39691229e-01  1.69204498e+09]
[-4.76911797e-01  5.99776159e-01  1.69204498e+09]
[-4.58252974e-01  5.58348655e-01  1.69204498e+09]
[-4.44871227e-01  5.31026229e-01  1.69204498e+09]
[-4.37309061e-01  4.93905868e-01  1.69204498e+09]
[-4.19817441e-01  3.82577659e-01  1.69204498e+09]
[-4.08934498e-01  3.55616899e-01  1.69204498e+09]
[-4.42980686e-01  3.65431273e-01  1.69204498e+09]
[-4.62445044e-01  3.89827473e-01  1.69204498e+09]
[-4.81202505e-01  4.26651926e-01  1.69204498e+09]
[-4.98266698e-01  4.61470760e-01  1.69204498e+09]
[-4.98135182e-01  4.98295211e-01  1.69204498e+09]
[-4.63793083e-01  5.06827305e-01  1.69204498e+09]
[-4.09246848e-01  5.06301241e-01  1.69204498e+09]
[-3.81809336e-01  4.99363778e-01  1.69204498e+09]
[-3.87743992e-01  4.97670510e-01  1.69204498e+09]
[-3.75660966e-01  4.93067454e-01  1.69204498e+09]
[-3.47269963e-01  4.81115947e-01  1.69204498e+09]
[-3.36271943e-01  4.74408636e-01  1.69204498e+09]
[-3.30172891e-01  4.71186497e-01  1.69204498e+09]
[-3.40447574e-01  4.61092652e-01  1.69204498e+09]
[-3.49571492e-01  4.60172041e-01  1.69204498e+09]
[-3.48437167e-01  4.70298765e-01  1.69204498e+09]
[-3.44294415e-01  4.71630363e-01  1.69204498e+09]
[-2.99414602e-01  4.53793520e-01  1.69204498e+09]
[-2.88383703e-01  4.01811860e-01  1.69204498e+09]
[-3.05135545e-01  3.99197981e-01  1.69204498e+09]
[-3.33263516e-01  4.19336354e-01  1.69204498e+09]
[-3.35466408e-01  4.11724871e-01  1.69204498e+09]
[-3.16363718e-01  4.08650687e-01  1.69204498e+09]
[-3.06730176e-01  3.90386416e-01  1.69204498e+09]
[-2.97672016e-01  3.85438130e-01  1.69204498e+09]
[-2.94860863e-01  3.82446143e-01  1.69204498e+09]
[-2.96225340e-01  3.82725615e-01  1.69204498e+09]
[-2.90356442e-01  3.81476213e-01  1.69204498e+09]
[-2.84816333e-01  3.77349902e-01  1.69204498e+09]
[-2.79933804e-01  3.72335858e-01  1.69204498e+09]
[-2.76448632e-01  3.64198311e-01  1.69204498e+09]
[-2.68426160e-01  3.64412025e-01  1.69204498e+09]
[-2.72075727e-01  3.76314214e-01  1.69204498e+09]
[-2.71467466e-01  3.86950563e-01  1.69204498e+09]
[-2.80410549e-01  3.98984268e-01  1.69204498e+09]
[-2.91046901e-01  4.07943789e-01  1.69204498e+09]
