HokinRight_Hand
Dev2/ai0 Dev2/ai1
[-2.23562786e-01 -4.17777361e-03  1.69204498e+09]
[-2.42829871e-01 -4.14489463e-03  1.69204498e+09]
[-2.62294229e-01 -3.99693921e-03  1.69204498e+09]
[-2.72667549e-01 -3.96406023e-03  1.69204498e+09]
[-2.76530829e-01 -3.99693921e-03  1.69204498e+09]
[-2.71335950e-01 -3.93118124e-03  1.69204498e+09]
[-2.69708440e-01 -3.96406023e-03  1.69204498e+09]
[-2.78520008e-01 -3.93118124e-03  1.69204498e+09]
[-2.93447066e-01 -3.83254430e-03  1.69204498e+09]
[-3.16495234e-01 -3.84898379e-03  1.69204498e+09]
[-3.33033363e-01 -3.86542328e-03  1.69204498e+09]
[-3.51363397e-01 -3.91474175e-03  1.69204498e+09]
[-3.70844195e-01 -3.86542328e-03  1.69204498e+09]
[-3.72521023e-01 -3.88186277e-03  1.69204498e+09]
[-3.62312098e-01 -3.86542328e-03  1.69204498e+09]
[-3.46382230e-01 -3.86542328e-03  1.69204498e+09]
[-3.28463184e-01 -3.84898379e-03  1.69204498e+09]
[-2.86147932e-01 -3.86542328e-03  1.69204498e+09]
[-2.14882735e-01 -3.88186277e-03  1.69204498e+09]
[-1.51081068e-01  8.73408710e-02  1.69204498e+09]
[-7.64622160e-02  2.00789792e-01  1.69204498e+09]
[-2.21461372e-02  2.72301570e-01  1.69204498e+09]
[-3.50218961e-05  2.75112723e-01  1.69204498e+09]
[-5.14613870e-05  2.76427882e-01  1.69204498e+09]
[-3.50218961e-05  2.92144033e-01  1.69204498e+09]
[-1.85824052e-05  2.92916689e-01  1.69204498e+09]
[-1.00779860e-04  2.96138829e-01  1.69204498e+09]
[-5.14613870e-05  2.88823256e-01  1.69204498e+09]
[-3.50218961e-05  2.67336844e-01  1.69204498e+09]
[-8.43403688e-05  1.28982100e-01  1.69204498e+09]
[-1.85824052e-05  3.37645712e-02  1.69204498e+09]
[-6.79008779e-05 -2.00776081e-03  1.69204498e+09]
[-1.33658842e-04 -2.30367164e-03  1.69204499e+09]
[-4.11666284e-02 -2.59958248e-03  1.69204499e+09]
[-9.97569752e-02 -2.58314299e-03  1.69204499e+09]
[-1.52856533e-01 -2.58314299e-03  1.69204499e+09]
[-1.71877024e-01 -2.71465892e-03  1.69204499e+09]
[-1.84058688e-01 -2.78041688e-03  1.69204499e+09]
[-1.88924777e-01 -2.71465892e-03  1.69204499e+09]
[-1.94810115e-01 -2.79685637e-03  1.69204499e+09]
[-1.92294873e-01 -2.82973535e-03  1.69204499e+09]
[-1.87280828e-01 -2.81329586e-03  1.69204499e+09]
[-1.89680994e-01 -2.82973535e-03  1.69204499e+09]
[-1.96552701e-01 -2.82973535e-03  1.69204499e+09]
[-1.96766415e-01 -2.91193281e-03  1.69204499e+09]
[-1.71992101e-01 -2.79685637e-03  1.69204499e+09]
[-1.00463873e-01 -2.91193281e-03  1.69204499e+09]
[-1.11645573e-02 -2.96125128e-03  1.69204499e+09]
[-1.17219351e-04 -2.91193281e-03  1.69204499e+09]
[-6.79008779e-05  2.74353673e-02  1.69204499e+09]
[-8.43403688e-05  7.55866353e-02  1.69204499e+09]
[-5.14613870e-05  9.07109665e-02  1.69204499e+09]
[-6.79008779e-05  9.23384760e-02  1.69204499e+09]
[-5.14613870e-05  8.96588391e-02  1.69204499e+09]
[-1.17219351e-04  6.69230238e-02  1.69204499e+09]
[-5.14613870e-05  2.15143039e-03  1.69204499e+09]
[-8.43403688e-05 -1.21866524e-03  1.69204499e+09]
[-1.17219351e-04 -1.44881811e-03  1.69204499e+09]
[-3.50218961e-05 -1.59677353e-03  1.69204499e+09]
[-1.17219351e-04 -1.66253150e-03  1.69204499e+09]
[-5.14613870e-05 -1.67897099e-03  1.69204499e+09]
[-1.00779860e-04 -1.82692641e-03  1.69204499e+09]
[-6.79008779e-05 -1.76116844e-03  1.69204499e+09]
[-2.14291430e-06 -1.87624488e-03  1.69204499e+09]
[-8.43403688e-05  6.07088964e-02  1.69204499e+09]
[-3.50218961e-05  1.48906762e-01  1.69204499e+09]
[-1.50098332e-04  2.05557244e-01  1.69204499e+09]
[-3.50218961e-05  2.52804336e-01  1.69204499e+09]
[-1.17219351e-04  2.79041761e-01  1.69204499e+09]
[-1.33658842e-04  2.83973607e-01  1.69204499e+09]
[-1.17219351e-04  2.81951550e-01  1.69204499e+09]
[-5.14613870e-05  2.78137589e-01  1.69204499e+09]
[-6.79008779e-05  2.62700908e-01  1.69204499e+09]
[-1.00779860e-04  2.17952619e-01  1.69204499e+09]
[-8.43403688e-05  7.88087754e-02  1.69204499e+09]
[-3.50218961e-05  1.08643606e-02  1.69204499e+09]
[-5.14613870e-05 -1.33658842e-04  1.69204499e+09]
[-5.14613870e-05 -5.28206623e-04  1.69204499e+09]
[-8.43403688e-05 -7.58359496e-04  1.69204499e+09]
[-4.92712975e-02 -7.58359496e-04  1.69204499e+09]
[-7.51470567e-02 -8.40556951e-04  1.69204499e+09]
[-1.13746982e-01 -8.40556951e-04  1.69204499e+09]
[-1.14601836e-01 -9.06314914e-04  1.69204499e+09]
[-1.05823148e-01 -9.39193896e-04  1.69204499e+09]
[-1.01861230e-01 -9.88512369e-04  1.69204499e+09]
[-8.06214073e-02 -9.72072878e-04  1.69204499e+09]
[-4.70355267e-02 -1.07070982e-03  1.69204499e+09]
[-2.45298634e-02 -1.03783084e-03  1.69204499e+09]
[-2.94481179e-03  2.83724179e-02  1.69204499e+09]
[-3.50218961e-05  1.78103296e-01  1.69204499e+09]
[-6.79008779e-05  2.81195334e-01  1.69204499e+09]
[-6.79008779e-05  3.39128092e-01  1.69204499e+09]
[-6.79008779e-05  3.58214338e-01  1.69204499e+09]
[-8.43403688e-05  3.62636560e-01  1.69204499e+09]
[-1.17219351e-04  3.59759650e-01  1.69204499e+09]
[-1.00779860e-04  3.51178237e-01  1.69204499e+09]
[-5.14613870e-05  3.42596824e-01  1.69204499e+09]
[-8.43403688e-05  3.37401945e-01  1.69204499e+09]
[-1.17219351e-04  3.32979723e-01  1.69204499e+09]
[-1.00779860e-04  3.25433998e-01  1.69204499e+09]
[-1.33658842e-04  2.88132798e-01  1.69204499e+09]
[-6.79008779e-05  1.54479749e-01  1.69204499e+09]
[-3.50218961e-05  4.31843994e-02  1.69204499e+09]
[-5.14613870e-05  3.10207413e-04  1.69204499e+09]
[-1.85824052e-05 -7.41920005e-04  1.69204499e+09]
[-1.33658842e-04 -1.08714931e-03  1.69204499e+09]
[-8.03583754e-02 -1.53101557e-03  1.69204499e+09]
[-1.42022908e-01 -1.38306015e-03  1.69204499e+09]
[-1.74885451e-01 -1.43237862e-03  1.69204499e+09]
[-2.04772447e-01 -1.48169710e-03  1.69204499e+09]
[-2.12088021e-01 -1.64609201e-03  1.69204499e+09]
[-2.33278526e-01 -1.58033404e-03  1.69204499e+09]
[-2.37437717e-01 -1.66253150e-03  1.69204499e+09]
[-2.34478609e-01 -1.62965251e-03  1.69204499e+09]
[-2.33015494e-01 -1.61321302e-03  1.69204499e+09]
[-2.27393188e-01 -1.66253150e-03  1.69204499e+09]
[-2.29185093e-01 -1.72828946e-03  1.69204499e+09]
[-2.30944118e-01 -1.67897099e-03  1.69204499e+09]
[-2.29152214e-01 -1.72828946e-03  1.69204499e+09]
[-2.28987819e-01 -1.77760793e-03  1.69204499e+09]
[-2.28116526e-01 -1.79404742e-03  1.69204499e+09]
[-2.41909259e-01 -1.76116844e-03  1.69204499e+09]
[-2.52397655e-01 -1.77760793e-03  1.69204499e+09]
[-2.59220044e-01 -1.79404742e-03  1.69204499e+09]
[-2.78322734e-01 -1.84336590e-03  1.69204499e+09]
[-3.02998411e-01 -1.81048691e-03  1.69204499e+09]
[-3.18287139e-01 -1.81048691e-03  1.69204499e+09]
[-3.43077893e-01 -1.84336590e-03  1.69204499e+09]
[-3.75348615e-01 -1.87624488e-03  1.69204499e+09]
[-4.19916078e-01 -1.76116844e-03  1.69204499e+09]
[-4.54471891e-01 -1.84336590e-03  1.69204499e+09]
[-4.54965075e-01 -1.89268437e-03  1.69204499e+09]
[-4.47748138e-01 -1.95844233e-03  1.69204499e+09]
[-4.34958214e-01 -1.82692641e-03  1.69204499e+09]
[-4.17959779e-01 -1.85980539e-03  1.69204499e+09]
[-3.95782904e-01 -1.90912386e-03  1.69204499e+09]
[-3.74904749e-01 -1.85980539e-03  1.69204499e+09]
[-3.50113995e-01 -1.84336590e-03  1.69204499e+09]
[-3.41680536e-01 -1.87624488e-03  1.69204499e+09]
[-3.36962402e-01  8.30666035e-02  1.69204499e+09]
[-3.73211481e-01  1.92274136e-01  1.69204499e+09]
[-3.96391165e-01  2.57193680e-01  1.69204499e+09]
[-4.06616529e-01  3.27193023e-01  1.69204499e+09]
[-4.10841479e-01  3.64477783e-01  1.69204499e+09]
[-4.11088071e-01  3.86128589e-01  1.69204499e+09]
[-4.17039167e-01  3.97899262e-01  1.69204499e+09]
[-4.18600919e-01  4.14568902e-01  1.69204499e+09]
[-4.25176716e-01  4.35660765e-01  1.69204499e+09]
[-4.17532352e-01  4.51705705e-01  1.69204499e+09]
[-4.11762090e-01  4.62111900e-01  1.69204499e+09]
[-4.04610911e-01  4.62309174e-01  1.69204499e+09]
[-3.94434866e-01  4.60484391e-01  1.69204499e+09]
[-3.95059566e-01  4.58939079e-01  1.69204499e+09]
[-4.01717561e-01  4.55157997e-01  1.69204499e+09]
[-4.02473777e-01  4.46527266e-01  1.69204499e+09]
[-4.04939701e-01  4.39474726e-01  1.69204499e+09]
[-4.01717561e-01  4.30893314e-01  1.69204499e+09]
[-3.92051139e-01  4.25287448e-01  1.69204499e+09]
[-3.76400743e-01  4.11083731e-01  1.69204499e+09]
[-3.48798836e-01  3.93838708e-01  1.69204499e+09]
[-3.36551414e-01  3.91290588e-01  1.69204499e+09]
[-3.40398255e-01  3.96436147e-01  1.69204499e+09]
[-3.35367771e-01  3.99050026e-01  1.69204499e+09]
[-3.32079872e-01  4.00463822e-01  1.69204499e+09]
[-3.19865330e-01  4.01926936e-01  1.69204499e+09]
[-3.13010062e-01  4.02568076e-01  1.69204499e+09]
[-3.12040132e-01  4.09390464e-01  1.69204499e+09]
[-3.15952731e-01  4.18941806e-01  1.69204499e+09]
[-3.18780323e-01  4.33572950e-01  1.69204499e+09]
[-3.43603956e-01  4.46938253e-01  1.69204499e+09]
[-3.49949600e-01  4.49667208e-01  1.69204499e+09]
[-3.46661702e-01  4.49387737e-01  1.69204499e+09]
[-3.48124817e-01  4.44669604e-01  1.69204499e+09]
[-3.54667734e-01  4.41776254e-01  1.69204499e+09]
[-3.52284008e-01  4.40970719e-01  1.69204499e+09]
[-3.53188180e-01  4.40576172e-01  1.69204499e+09]
[-3.46300033e-01  4.37370472e-01  1.69204499e+09]
[-3.36567854e-01  4.35200459e-01  1.69204499e+09]
[-3.24945133e-01  4.33145523e-01  1.69204499e+09]
[-3.15821215e-01  4.35775841e-01  1.69204499e+09]
[-3.11316794e-01  4.35052504e-01  1.69204499e+09]
[-3.12829227e-01  4.33244160e-01  1.69204499e+09]
[-3.06089036e-01  4.29117849e-01  1.69204499e+09]
[-2.99546118e-01  4.27506779e-01  1.69204499e+09]
[-2.94449875e-01  4.22936602e-01  1.69204499e+09]
[-2.89222117e-01  4.18004755e-01  1.69204499e+09]
[-2.83846403e-01  4.11889266e-01  1.69204499e+09]
[-2.80673581e-01  4.09571298e-01  1.69204499e+09]
[-2.76941816e-01  4.08930158e-01  1.69204499e+09]
[-2.81101008e-01  4.08913719e-01  1.69204499e+09]
[-2.83205263e-01  4.10442591e-01  1.69204499e+09]
[-2.84421785e-01  4.08075305e-01  1.69204499e+09]
[-2.79769409e-01  4.02699592e-01  1.69204499e+09]
[-2.77780231e-01  3.98425325e-01  1.69204499e+09]
[-2.80492747e-01  3.88775346e-01  1.69204499e+09]
[-3.00351653e-01  3.84501079e-01  1.69204499e+09]
[-3.29268719e-01  3.83761302e-01  1.69204499e+09]
[-3.72800494e-01  3.85503888e-01  1.69204499e+09]
[-3.74921189e-01  3.87394429e-01  1.69204499e+09]
[-3.84965718e-01  3.89432926e-01  1.69204499e+09]
[-3.96473363e-01  3.96222434e-01  1.69204499e+09]
[-4.40909310e-01  4.04195586e-01  1.69204499e+09]
[-4.93647200e-01  4.07039617e-01  1.69204499e+09]
[-5.18437954e-01  4.06891662e-01  1.69204499e+09]
[-5.29008548e-01  4.07236891e-01  1.69204499e+09]
[-5.14492476e-01  4.11116610e-01  1.69204499e+09]
[-5.02442328e-01  4.15686788e-01  1.69204499e+09]
[-4.72686848e-01  4.21407729e-01  1.69204499e+09]
[-4.54784241e-01  4.20585755e-01  1.69204499e+09]
[-4.34399271e-01  4.19221277e-01  1.69204499e+09]
[-4.11022313e-01  4.19007564e-01  1.69204499e+09]
[-3.93136146e-01  4.18004755e-01  1.69204499e+09]
[-3.76696654e-01  4.09209629e-01  1.69204499e+09]
[-3.79376291e-01  4.00102153e-01  1.69204499e+09]
[-3.76482940e-01  3.92194760e-01  1.69204499e+09]
[-3.78357042e-01  3.79700749e-01  1.69204499e+09]
[-3.70235933e-01  3.72861922e-01  1.69204499e+09]
[-3.55621225e-01  3.73486622e-01  1.69204499e+09]
[-3.52284008e-01  3.76708762e-01  1.69204499e+09]
[-3.51560670e-01  3.82068035e-01  1.69204499e+09]
[-3.43456001e-01  3.84139410e-01  1.69204499e+09]
[-3.38820064e-01  3.82922888e-01  1.69204499e+09]
[-3.34118369e-01  3.82084474e-01  1.69204499e+09]
[-3.31964796e-01  3.81213182e-01  1.69204499e+09]
[-3.35647242e-01  3.83153041e-01  1.69204499e+09]
[-3.36929523e-01  3.83942137e-01  1.69204499e+09]
[-3.38770746e-01  3.84155850e-01  1.69204499e+09]
[-3.39411886e-01  3.84977824e-01  1.69204499e+09]
[-3.38836504e-01  3.92129002e-01  1.69204499e+09]
[-3.36403459e-01  4.02272166e-01  1.69204499e+09]
[-3.38655669e-01  4.03094140e-01  1.69204499e+09]
[-3.36091109e-01  4.03521567e-01  1.69204499e+09]
[-3.40464013e-01  4.01877618e-01  1.69204500e+09]
[-3.44508128e-01  4.02173529e-01  1.69204500e+09]
[-3.44771160e-01  4.02732471e-01  1.69204500e+09]
[-3.44804039e-01  3.99970637e-01  1.69204500e+09]
[-3.38474835e-01  3.98310249e-01  1.69204500e+09]
[-3.34677312e-01  3.98195173e-01  1.69204500e+09]
[-3.27772726e-01  4.01154280e-01  1.69204500e+09]
[-3.22709362e-01  4.01137841e-01  1.69204500e+09]
[-3.19914648e-01  3.96830695e-01  1.69204500e+09]
[-3.19372145e-01  3.95795007e-01  1.69204500e+09]
[-3.17925470e-01  3.95219625e-01  1.69204500e+09]
[-3.16856903e-01  3.92112562e-01  1.69204500e+09]
[-3.12862106e-01  3.93509919e-01  1.69204500e+09]
[-3.10560577e-01  3.98671918e-01  1.69204500e+09]
[-3.11037323e-01  4.02206408e-01  1.69204500e+09]
[-3.11398992e-01  4.01072083e-01  1.69204500e+09]
[-3.15722578e-01  3.99641848e-01  1.69204500e+09]
[-3.19240629e-01  3.99510332e-01  1.69204500e+09]
[-3.25339681e-01  3.98096536e-01  1.69204500e+09]
[-3.29268719e-01  3.99740485e-01  1.69204500e+09]
[-3.26112337e-01  3.97422517e-01  1.69204500e+09]
[-3.22232617e-01  3.95005912e-01  1.69204500e+09]
[-3.16166444e-01  3.94019543e-01  1.69204500e+09]
[-3.07535711e-01  3.92786581e-01  1.69204500e+09]
[-2.96471933e-01  3.91487862e-01  1.69204500e+09]
[-2.87479531e-01  3.90961798e-01  1.69204500e+09]
[-2.85588989e-01  3.91668696e-01  1.69204500e+09]
[-2.87101422e-01  3.93838708e-01  1.69204500e+09]
