HokinRight_Hand
Dev2/ai0 Dev2/ai1
[-2.13057951e-01  2.03206397e-01  1.69204501e+09]
[-2.12170219e-01  2.03666702e-01  1.69204501e+09]
[-2.14044321e-01  2.05310651e-01  1.69204501e+09]
[-2.18367907e-01  2.06395658e-01  1.69204501e+09]
[-2.17776085e-01  2.04817467e-01  1.69204501e+09]
[-2.16477365e-01  2.04077689e-01  1.69204501e+09]
[-2.15967741e-01  2.03518747e-01  1.69204501e+09]
[-2.18104875e-01  2.03847537e-01  1.69204501e+09]
[-2.19321398e-01  2.06132626e-01  1.69204501e+09]
[-2.23760060e-01  2.10143861e-01  1.69204501e+09]
[-2.29250851e-01  2.16999128e-01  1.69204501e+09]
[-2.36155437e-01  2.24857204e-01  1.69204501e+09]
[-2.37536354e-01  2.26632669e-01  1.69204501e+09]
[-2.33788150e-01  2.24676370e-01  1.69204501e+09]
[-2.28116526e-01  2.21930975e-01  1.69204501e+09]
[-2.22198309e-01  2.18626638e-01  1.69204501e+09]
[-2.19206321e-01  2.17048447e-01  1.69204501e+09]
[-2.19617308e-01  2.17410115e-01  1.69204501e+09]
[-2.21507850e-01  2.17278600e-01  1.69204501e+09]
[-2.21294137e-01  2.17508752e-01  1.69204501e+09]
[-2.20817391e-01  2.17262160e-01  1.69204501e+09]
[-2.20620117e-01  2.16440186e-01  1.69204501e+09]
[-2.19584429e-01  2.15486695e-01  1.69204501e+09]
[-2.18219952e-01  2.14861995e-01  1.69204501e+09]
[-2.18466544e-01  2.14253734e-01  1.69204501e+09]
[-2.15540314e-01  2.13415320e-01  1.69204501e+09]
[-2.11463320e-01  2.11015154e-01  1.69204502e+09]
[-2.10476951e-01  2.11048033e-01  1.69204502e+09]
[-2.11381123e-01  2.12149479e-01  1.69204502e+09]
[-2.12646964e-01  2.12280995e-01  1.69204502e+09]
[-2.13995002e-01  2.12067281e-01  1.69204502e+09]
[-2.16345850e-01  2.12396071e-01  1.69204502e+09]
[-2.16132136e-01  2.11853568e-01  1.69204502e+09]
[-2.14159397e-01  2.10637046e-01  1.69204502e+09]
[-2.12268856e-01  2.10094543e-01  1.69204502e+09]
[-2.09950887e-01  2.10900078e-01  1.69204502e+09]
[-2.09737174e-01  2.10045224e-01  1.69204502e+09]
[-2.10608467e-01  2.09486282e-01  1.69204502e+09]
[-2.10608467e-01  2.06181944e-01  1.69204502e+09]
[-2.09852250e-01  1.99441753e-01  1.69204502e+09]
[-2.13912805e-01  1.95742868e-01  1.69204502e+09]
[-2.13501817e-01  1.93490658e-01  1.69204502e+09]
[-2.13403180e-01  1.94707180e-01  1.69204502e+09]
[-2.11331805e-01  1.95397639e-01  1.69204502e+09]
[-2.09589218e-01  1.95479836e-01  1.69204502e+09]
[-2.06876702e-01  1.96581282e-01  1.69204502e+09]
[-2.04032670e-01  1.97205983e-01  1.69204502e+09]
[-2.00777651e-01  1.97271741e-01  1.69204502e+09]
[-2.02355842e-01  1.97353938e-01  1.69204502e+09]
[-2.03786078e-01  1.98044397e-01  1.69204502e+09]
[-2.05906772e-01  1.99129403e-01  1.69204502e+09]
[-2.06810944e-01  1.99343116e-01  1.69204502e+09]
[-2.07912390e-01  1.99425314e-01  1.69204502e+09]
[-2.07534282e-01  1.99819862e-01  1.69204502e+09]
[-2.09868690e-01  2.00641836e-01  1.69204502e+09]
[-2.10739983e-01  2.00543199e-01  1.69204502e+09]
[-2.09260429e-01  1.99606148e-01  1.69204502e+09]
[-2.08422014e-01  1.99458193e-01  1.69204502e+09]
[-2.10592027e-01  1.99951378e-01  1.69204502e+09]
[-2.10082403e-01  1.99589709e-01  1.69204502e+09]
[-2.10707104e-01  2.00526760e-01  1.69204502e+09]
[-2.09868690e-01  1.99293798e-01  1.69204502e+09]
[-2.08076785e-01  1.97600531e-01  1.69204502e+09]
[-2.10460511e-01  1.97814244e-01  1.69204502e+09]
[-2.12334614e-01  1.98192352e-01  1.69204502e+09]
[-2.14110079e-01  2.00050015e-01  1.69204502e+09]
[-2.12745601e-01  2.01776161e-01  1.69204502e+09]
[-2.07041097e-01  2.04505116e-01  1.69204502e+09]
[-2.05199874e-01  2.05261333e-01  1.69204502e+09]
[-2.04147747e-01  2.04587314e-01  1.69204502e+09]
[-2.02783269e-01  2.04094129e-01  1.69204502e+09]
[-2.02438040e-01  2.02762530e-01  1.69204502e+09]
[-2.00711893e-01  2.02631014e-01  1.69204502e+09]
[-2.00350224e-01  2.01628206e-01  1.69204502e+09]
[-2.03079180e-01  2.01463811e-01  1.69204502e+09]
[-2.03177817e-01  2.00855550e-01  1.69204502e+09]
[-2.02553116e-01  1.99770543e-01  1.69204502e+09]
[-2.01928415e-01  2.01578887e-01  1.69204502e+09]
[-2.00004995e-01  2.02187148e-01  1.69204502e+09]
[-1.98048695e-01  2.01315855e-01  1.69204502e+09]
[-1.94349810e-01  1.97995078e-01  1.69204502e+09]
[-1.97078765e-01  1.97666289e-01  1.69204502e+09]
[-1.97950058e-01  1.97255301e-01  1.69204502e+09]
