HokinRight_Hand
Dev2/ai0 Dev2/ai1
[-3.78373482e-01  4.34214090e-01  1.69204505e+09]
[-3.86461712e-01  4.31090587e-01  1.69204505e+09]
[-3.81513425e-01  4.28575346e-01  1.69204505e+09]
[-3.59583143e-01  4.17034826e-01  1.69204505e+09]
[-3.36387019e-01  4.07286209e-01  1.69204505e+09]
[-3.24846496e-01  4.04590133e-01  1.69204505e+09]
[-3.27838484e-01  4.07746515e-01  1.69204505e+09]
[-3.55802059e-01  4.17692405e-01  1.69204505e+09]
[-3.86806941e-01  4.27638295e-01  1.69204505e+09]
[-4.07997447e-01  4.35447052e-01  1.69204505e+09]
[-4.29467423e-01  4.47020451e-01  1.69204505e+09]
[-4.53025215e-01  4.68704134e-01  1.69204505e+09]
[-5.01176488e-01  4.88957582e-01  1.69204505e+09]
[-5.19884630e-01  5.11298845e-01  1.69204505e+09]
[-5.02787558e-01  5.06958820e-01  1.69204505e+09]
[-4.83043728e-01  4.97341721e-01  1.69204505e+09]
[-4.79953103e-01  4.88217806e-01  1.69204505e+09]
[-4.64763013e-01  4.75016897e-01  1.69204505e+09]
[-4.58269413e-01  4.64660021e-01  1.69204505e+09]
[-4.28070066e-01  4.41825573e-01  1.69204505e+09]
[-3.84735565e-01  4.01483070e-01  1.69204505e+09]
[-3.36156866e-01  3.45095626e-01  1.69204505e+09]
[-3.21377763e-01  2.95612765e-01  1.69204505e+09]
[-3.19240629e-01  2.93837301e-01  1.69204505e+09]
[-3.29465993e-01  3.09273981e-01  1.69204505e+09]
[-3.34858147e-01  3.21324126e-01  1.69204505e+09]
[-3.33838898e-01  3.31138500e-01  1.69204505e+09]
[-3.33164879e-01  3.31615246e-01  1.69204505e+09]
[-3.36107548e-01  3.28590380e-01  1.69204505e+09]
[-3.38113166e-01  3.22031024e-01  1.69204505e+09]
[-3.27756286e-01  3.19285629e-01  1.69204505e+09]
[-3.28923490e-01  3.22540648e-01  1.69204505e+09]
[-3.29285159e-01  3.23263985e-01  1.69204505e+09]
[-3.33641624e-01  3.22047463e-01  1.69204505e+09]
[-3.30945548e-01  3.21455642e-01  1.69204505e+09]
[-3.16626750e-01  3.16885464e-01  1.69204505e+09]
[-3.03458717e-01  3.12545439e-01  1.69204505e+09]
[-2.98576188e-01  3.10079515e-01  1.69204505e+09]
[-2.96965118e-01  2.96434740e-01  1.69204505e+09]
[-3.01864086e-01  2.92998887e-01  1.69204505e+09]
[-3.13108699e-01  2.82214582e-01  1.69204505e+09]
[-3.15278712e-01  2.82329658e-01  1.69204505e+09]
[-3.14818406e-01  2.86340894e-01  1.69204505e+09]
[-3.09870119e-01  2.87343702e-01  1.69204505e+09]
[-3.01929844e-01  2.85124371e-01  1.69204505e+09]
[-2.94351238e-01  2.81376168e-01  1.69204505e+09]
[-2.86723314e-01  2.77693722e-01  1.69204505e+09]
[-2.79276224e-01  2.75638786e-01  1.69204505e+09]
[-2.84553301e-01  2.76296366e-01  1.69204505e+09]
[-2.89698862e-01  2.78745850e-01  1.69204505e+09]
[-2.92740168e-01  2.82428295e-01  1.69204505e+09]
[-2.89468709e-01  2.85272327e-01  1.69204505e+09]
[-2.96899360e-01  2.97585504e-01  1.69204505e+09]
[-3.09409813e-01  3.11180961e-01  1.69204505e+09]
[-3.22824438e-01  3.45687448e-01  1.69204505e+09]
[-3.35811637e-01  3.67371133e-01  1.69204505e+09]
[-3.47072689e-01  3.80128175e-01  1.69204505e+09]
[-3.49193384e-01  3.82561220e-01  1.69204505e+09]
[-3.41992886e-01  3.80900831e-01  1.69204505e+09]
[-3.38491274e-01  3.79914462e-01  1.69204505e+09]
[-3.38787185e-01  3.82511901e-01  1.69204505e+09]
[-3.36847325e-01  3.98836313e-01  1.69204505e+09]
[-3.30271528e-01  4.45376502e-01  1.69204505e+09]
[-3.34562236e-01  4.50538501e-01  1.69204506e+09]
[-3.47319282e-01  4.58955519e-01  1.69204506e+09]
[-3.56393881e-01  4.58528092e-01  1.69204506e+09]
[-3.65501360e-01  4.59103474e-01  1.69204506e+09]
[-3.67622054e-01  4.58593850e-01  1.69204506e+09]
[-3.65419162e-01  4.53925035e-01  1.69204506e+09]
[-3.47845345e-01  4.43601037e-01  1.69204506e+09]
[-3.29548191e-01  4.27967085e-01  1.69204506e+09]
[-3.22528528e-01  4.16114214e-01  1.69204506e+09]
[-3.25027330e-01  4.15571711e-01  1.69204506e+09]
[-3.41844931e-01  4.24860022e-01  1.69204506e+09]
[-3.64942417e-01  4.35512810e-01  1.69204506e+09]
[-3.88220738e-01  4.48532884e-01  1.69204506e+09]
[-4.19948957e-01  4.78469190e-01  1.69204506e+09]
[-4.55984324e-01  5.34823750e-01  1.69204506e+09]
[-4.73706096e-01  5.55159395e-01  1.69204506e+09]
[-4.79081810e-01  5.64381946e-01  1.69204506e+09]
[-4.76336415e-01  5.62754437e-01  1.69204506e+09]
[-4.66637115e-01  5.60781699e-01  1.69204506e+09]
[-4.48701629e-01  5.62820195e-01  1.69204506e+09]
[-4.23236856e-01  5.62162616e-01  1.69204506e+09]
[-4.02095669e-01  5.48846632e-01  1.69204506e+09]
[-3.91459318e-01  5.38276042e-01  1.69204506e+09]
[-3.86100043e-01  5.30483726e-01  1.69204506e+09]
[-3.92462127e-01  5.25469682e-01  1.69204506e+09]
[-3.92856674e-01  5.21852995e-01  1.69204506e+09]
[-3.98807771e-01  5.21063900e-01  1.69204506e+09]
[-4.09394803e-01  5.17660926e-01  1.69204506e+09]
[-4.11416861e-01  5.16723876e-01  1.69204506e+09]
[-4.05695918e-01  5.14586742e-01  1.69204506e+09]
