HokinRight_Hand
Dev2/ai0 Dev2/ai1
[-2.62162713e-01  7.04755195e-04  1.69204506e+09]
[-2.75462262e-01  8.36271122e-04  1.69204506e+09]
[-2.73127854e-01  7.70513158e-04  1.69204506e+09]
[-2.61866802e-01  8.69150104e-04  1.69204506e+09]
[-2.49405668e-01  8.69150104e-04  1.69204506e+09]
[-2.31305787e-01  7.86952649e-04  1.69204506e+09]
[-1.93790867e-01  7.49948136e-02  1.69204506e+09]
[-7.87473053e-02  2.46195661e-01  1.69204506e+09]
[-1.03097037e-02  3.40081582e-01  1.69204506e+09]
[-1.00779860e-04  3.84862748e-01  1.69204506e+09]
[-1.17219351e-04  4.03850356e-01  1.69204506e+09]
[-6.79008779e-05  3.97027969e-01  1.69204506e+09]
[-1.00779860e-04  3.87969811e-01  1.69204506e+09]
[-1.00779860e-04  3.76725201e-01  1.69204506e+09]
[-6.79008779e-05  3.64264069e-01  1.69204506e+09]
[-1.33658842e-04  3.45703887e-01  1.69204506e+09]
[-1.50098332e-04  3.01317268e-01  1.69204506e+09]
[-6.10404078e-04  2.56749813e-01  1.69204506e+09]
[-1.33658842e-04  2.02762530e-01  1.69204506e+09]
[-8.43403688e-05  2.08878020e-01  1.69204506e+09]
[-3.50218961e-05  2.05623001e-01  1.69204506e+09]
[-1.85824052e-05  1.48939641e-01  1.69204506e+09]
[-1.17219351e-04  6.68079474e-02  1.69204506e+09]
[-1.17219351e-04  1.57962078e-02  1.69204506e+09]
[-3.50218961e-05  3.86113745e-03  1.69204506e+09]
[-1.33658842e-04  3.31863425e-03  1.69204506e+09]
[-7.24345406e-02  3.20355781e-03  1.69204506e+09]
[-1.34016875e-01  3.23643679e-03  1.69204506e+09]
[-1.61585903e-01  3.31863425e-03  1.69204506e+09]
[-1.67652075e-01  3.35151323e-03  1.69204506e+09]
[-1.33704525e-01  1.48791685e-01  1.69204506e+09]
[-8.53888598e-02  2.40524038e-01  1.69204506e+09]
[-4.21036794e-02  3.08517764e-01  1.69204506e+09]
[-1.99925639e-02  3.47282078e-01  1.69204506e+09]
[-1.28742643e-02  3.60959732e-01  1.69204506e+09]
[-9.01098394e-03  3.63803764e-01  1.69204506e+09]
[-1.26769904e-02  3.55616899e-01  1.69204506e+09]
[-1.71649715e-02  3.50093231e-01  1.69204506e+09]
[-2.11268888e-02  3.44125696e-01  1.69204506e+09]
[-2.88863286e-02  3.41281665e-01  1.69204506e+09]
[-3.09083860e-02  3.40426811e-01  1.69204506e+09]
[-3.12371758e-02  3.40015824e-01  1.69204506e+09]
[-3.26509720e-02  3.40952875e-01  1.69204506e+09]
[-3.55443225e-02  3.43320161e-01  1.69204506e+09]
[-4.16762526e-02  3.46739575e-01  1.69204506e+09]
[-4.54408961e-02  3.46739575e-01  1.69204506e+09]
[-4.37805075e-02  3.42695461e-01  1.69204506e+09]
[-4.02131379e-02  3.36399137e-01  1.69204506e+09]
[-3.60375072e-02  3.25105208e-01  1.69204506e+09]
[-3.35058256e-02  3.10391866e-01  1.69204506e+09]
[-2.89849655e-02  2.96188147e-01  1.69204506e+09]
[-2.64368444e-02  2.28638287e-01  1.69204506e+09]
[-2.07323410e-02  1.25875036e-01  1.69204506e+09]
[-3.50218961e-05  3.42084375e-02  1.69204506e+09]
[-3.50218961e-05  4.61735403e-03  1.69204506e+09]
[-7.05604386e-02  4.00909286e-03  1.69204506e+09]
[-1.73784006e-01  3.84469796e-03  1.69204506e+09]
[-2.31733214e-01  3.86113745e-03  1.69204506e+09]
[-2.78700842e-01  3.82825846e-03  1.69204506e+09]
[-3.03014851e-01  3.86113745e-03  1.69204506e+09]
[-3.22709362e-01  3.87757694e-03  1.69204506e+09]
[-3.27871363e-01  4.91326486e-03  1.69204506e+09]
[-3.31734643e-01  5.83387635e-03  1.69204506e+09]
[-3.40907880e-01  6.22842413e-03  1.69204506e+09]
[-3.47039810e-01  5.86675533e-03  1.69204506e+09]
[-3.46053441e-01  5.39001010e-03  1.69204506e+09]
[-3.40151663e-01  5.66948144e-03  1.69204506e+09]
[-3.33427911e-01  5.55440501e-03  1.69204506e+09]
[-3.31257898e-01  5.19273621e-03  1.69204506e+09]
[-3.19372145e-01  8.62858980e-03  1.69204506e+09]
[-3.11382552e-01  1.80319786e-02  1.69204506e+09]
[-3.10741412e-01  2.15500296e-02  1.69204506e+09]
[-3.05415016e-01  1.80648575e-02  1.69204506e+09]
[-2.92312741e-01  9.79579365e-03  1.69204506e+09]
[-2.73242931e-01  6.11334770e-03  1.69204506e+09]
[-2.43027145e-01  4.15704828e-03  1.69204506e+09]
[-2.35201947e-01  3.51590814e-03  1.69204506e+09]
[-2.33656634e-01  4.02553236e-03  1.69204506e+09]
[-2.32719583e-01  3.72962152e-03  1.69204506e+09]
[-2.14110079e-01  3.20355781e-03  1.69204506e+09]
[-1.64955998e-01  2.97340494e-03  1.69204506e+09]
[-8.09995156e-02  3.02272341e-03  1.69204506e+09]
[-2.74725323e-02  6.17910566e-03  1.69204506e+09]
[-1.04905381e-02  6.83532595e-02  1.69204506e+09]
[-7.38347434e-03  1.11572680e-01  1.69204506e+09]
[-1.16934677e-03  1.24625635e-01  1.69204506e+09]
[-5.09838510e-03  1.04076272e-01  1.69204506e+09]
[-2.36421309e-02  5.53331830e-02  1.69204506e+09]
[-1.12596218e-01  1.00423860e-02  1.69204506e+09]
[-1.80146089e-01  5.62016297e-03  1.69204506e+09]
[-2.33031934e-01  4.20636676e-03  1.69204506e+09]
[-2.47449368e-01  4.00909286e-03  1.69204506e+09]
[-2.48698769e-01  3.97621388e-03  1.69204506e+09]
[-2.33771711e-01  3.94333490e-03  1.69204506e+09]
[-2.25782118e-01  3.92689541e-03  1.69204506e+09]
[-2.16345850e-01  3.92689541e-03  1.69204506e+09]
[-1.86080745e-01  3.94333490e-03  1.69204506e+09]
[-1.29939881e-01  3.94333490e-03  1.69204506e+09]
[-6.07625019e-02  3.91045592e-03  1.69204506e+09]
[-2.73738954e-02  3.94333490e-03  1.69204506e+09]
[-4.50956668e-02  4.02553236e-03  1.69204506e+09]
[-9.77349178e-02  3.94333490e-03  1.69204506e+09]
[-1.32241410e-01  4.02553236e-03  1.69204506e+09]
[-1.42861322e-01  3.94333490e-03  1.69204506e+09]
[-1.53514112e-01  3.99265337e-03  1.69204506e+09]
[-1.60172106e-01  4.00909286e-03  1.69204506e+09]
[-1.67060253e-01  4.04197185e-03  1.69204506e+09]
[-1.77039025e-01  3.97621388e-03  1.69204506e+09]
[-1.70381031e-01  4.10772981e-03  1.69204506e+09]
[-1.46428691e-01  4.07485083e-03  1.69204506e+09]
[-1.07483536e-01  4.07485083e-03  1.69204506e+09]
[-6.25544064e-02  4.02553236e-03  1.69204506e+09]
[-3.68923607e-02  4.02553236e-03  1.69204506e+09]
[-1.48963217e-02  4.02553236e-03  1.69204506e+09]
[-2.27079266e-03  4.31350809e-02  1.69204506e+09]
[-8.43403688e-05  1.22176151e-01  1.69204506e+09]
[-6.79008779e-05  1.66743608e-01  1.69204506e+09]
[-1.50098332e-04  2.00855550e-01  1.69204506e+09]
[-6.92601532e-04  2.08795823e-01  1.69204506e+09]
[-2.32295787e-04  2.03025562e-01  1.69204506e+09]
[-1.13646779e-03  1.89183512e-01  1.69204506e+09]
[-4.72027681e-03  1.39092386e-01  1.69204506e+09]
[-7.26839790e-03  6.48680875e-02  1.69204506e+09]
[-5.36141695e-03  3.01643228e-02  1.69204506e+09]
[-3.15852517e-03  8.44775540e-03  1.69204506e+09]
[-2.61602197e-03  6.44213751e-03  1.69204506e+09]
[-1.48169710e-03  2.36049659e-02  1.69204506e+09]
[-1.33658842e-04  4.31350809e-02  1.69204506e+09]
[-6.79008779e-05  3.51619279e-02  1.69204506e+09]
[-1.00779860e-04  2.04650232e-02  1.69204506e+09]
[-8.43403688e-05  3.58852655e-02  1.69204506e+09]
[-7.25480514e-04  1.03599527e-01  1.69204506e+09]
[-2.46806655e-03  1.39355418e-01  1.69204506e+09]
[-2.65174769e-04  1.12559049e-01  1.69204506e+09]
[-1.85824052e-05  4.65873740e-02  1.69204506e+09]
[-5.14613870e-05  7.37918849e-03  1.69204506e+09]
[-6.79008779e-05  6.60653242e-03  1.69204506e+09]
[-6.79008779e-05  6.29418210e-03  1.69204506e+09]
[-1.85824052e-05  6.29418210e-03  1.69204506e+09]
[-6.10404078e-04  6.17910566e-03  1.69204507e+09]
[-5.14613870e-05  6.29418210e-03  1.69204507e+09]
[-8.43403688e-05  6.12978719e-03  1.69204507e+09]
[-6.79008779e-05  7.14438837e-02  1.69204507e+09]
[-6.79008779e-05  8.27871321e-02  1.69204507e+09]
[-8.43403688e-05  7.23809347e-02  1.69204507e+09]
[-5.14613870e-05  4.56832020e-02  1.69204507e+09]
[-3.50218961e-05  1.02560994e-02  1.69204507e+09]
[-5.14613870e-05  6.42569802e-03  1.69204507e+09]
[-6.79008779e-05  5.88319482e-03  1.69204507e+09]
[-8.43403688e-05  5.60372348e-03  1.69204507e+09]
[-8.43403688e-05  5.42288908e-03  1.69204507e+09]
[-3.50218961e-05  5.37357061e-03  1.69204507e+09]
[-6.79008779e-05  5.25849417e-03  1.69204507e+09]
[-1.00779860e-04  5.22561519e-03  1.69204507e+09]
[-8.43403688e-05  5.19273621e-03  1.69204507e+09]
[-7.48840249e-02  5.11053875e-03  1.69204507e+09]
[-1.88513790e-01  5.12697824e-03  1.69204507e+09]
