HokinRight_Hand
Dev2/ai0 Dev2/ai1
[-1.66336916e-01  1.49413543e-02  1.69204510e+09]
[-1.70627623e-01  3.38439221e-03  1.69204510e+09]
[-1.96141714e-01  3.10492087e-03  1.69204510e+09]
[-2.26209545e-01  2.94052596e-03  1.69204510e+09]
[-2.53499101e-01  2.85832850e-03  1.69204510e+09]
[-2.52775763e-01  2.90764697e-03  1.69204510e+09]
[-2.33508679e-01  2.90764697e-03  1.69204510e+09]
[-2.18384347e-01  2.89120748e-03  1.69204510e+09]
[-2.00580377e-01  1.11934348e-01  1.69204510e+09]
[-1.63427126e-01  2.88050600e-01  1.69204510e+09]
[-1.16262225e-01  3.74982616e-01  1.69204510e+09]
[-6.39188842e-02  4.17018386e-01  1.69204510e+09]
[-2.41874808e-03  4.39770637e-01  1.69204510e+09]
[-1.85824052e-05  4.45672413e-01  1.69204510e+09]
[-1.85824052e-05  4.59448703e-01  1.69204510e+09]
[-1.00779860e-04  4.73504465e-01  1.69204510e+09]
[-3.50218961e-05  4.75345687e-01  1.69204510e+09]
[-1.17219351e-04  4.67504052e-01  1.69204510e+09]
[-1.00779860e-04  4.48861673e-01  1.69204510e+09]
[-8.43403688e-05  3.68308183e-01  1.69204510e+09]
[-2.14291431e-06  1.35738730e-01  1.69204510e+09]
[-3.50218961e-05  4.08844358e-04  1.69204510e+09]
[1.42965766e-05 1.44453229e-03 1.69204510e+09]
[-1.00779860e-04  1.85551956e-03  1.69204510e+09]
[-8.43403688e-05  2.15143039e-03  1.69204510e+09]
[-5.97761324e-02  2.20074887e-03  1.69204510e+09]
[-1.10130294e-01  2.36514378e-03  1.69204510e+09]
[-1.56851329e-01  2.41446225e-03  1.69204510e+09]
[-2.00613256e-01  2.54597818e-03  1.69204510e+09]
[-2.26012271e-01  2.67749410e-03  1.69204510e+09]
[-2.35941724e-01  2.64461512e-03  1.69204510e+09]
[-2.36829456e-01  2.66105461e-03  1.69204510e+09]
[-2.18680257e-01  2.75969156e-03  1.69204510e+09]
[-2.01813339e-01  2.80901003e-03  1.69204510e+09]
[-1.93347001e-01  2.82544952e-03  1.69204510e+09]
[-1.96618459e-01  2.82544952e-03  1.69204510e+09]
[-1.92130478e-01  2.89120748e-03  1.69204510e+09]
[-1.97933619e-01  2.87476799e-03  1.69204510e+09]
[-2.12400372e-01  2.92408647e-03  1.69204510e+09]
[-2.47268534e-01  2.90764697e-03  1.69204510e+09]
[-2.92690850e-01  2.97340494e-03  1.69204510e+09]
[-3.45165708e-01  2.90764697e-03  1.69204510e+09]
[-3.58284423e-01  2.92408647e-03  1.69204510e+09]
[-3.58284423e-01  3.56522661e-03  1.69204510e+09]
[-3.46184957e-01  4.17348777e-03  1.69204510e+09]
[-3.34578675e-01  4.04197185e-03  1.69204510e+09]
[-3.35976032e-01  4.46939861e-03  1.69204510e+09]
[-3.46760339e-01  4.40364065e-03  1.69204510e+09]
[-3.48618001e-01  3.64742406e-03  1.69204510e+09]
[-3.17991228e-01  3.41727119e-03  1.69204510e+09]
[-2.59696789e-01  3.31863425e-03  1.69204510e+09]
[-1.89105612e-01  3.18711832e-03  1.69204510e+09]
[-1.46642405e-01  3.25287628e-03  1.69204510e+09]
[-1.34542939e-01  3.21999730e-03  1.69204510e+09]
[-1.56473221e-01  3.26931577e-03  1.69204510e+09]
[-1.59498087e-01  3.26931577e-03  1.69204510e+09]
[-1.56966406e-01  3.40083170e-03  1.69204510e+09]
[-1.54451163e-01  3.25287628e-03  1.69204510e+09]
[-1.64955998e-01  3.35151323e-03  1.69204510e+09]
[-2.16197894e-01  3.36795272e-03  1.69204510e+09]
[-2.61817484e-01  3.43371068e-03  1.69204511e+09]
[-3.03064169e-01  3.38439221e-03  1.69204511e+09]
[-3.54355384e-01  3.40083170e-03  1.69204511e+09]
[-3.55456830e-01  3.35151323e-03  1.69204511e+09]
[-3.41187351e-01  3.35151323e-03  1.69204511e+09]
[-3.16150005e-01  3.28575527e-03  1.69204511e+09]
[-2.98888538e-01  3.33507374e-03  1.69204511e+09]
[-2.84503983e-01  3.40083170e-03  1.69204511e+09]
[-2.69889274e-01  3.36795272e-03  1.69204511e+09]
[-2.55389643e-01  3.36795272e-03  1.69204511e+09]
[-2.47120578e-01  3.41727119e-03  1.69204511e+09]
[-2.33755271e-01  3.41727119e-03  1.69204511e+09]
[-2.24993022e-01  3.51590814e-03  1.69204511e+09]
[-2.17808964e-01  3.43371068e-03  1.69204511e+09]
[-2.14701900e-01  3.58166610e-03  1.69204511e+09]
[-2.11282486e-01  3.38439221e-03  1.69204511e+09]
[-2.10542709e-01  3.53234763e-03  1.69204511e+09]
[-2.13320983e-01  3.48302916e-03  1.69204511e+09]
[-2.23661423e-01  3.49946865e-03  1.69204511e+09]
[-2.39640609e-01  3.48302916e-03  1.69204511e+09]
[-2.42583278e-01  3.56522661e-03  1.69204511e+09]
[-2.31256469e-01  3.49946865e-03  1.69204511e+09]
[-2.02618874e-01  3.45015017e-03  1.69204511e+09]
[-1.30959130e-01  3.51590814e-03  1.69204511e+09]
[-5.13919919e-02  3.45015017e-03  1.69204511e+09]
[-5.22990103e-03  3.45015017e-03  1.69204511e+09]
[-5.14613870e-05  8.71929156e-02  1.69204511e+09]
[-8.43403688e-05  1.06986062e-01  1.69204511e+09]
[-5.14613870e-05  9.55606162e-02  1.69204511e+09]
[-6.79008779e-05  4.67682083e-02  1.69204511e+09]
[-8.43403688e-05  8.38199744e-03  1.69204511e+09]
[-2.14291431e-06  7.52714391e-03  1.69204511e+09]
[-8.26599042e-02  7.23123308e-03  1.69204511e+09]
[-1.79356993e-01  1.08479211e-02  1.69204511e+09]
[-2.25634162e-01  7.69153882e-03  1.69204511e+09]
[-2.48846725e-01  8.13540507e-03  1.69204511e+09]
[-2.69396090e-01  7.74085729e-03  1.69204511e+09]
[-2.73144294e-01  7.18191460e-03  1.69204511e+09]
[-2.74821122e-01  8.15184456e-03  1.69204511e+09]
[-2.80344791e-01  9.33548791e-03  1.69204511e+09]
[-2.72338759e-01  1.13904243e-02  1.69204511e+09]
[-2.65302656e-01  1.34124816e-02  1.69204511e+09]
[-2.53926528e-01  1.31658893e-02  1.69204511e+09]
[-2.21228379e-01  1.24754307e-02  1.69204511e+09]
[-1.67043814e-01  1.37083925e-02  1.69204511e+09]
[-1.32257850e-01  1.38892269e-02  1.69204511e+09]
[-1.24514849e-01  1.37412715e-02  1.69204511e+09]
[-1.12514021e-01  1.18507300e-02  1.69204511e+09]
[-8.30051335e-02  9.51632231e-03  1.69204511e+09]
[-2.88370101e-02  7.26411206e-03  1.69204511e+09]
[-2.14291431e-06  7.16547511e-03  1.69204511e+09]
[-6.79008779e-05  7.24767257e-03  1.69204511e+09]
[-1.00779860e-04  1.58455263e-02  1.69204511e+09]
[-6.79008779e-05  4.53215332e-02  1.69204511e+09]
[-2.14291431e-06  6.98656926e-02  1.69204511e+09]
[-8.43403688e-05  1.04585896e-01  1.69204511e+09]
[-1.50098332e-04  1.31859011e-01  1.69204511e+09]
[-5.14613870e-05  1.37152526e-01  1.69204511e+09]
[-8.43403688e-05  1.19841743e-01  1.69204511e+09]
[-1.17219351e-04  5.41495396e-02  1.69204511e+09]
[-6.79008779e-05  1.20808829e-02  1.69204511e+09]
[-8.43403688e-05  8.18472355e-03  1.69204511e+09]
[-1.50098332e-04  7.95457067e-03  1.69204511e+09]
[-5.14613870e-05  7.92169169e-03  1.69204511e+09]
[-5.14613870e-05  7.83949424e-03  1.69204511e+09]
[-1.85824052e-05  7.69153882e-03  1.69204511e+09]
[-6.79008779e-05  7.65865984e-03  1.69204511e+09]
[-5.14613870e-05  5.33604441e-02  1.69204511e+09]
[-5.14613870e-05  9.75497945e-02  1.69204511e+09]
[-8.43403688e-05  1.06492877e-01  1.69204511e+09]
[-5.14613870e-05  2.05047619e-01  1.69204511e+09]
[-8.43403688e-05  2.99525364e-01  1.69204511e+09]
[-1.85824052e-05  3.50438460e-01  1.69204511e+09]
[-8.43403688e-05  3.94644243e-01  1.69204511e+09]
[-1.85824052e-05  4.02387242e-01  1.69204511e+09]
[-8.43403688e-05  3.79141806e-01  1.69204511e+09]
[-5.14613870e-05  2.94429122e-01  1.69204511e+09]
[-6.79008779e-05  1.06706591e-01  1.69204511e+09]
[-5.14613870e-05  3.28768387e-02  1.69204511e+09]
[-6.79008779e-05  7.52714391e-03  1.69204511e+09]
[-6.79008779e-05  7.18191460e-03  1.69204511e+09]
[-1.00779860e-04  7.01751970e-03  1.69204511e+09]
[-5.14613870e-05  6.86956428e-03  1.69204511e+09]
[-8.43403688e-05  4.39899344e-02  1.69204511e+09]
[-1.17219351e-04  1.52753602e-01  1.69204511e+09]
[-5.14613870e-05  2.43055719e-01  1.69204511e+09]
[-1.00779860e-04  2.68405411e-01  1.69204511e+09]
[-6.79008779e-05  2.57670425e-01  1.69204511e+09]
[-6.79008779e-05  1.87276531e-01  1.69204511e+09]
[-1.00779860e-04  4.91026160e-02  1.69204511e+09]
[-5.14613870e-05  9.10533503e-03  1.69204511e+09]
[-6.79008779e-05  6.96820122e-03  1.69204511e+09]
[-6.79008779e-05  6.83668530e-03  1.69204511e+09]
[-5.14613870e-05  6.93532224e-03  1.69204511e+09]
[-3.50218961e-05  9.94374907e-03  1.69204511e+09]
[-1.85824052e-05  7.42385971e-02  1.69204511e+09]
[-1.00779860e-04  1.38664959e-01  1.69204511e+09]
[-3.50218961e-05  1.73878347e-01  1.69204511e+09]
[-3.50218961e-05  1.69883551e-01  1.69204511e+09]
[-5.14613870e-05  1.34374253e-01  1.69204511e+09]
[-7.14646107e-02  5.90649473e-02  1.69204511e+09]
[-2.51066056e-01  1.16863351e-02  1.69204511e+09]
[-3.71041469e-01  7.46138595e-03  1.69204511e+09]
[-3.99909217e-01  7.46138595e-03  1.69204511e+09]
[-3.81579183e-01  7.42850697e-03  1.69204511e+09]
[-3.55752741e-01  7.44494646e-03  1.69204511e+09]
[-3.41138033e-01  7.46138595e-03  1.69204511e+09]
[-3.14275903e-01  7.51070442e-03  1.69204511e+09]
[-2.84914970e-01  7.36274900e-03  1.69204511e+09]
[-2.69609803e-01  7.47782544e-03  1.69204511e+09]
[-2.59466637e-01  7.49426493e-03  1.69204511e+09]
[-2.60025579e-01  7.51070442e-03  1.69204511e+09]
[-2.65598567e-01  7.49426493e-03  1.69204511e+09]
[-2.71927771e-01  7.44494646e-03  1.69204511e+09]
[-2.75873249e-01  7.39562799e-03  1.69204511e+09]
[-2.82679199e-01  7.44494646e-03  1.69204511e+09]
[-2.96948678e-01  7.42850697e-03  1.69204511e+09]
[-3.03935462e-01  8.62858980e-03  1.69204511e+09]
[-3.16117126e-01  1.19493670e-02  1.69204511e+09]
[-3.15541744e-01  1.16863351e-02  1.69204511e+09]
[-3.08012456e-01  1.03547363e-02  1.69204511e+09]
[-3.05957520e-01  9.40124587e-03  1.69204511e+09]
[-3.05382137e-01  9.26972994e-03  1.69204511e+09]
[-3.01370901e-01  9.99306754e-03  1.69204511e+09]
[-2.91014022e-01  9.51632231e-03  1.69204511e+09]
[-2.81199645e-01  8.13540507e-03  1.69204511e+09]
[-2.60863993e-01  7.67509933e-03  1.69204511e+09]
[-2.23332634e-01  7.65865984e-03  1.69204511e+09]
[-1.48253475e-01  7.62578086e-03  1.69204511e+09]
[-4.68875713e-02  7.67509933e-03  1.69204511e+09]
[-5.14613870e-05  7.65865984e-03  1.69204511e+09]
[-6.79008779e-05  7.60934137e-03  1.69204511e+09]
[-5.14613870e-05  7.62578086e-03  1.69204511e+09]
[-5.13755524e-02  7.70797831e-03  1.69204511e+09]
[-8.09666366e-02  7.72441780e-03  1.69204511e+09]
[-8.03748149e-02  7.72441780e-03  1.69204511e+09]
[-5.90363553e-02  7.67509933e-03  1.69204511e+09]
[-7.67252479e-02  7.64222035e-03  1.69204511e+09]
[-1.14322365e-01  7.64222035e-03  1.69204511e+09]
[-1.21358467e-01  7.67509933e-03  1.69204511e+09]
[-9.19646563e-02  7.70797831e-03  1.69204511e+09]
[-3.75170614e-02  7.67509933e-03  1.69204511e+09]
[-1.36797994e-02  3.92882401e-02  1.69204511e+09]
[-8.43403688e-05  8.77682977e-02  1.69204511e+09]
[-1.85824052e-05  1.34094781e-01  1.69204511e+09]
[-3.50218961e-05  1.98767734e-01  1.69204511e+09]
[-6.79008779e-05  2.57473151e-01  1.69204511e+09]
[-1.17219351e-04  2.74290748e-01  1.69204511e+09]
[-6.79008779e-05  2.71775506e-01  1.69204511e+09]
[-3.50218961e-05  2.64722966e-01  1.69204511e+09]
[-8.43403688e-05  2.61336431e-01  1.69204511e+09]
[-8.43403688e-05  2.55434654e-01  1.69204511e+09]
[-1.00779860e-04  2.43910572e-01  1.69204511e+09]
[-3.50218961e-05  1.95989461e-01  1.69204511e+09]
[-3.50218961e-05  5.30316543e-02  1.69204511e+09]
[-8.43403688e-05  8.31623947e-03  1.69204511e+09]
[-3.13193732e-02  7.75729678e-03  1.69204511e+09]
[-1.11330377e-01  7.62578086e-03  1.69204511e+09]
[-1.80343363e-01  7.46138595e-03  1.69204511e+09]
[-2.19452913e-01  7.44494646e-03  1.69204511e+09]
[-2.45230037e-01  7.41206748e-03  1.69204511e+09]
[-2.66141070e-01  7.41206748e-03  1.69204511e+09]
[-2.78355613e-01  7.46138595e-03  1.69204511e+09]
[-2.77385683e-01  7.44494646e-03  1.69204511e+09]
[-2.73785434e-01  7.44494646e-03  1.69204511e+09]
[-2.63477873e-01  7.37918849e-03  1.69204511e+09]
[-2.49191954e-01  7.36274900e-03  1.69204511e+09]
[-2.40035157e-01  7.34630951e-03  1.69204511e+09]
[-2.37684310e-01  7.31343053e-03  1.69204511e+09]
[-2.31108513e-01  7.34630951e-03  1.69204511e+09]
[-2.18828213e-01  7.28055155e-03  1.69204511e+09]
[-1.89533039e-01  7.31343053e-03  1.69204511e+09]
[-1.41957150e-01  7.24767257e-03  1.69204511e+09]
[-1.23939467e-01  7.19835409e-03  1.69204511e+09]
[-1.49009692e-01  7.23123308e-03  1.69204511e+09]
[-1.91489338e-01  7.26411206e-03  1.69204511e+09]
[-2.22527098e-01  7.23123308e-03  1.69204511e+09]
[-2.49191954e-01  7.19835409e-03  1.69204511e+09]
[-2.70563294e-01  7.14903562e-03  1.69204511e+09]
[-3.00170819e-01  7.21479359e-03  1.69204511e+09]
[-3.33263516e-01  7.05039868e-03  1.69204511e+09]
[-3.64399914e-01  7.06683817e-03  1.69204511e+09]
[-3.93974560e-01  7.01751970e-03  1.69204511e+09]
[-4.11268906e-01  6.98464071e-03  1.69204511e+09]
[-4.26837105e-01  6.88600377e-03  1.69204511e+09]
[-4.27889232e-01  6.85312479e-03  1.69204511e+09]
[-4.04150606e-01  6.83668530e-03  1.69204511e+09]
[-3.73063526e-01  6.85312479e-03  1.69204511e+09]
[-3.48765957e-01  6.80380631e-03  1.69204511e+09]
[-3.26260292e-01  6.80380631e-03  1.69204511e+09]
[-3.13864915e-01  7.35316990e-02  1.69204511e+09]
[-3.15854094e-01  1.88230021e-01  1.69204511e+09]
[-3.34381401e-01  2.80028130e-01  1.69204511e+09]
[-3.56048652e-01  3.37862251e-01  1.69204511e+09]
[-3.73507392e-01  3.75064813e-01  1.69204511e+09]
[-3.92527885e-01  4.18958246e-01  1.69204511e+09]
[-4.17252881e-01  4.70643994e-01  1.69204511e+09]
[-4.32081303e-01  5.10312476e-01  1.69204511e+09]
[-4.59239343e-01  5.33689426e-01  1.69204511e+09]
[-4.69579784e-01  5.55471745e-01  1.69204511e+09]
[-4.82484785e-01  5.73209950e-01  1.69204512e+09]
[-4.75054135e-01  5.75659434e-01  1.69204512e+09]
[-4.58302292e-01  5.81232419e-01  1.69204512e+09]
[-4.10972995e-01  5.87545182e-01  1.69204512e+09]
[-3.37800816e-01  5.85736838e-01  1.69204512e+09]
[-2.90866066e-01  5.78306191e-01  1.69204512e+09]
[-2.81002371e-01  5.73045555e-01  1.69204512e+09]
[-2.83928601e-01  5.69182276e-01  1.69204512e+09]
[-2.82465486e-01  5.62606482e-01  1.69204512e+09]
[-3.01962723e-01  5.52315363e-01  1.69204512e+09]
[-3.36140427e-01  5.48238371e-01  1.69204512e+09]
[-3.72093596e-01  5.50342625e-01  1.69204512e+09]
[-3.92133337e-01  5.49734364e-01  1.69204512e+09]
[-3.87859069e-01  5.47860263e-01  1.69204512e+09]
[-3.76433622e-01  5.46397148e-01  1.69204512e+09]
[-3.76466501e-01  5.46808136e-01  1.69204512e+09]
[-3.78028253e-01  5.51296115e-01  1.69204512e+09]
[-3.78373482e-01  5.58825400e-01  1.69204512e+09]
[-4.02523096e-01  5.65976576e-01  1.69204512e+09]
[-4.37900883e-01  5.73670256e-01  1.69204512e+09]
[-4.65650745e-01  5.75889586e-01  1.69204512e+09]
[-4.71766236e-01  5.74492230e-01  1.69204512e+09]
[-4.88715353e-01  5.71204333e-01  1.69204512e+09]
[-4.62773834e-01  5.75610115e-01  1.69204512e+09]
[-4.39150284e-01  5.82054394e-01  1.69204512e+09]
[-4.05252051e-01  5.65368315e-01  1.69204512e+09]
[-3.81776457e-01  4.82200953e-01  1.69204512e+09]
[-4.17269320e-01  4.84781953e-01  1.69204512e+09]
[-4.89586646e-01  4.89582283e-01  1.69204512e+09]
[-5.63564360e-01  5.31749566e-01  1.69204512e+09]
[-4.78292715e-01  5.05808056e-01  1.69204512e+09]
[-3.45708211e-01  4.40346019e-01  1.69204512e+09]
[-2.96307538e-01  3.58312975e-01  1.69204512e+09]
[-2.96702086e-01  3.30217889e-01  1.69204512e+09]
[-3.19158432e-01  3.20847381e-01  1.69204512e+09]
[-3.62147703e-01  3.39621276e-01  1.69204512e+09]
[-3.59188595e-01  3.50323383e-01  1.69204512e+09]
[-3.52415524e-01  3.53463326e-01  1.69204512e+09]
[-3.40694166e-01  3.45950479e-01  1.69204512e+09]
[-3.24994451e-01  3.20403514e-01  1.69204512e+09]
[-3.15245833e-01  2.53083807e-01  1.69204512e+09]
[-2.61587331e-01  1.69949309e-01  1.69204512e+09]
[-1.88037045e-01  9.66785015e-02  1.69204512e+09]
[-1.22607868e-01  6.24514824e-02  1.69204512e+09]
[-3.66128894e-02  1.49383507e-01  1.69204512e+09]
[-8.43403688e-05  2.88067040e-01  1.69204512e+09]
[-8.43403688e-05  3.78122558e-01  1.69204512e+09]
[-7.84842734e-02  4.21013182e-01  1.69204512e+09]
[-2.11414002e-01  4.26109423e-01  1.69204512e+09]
[-3.07305558e-01  3.95104549e-01  1.69204512e+09]
[-3.95289719e-01  2.65791532e-01  1.69204512e+09]
[-4.48274202e-01  4.09815076e-02  1.69204512e+09]
[-4.39561271e-01  3.99265337e-03  1.69204512e+09]
[-4.43736902e-01  2.29938581e-03  1.69204512e+09]
[-4.61886102e-01  4.41707688e-02  1.69204512e+09]
[-4.26639831e-01  1.49531462e-01  1.69204512e+09]
[-3.81398349e-01  2.19974676e-01  1.69204512e+09]
[-3.71436016e-01  2.38518420e-01  1.69204512e+09]
[-3.95536312e-01  2.39192439e-01  1.69204512e+09]
[-4.20787371e-01  2.34079758e-01  1.69204512e+09]
[-4.23483448e-01  2.29098592e-01  1.69204512e+09]
[-4.02046351e-01  2.27520401e-01  1.69204512e+09]
[-3.56229486e-01  2.18199211e-01  1.69204512e+09]
[-3.19092674e-01  2.16703217e-01  1.69204512e+09]
[-2.86394524e-01  2.19530810e-01  1.69204512e+09]
[-2.57872006e-01  2.31794669e-01  1.69204512e+09]
[-2.37766507e-01  3.05312064e-01  1.69204512e+09]
[-2.35251265e-01  3.40081582e-01  1.69204512e+09]
[-2.52562050e-01  3.38536270e-01  1.69204512e+09]
[-2.97721334e-01  3.35757997e-01  1.69204512e+09]
[-3.65747952e-01  3.41265225e-01  1.69204512e+09]
[-4.22151849e-01  3.56964937e-01  1.69204512e+09]
[-4.31736073e-01  3.83399634e-01  1.69204512e+09]
[-4.03427268e-01  4.03439369e-01  1.69204512e+09]
[-3.58744728e-01  3.92342715e-01  1.69204512e+09]
[-3.29745465e-01  3.80078857e-01  1.69204512e+09]
[-3.05102666e-01  3.68636973e-01  1.69204512e+09]
[-2.77550078e-01  3.59513057e-01  1.69204512e+09]
[-2.35711571e-01  3.49353454e-01  1.69204512e+09]
[-1.86952038e-01  3.41166588e-01  1.69204512e+09]
[-1.57706183e-01  3.28738335e-01  1.69204512e+09]
[-1.71597553e-01  3.25598393e-01  1.69204512e+09]
[-1.77515770e-01  3.31171379e-01  1.69204512e+09]
[-1.88743943e-01  3.39802111e-01  1.69204512e+09]
[-2.00185829e-01  3.43780467e-01  1.69204512e+09]
[-2.03473727e-01  3.43303722e-01  1.69204512e+09]
[-1.99150141e-01  3.42054321e-01  1.69204512e+09]
[-1.99857039e-01  3.38043086e-01  1.69204512e+09]
[-2.12942875e-01  3.31763201e-01  1.69204512e+09]
[-2.12827798e-01  3.29247959e-01  1.69204512e+09]
[-2.20817391e-01  3.29165762e-01  1.69204512e+09]
[-2.30878360e-01  3.33324952e-01  1.69204512e+09]
[-2.33229208e-01  3.34492156e-01  1.69204512e+09]
[-2.32604507e-01  3.33785258e-01  1.69204512e+09]
[-2.36566424e-01  3.34344201e-01  1.69204512e+09]
[-2.60025579e-01  3.39111652e-01  1.69204512e+09]
[-2.91211295e-01  3.46953288e-01  1.69204512e+09]
[-3.26835675e-01  3.60450108e-01  1.69204512e+09]
[-3.46497307e-01  4.19303475e-01  1.69204512e+09]
[-3.61966869e-01  5.20028212e-01  1.69204512e+09]
[-3.61391487e-01  5.88038366e-01  1.69204512e+09]
[-3.67457659e-01  5.80459763e-01  1.69204512e+09]
[-3.62936799e-01  5.60255635e-01  1.69204512e+09]
[-3.51560670e-01  5.39591201e-01  1.69204512e+09]
[-3.46119199e-01  5.08668527e-01  1.69204512e+09]
[-3.48141256e-01  4.84058615e-01  1.69204512e+09]
[-3.67605615e-01  4.98640440e-01  1.69204512e+09]
[-3.93908802e-01  5.14225074e-01  1.69204512e+09]
[-4.05317809e-01  5.18795251e-01  1.69204512e+09]
[-3.95996617e-01  5.08849361e-01  1.69204512e+09]
[-3.70383889e-01  4.87231436e-01  1.69204512e+09]
[-3.34019733e-01  4.28854817e-01  1.69204512e+09]
[-3.03935462e-01  3.63606490e-01  1.69204512e+09]
[-2.85835582e-01  3.29313717e-01  1.69204512e+09]
[-2.78339173e-01  3.28771214e-01  1.69204512e+09]
[-2.73916950e-01  3.38010207e-01  1.69204512e+09]
[-2.70464657e-01  3.59266465e-01  1.69204512e+09]
[-2.59598153e-01  3.85240856e-01  1.69204512e+09]
[-2.48978241e-01  4.01400873e-01  1.69204512e+09]
[-2.40183113e-01  3.97192364e-01  1.69204512e+09]
[-2.31930488e-01  3.86901244e-01  1.69204512e+09]
[-2.31683895e-01  3.72023508e-01  1.69204512e+09]
[-2.34084061e-01  3.57556758e-01  1.69204512e+09]
[-2.42796992e-01  3.44207894e-01  1.69204512e+09]
[-2.58184356e-01  3.39900748e-01  1.69204512e+09]
[-2.74870440e-01  3.39062334e-01  1.69204512e+09]
[-2.80229715e-01  3.33078360e-01  1.69204512e+09]
[-2.73851192e-01  3.08156095e-01  1.69204512e+09]
[-2.66075312e-01  2.84121563e-01  1.69204512e+09]
[-2.57477458e-01  2.69391781e-01  1.69204512e+09]
[-2.50145445e-01  2.62289921e-01  1.69204512e+09]
[-2.44292986e-01  2.56815571e-01  1.69204512e+09]
[-2.48813846e-01  2.45603840e-01  1.69204512e+09]
[-2.57954203e-01  2.45521642e-01  1.69204512e+09]
[-2.65927357e-01  2.47329986e-01  1.69204512e+09]
[-2.69593364e-01  2.43779056e-01  1.69204512e+09]
[-2.69412529e-01  2.32468688e-01  1.69204512e+09]
[-2.61521573e-01  2.20895287e-01  1.69204512e+09]
[-2.50589311e-01  2.09223250e-01  1.69204512e+09]
[-2.41777743e-01  2.02976244e-01  1.69204512e+09]
[-2.40659858e-01  1.99934938e-01  1.69204512e+09]
[-2.38621361e-01  1.98110155e-01  1.69204512e+09]
[-2.39706367e-01  1.93655053e-01  1.69204512e+09]
[-2.58874815e-01  1.94279754e-01  1.69204512e+09]
[-2.80821537e-01  2.01184339e-01  1.69204512e+09]
[-2.92953882e-01  2.07201192e-01  1.69204512e+09]
[-3.00483169e-01  2.14796237e-01  1.69204512e+09]
[-3.05020469e-01  2.19103383e-01  1.69204512e+09]
[-3.07338437e-01  2.27586159e-01  1.69204512e+09]
[-3.04083418e-01  2.27454644e-01  1.69204512e+09]
[-2.94400557e-01  2.22999542e-01  1.69204512e+09]
[-2.86279448e-01  2.22128249e-01  1.69204512e+09]
[-2.84997167e-01  2.23755758e-01  1.69204512e+09]
[-2.93364869e-01  2.30347994e-01  1.69204512e+09]
[-2.95354047e-01  2.34819535e-01  1.69204512e+09]
[-2.90898945e-01  2.30923376e-01  1.69204512e+09]
[-2.85424594e-01  2.29295866e-01  1.69204512e+09]
[-2.80213275e-01  2.29262987e-01  1.69204512e+09]
[-2.79078950e-01  2.30479510e-01  1.69204512e+09]
[-2.79818728e-01  2.32715280e-01  1.69204512e+09]
[-2.75232109e-01  2.32698841e-01  1.69204512e+09]
[-2.62524382e-01  2.25843574e-01  1.69204512e+09]
[-2.58513146e-01  2.10949396e-01  1.69204512e+09]
[-2.61981879e-01  2.05080498e-01  1.69204512e+09]
[-2.66173949e-01  2.10374014e-01  1.69204512e+09]
[-2.66930166e-01  2.18297848e-01  1.69204512e+09]
[-2.62409306e-01  2.22078930e-01  1.69204512e+09]
[-2.55455401e-01  2.22407720e-01  1.69204512e+09]
[-2.49997489e-01  2.20698013e-01  1.69204512e+09]
[-2.45838298e-01  2.17508752e-01  1.69204512e+09]
[-2.44819049e-01  2.15190784e-01  1.69204512e+09]
[-2.48402859e-01  2.16177154e-01  1.69204512e+09]
[-2.59713229e-01  2.22309083e-01  1.69204512e+09]
[-2.86657556e-01  2.41214496e-01  1.69204512e+09]
[-3.18911839e-01  2.75425073e-01  1.69204512e+09]
[-3.34759510e-01  3.07810866e-01  1.69204512e+09]
[-3.35992472e-01  3.36201863e-01  1.69204512e+09]
[-3.35597924e-01  3.56521070e-01  1.69204512e+09]
[-3.37307631e-01  3.61074809e-01  1.69204512e+09]
[-3.37866574e-01  3.56603268e-01  1.69204512e+09]
[-3.30074254e-01  3.48252008e-01  1.69204512e+09]
[-3.22101101e-01  3.38848620e-01  1.69204512e+09]
[-3.11333234e-01  3.29510991e-01  1.69204512e+09]
[-3.00647564e-01  3.19926769e-01  1.69204512e+09]
[-2.92131907e-01  3.11739904e-01  1.69204512e+09]
[-2.83254581e-01  3.02106363e-01  1.69204512e+09]
[-2.84306709e-01  2.94412683e-01  1.69204512e+09]
[-2.83879282e-01  2.87771129e-01  1.69204512e+09]
[-2.81922982e-01  2.84006486e-01  1.69204512e+09]
[-2.78783040e-01  2.79896614e-01  1.69204512e+09]
[-2.75001956e-01  2.74109914e-01  1.69204512e+09]
[-2.68574115e-01  2.68273895e-01  1.69204512e+09]
[-2.60962630e-01  2.63736596e-01  1.69204512e+09]
[-2.53334706e-01  2.57703304e-01  1.69204512e+09]
[-2.52677126e-01  2.55122304e-01  1.69204512e+09]
[-2.47909674e-01  2.53889342e-01  1.69204512e+09]
[-2.39394017e-01  2.51061750e-01  1.69204512e+09]
[-2.30516691e-01  2.47658776e-01  1.69204512e+09]
[-2.20620117e-01  2.40392522e-01  1.69204512e+09]
[-2.12416811e-01  2.32715280e-01  1.69204512e+09]
[-2.07435645e-01  2.23065300e-01  1.69204513e+09]
[-2.06991779e-01  2.18692396e-01  1.69204513e+09]
[-2.07106855e-01  2.18873230e-01  1.69204513e+09]
[-2.12055142e-01  2.20550058e-01  1.69204513e+09]
[-2.17907601e-01  2.22522797e-01  1.69204513e+09]
[-2.23299755e-01  2.24643491e-01  1.69204513e+09]
[-2.25075220e-01  2.25629860e-01  1.69204513e+09]
[-2.23628544e-01  2.25202433e-01  1.69204513e+09]
[-2.21540729e-01  2.24742128e-01  1.69204513e+09]
[-2.17102066e-01  2.22966663e-01  1.69204513e+09]
[-2.13830607e-01  2.19892478e-01  1.69204513e+09]
[-2.13699091e-01  2.12741300e-01  1.69204513e+09]
[-2.13616894e-01  2.04636632e-01  1.69204513e+09]
[-2.15195085e-01  2.04850345e-01  1.69204513e+09]
[-2.17184264e-01  2.05820275e-01  1.69204513e+09]
[-2.18614499e-01  2.07628619e-01  1.69204513e+09]
[-2.18022678e-01  2.06017549e-01  1.69204513e+09]
[-2.20768073e-01  2.06543613e-01  1.69204513e+09]
[-2.25749239e-01  2.08269759e-01  1.69204513e+09]
[-2.30927679e-01  2.10061664e-01  1.69204513e+09]
[-2.33311405e-01  2.11163109e-01  1.69204513e+09]
[-2.31930488e-01  2.11606976e-01  1.69204513e+09]
[-2.28691908e-01  2.11738492e-01  1.69204513e+09]
[-2.20652996e-01  2.08138243e-01  1.69204513e+09]
[-2.07156174e-01  1.99277359e-01  1.69204513e+09]
[-2.10641346e-01  1.91172690e-01  1.69204513e+09]
[-2.30894800e-01  1.96794996e-01  1.69204513e+09]
[-2.46331483e-01  2.02696772e-01  1.69204513e+09]
[-2.57724050e-01  2.12626224e-01  1.69204513e+09]
[-2.60370809e-01  2.22194007e-01  1.69204513e+09]
[-2.62754535e-01  2.29328745e-01  1.69204513e+09]
[-2.68261765e-01  2.34342790e-01  1.69204513e+09]
[-2.71812695e-01  2.39208878e-01  1.69204513e+09]
[-2.76415753e-01  2.41839197e-01  1.69204513e+09]
[-2.76629466e-01  2.41691241e-01  1.69204513e+09]
[-2.71746937e-01  2.37844401e-01  1.69204513e+09]
[-2.66009554e-01  2.32961872e-01  1.69204513e+09]
[-2.57543216e-01  2.27898510e-01  1.69204513e+09]
[-2.46610954e-01  2.22292644e-01  1.69204513e+09]
