HokinRight_Hand
Dev2/ai0 Dev2/ai1
[-8.55861337e-02  8.08608660e-03  1.69204471e+09]
[-1.10590600e-01  8.15184456e-03  1.69204471e+09]
[-1.38702130e-01  8.18472355e-03  1.69204471e+09]
[-1.56867769e-01  8.21760253e-03  1.69204471e+09]
[-1.71350961e-01  8.21760253e-03  1.69204471e+09]
[-1.76151292e-01  8.48063438e-03  1.69204471e+09]
[-1.68178139e-01  8.48063438e-03  1.69204471e+09]
[-1.38570615e-01  3.34029024e-02  1.69204471e+09]
[-5.50251194e-02  1.50534271e-01  1.69204471e+09]
[-2.98053751e-04  2.79715780e-01  1.69204471e+09]
[-1.17219351e-04  3.55419625e-01  1.69204471e+09]
[-1.00779860e-04  3.97718427e-01  1.69204471e+09]
[-1.00779860e-04  4.30350811e-01  1.69204471e+09]
[-1.85824052e-05  4.63131148e-01  1.69204471e+09]
[-1.50098332e-04  4.65021689e-01  1.69204471e+09]
[-5.14613870e-05  4.64939492e-01  1.69204471e+09]
[-5.14613870e-05  4.61405002e-01  1.69204471e+09]
[-3.50218961e-05  4.53990793e-01  1.69204471e+09]
[-8.43403688e-05  4.48582202e-01  1.69204471e+09]
[-1.33658842e-04  4.41085796e-01  1.69204471e+09]
[-1.17219351e-04  4.27967085e-01  1.69204471e+09]
[-1.17219351e-04  4.04507936e-01  1.69204471e+09]
[-6.79008779e-05  2.61846055e-01  1.69204471e+09]
[-1.66537823e-04  7.34166225e-02  1.69204471e+09]
[-8.43403688e-05  1.02560994e-02  1.69204471e+09]
[-5.80993043e-02  8.61215031e-03  1.69204471e+09]
[-1.34953926e-01  8.44775540e-03  1.69204471e+09]
[-1.75986897e-01  8.62858980e-03  1.69204471e+09]
[-1.96963689e-01  8.72722675e-03  1.69204472e+09]
[-2.11742792e-01  8.89162165e-03  1.69204472e+09]
[-2.20307767e-01  8.87518216e-03  1.69204472e+09]
[-2.34412851e-01  8.94094013e-03  1.69204472e+09]
[-2.43405253e-01  8.97381911e-03  1.69204472e+09]
[-2.55652674e-01  8.97381911e-03  1.69204472e+09]
[-2.67193198e-01  8.94094013e-03  1.69204472e+09]
[-2.85621868e-01  8.95737962e-03  1.69204472e+09]
[-3.12401801e-01  8.99025860e-03  1.69204472e+09]
[-3.30863350e-01  8.90806114e-03  1.69204472e+09]
[-3.41220230e-01  8.97381911e-03  1.69204472e+09]
[-3.50212632e-01  9.05601656e-03  1.69204472e+09]
[-3.49390658e-01  9.05601656e-03  1.69204472e+09]
[-3.59862614e-01  9.05601656e-03  1.69204472e+09]
[-3.57955633e-01  9.05601656e-03  1.69204472e+09]
[-3.39132415e-01  9.00669809e-03  1.69204472e+09]
[-2.93266232e-01  9.18753249e-03  1.69204472e+09]
[-1.89368644e-01  1.01081440e-02  1.69204472e+09]
[-1.50949552e-01  1.03382968e-02  1.69204472e+09]
[-1.58692552e-01  1.10780739e-02  1.69204472e+09]
[-1.63624400e-01  1.10451950e-02  1.69204472e+09]
[-1.44160042e-01  1.01410230e-02  1.69204472e+09]
[-1.11724925e-01  9.56564078e-03  1.69204472e+09]
[-8.08022417e-02  9.38480638e-03  1.69204472e+09]
[-7.51306172e-02  9.38480638e-03  1.69204472e+09]
[-1.01729714e-01  9.26972994e-03  1.69204472e+09]
[-1.77269178e-01  1.03382968e-02  1.69204472e+09]
[-2.77303485e-01  1.04040548e-02  1.69204472e+09]
[-3.49900282e-01  1.05191312e-02  1.69204472e+09]
[-3.85146553e-01  1.03711758e-02  1.69204472e+09]
[-3.99843459e-01  1.03876153e-02  1.69204472e+09]
[-4.11860727e-01  1.06342077e-02  1.69204472e+09]
[-4.19488652e-01  1.13082268e-02  1.69204472e+09]
[-4.30700385e-01  1.20480039e-02  1.69204472e+09]
[-4.29730455e-01  1.24261122e-02  1.69204472e+09]
[-4.37424137e-01  1.23603542e-02  1.69204472e+09]
[-4.28859162e-01  1.21630803e-02  1.69204472e+09]
[-4.12090880e-01  1.14561822e-02  1.69204472e+09]
[-3.61440805e-01  1.11273924e-02  1.69204472e+09]
[-2.61718847e-01  1.08972395e-02  1.69204472e+09]
[-1.26438270e-01  1.15876982e-02  1.69204472e+09]
[-7.42264452e-02  1.16370166e-02  1.69204472e+09]
[-2.16858315e-02  1.06177682e-02  1.69204472e+09]
[-1.17219351e-04  9.81223314e-03  1.69204472e+09]
[-1.00779860e-04  1.03382968e-02  1.69204472e+09]
[-4.61477942e-02  1.29686154e-02  1.69204472e+09]
[-1.15341613e-01  1.40536218e-02  1.69204472e+09]
[-1.77992515e-01  1.48755963e-02  1.69204472e+09]
[-1.97670587e-01  1.52537046e-02  1.69204472e+09]
[-1.81905114e-01  2.76983991e-02  1.69204472e+09]
[-9.34606500e-02  1.15978463e-01  1.69204472e+09]
[-1.61128440e-02  2.52459107e-01  1.69204472e+09]
[-1.00779860e-04  2.99624001e-01  1.69204472e+09]
[-5.14613870e-05  3.30826150e-01  1.69204472e+09]
[-8.43403688e-05  3.54614090e-01  1.69204472e+09]
[3.07360675e-05 3.55468943e-01 1.69204472e+09]
[-6.79008779e-05  3.51786498e-01  1.69204472e+09]
[-1.85824052e-05  3.46312148e-01  1.69204472e+09]
[-6.79008779e-05  3.43402359e-01  1.69204472e+09]
[-1.85824052e-05  3.39374684e-01  1.69204472e+09]
[-3.50218961e-05  3.38848620e-01  1.69204472e+09]
[-3.50218961e-05  3.36234742e-01  1.69204472e+09]
[-6.79008779e-05  3.33949653e-01  1.69204472e+09]
[-3.50218961e-05  3.30842590e-01  1.69204472e+09]
[-6.79008779e-05  3.28820532e-01  1.69204472e+09]
[-1.17219351e-04  3.21915947e-01  1.69204472e+09]
[-5.14613870e-05  3.11526190e-01  1.69204472e+09]
[-5.14613870e-05  3.02731064e-01  1.69204472e+09]
[-1.17219351e-04  2.92291989e-01  1.69204472e+09]
[-5.14613870e-05  2.89974021e-01  1.69204472e+09]
[-6.79008779e-05  2.86603925e-01  1.69204472e+09]
[-6.79008779e-05  2.68964354e-01  1.69204472e+09]
[-1.00779860e-04  1.75752449e-01  1.69204472e+09]
[-5.14613870e-05  6.12678391e-02  1.69204472e+09]
[-1.00779860e-04  1.90347875e-02  1.69204472e+09]
[-3.42949211e-02  1.43330931e-02  1.69204472e+09]
[-7.80568467e-02  1.42344562e-02  1.69204472e+09]
[-1.15686842e-01  1.05848892e-02  1.69204472e+09]
[-1.41332449e-01  1.01903414e-02  1.69204472e+09]
[-1.66747903e-01  9.97662805e-03  1.69204472e+09]
[-1.84305280e-01  9.86155161e-03  1.69204472e+09]
[-1.94086778e-01  9.73003569e-03  1.69204472e+09]
[-1.90009784e-01  9.64783823e-03  1.69204472e+09]
[-1.70249515e-01  9.61495925e-03  1.69204472e+09]
[-1.22936658e-01  9.54920129e-03  1.69204472e+09]
[-6.16831134e-02  9.46700383e-03  1.69204472e+09]
[-3.24372586e-02  9.36836689e-03  1.69204472e+09]
[-1.00959903e-02  9.40124587e-03  1.69204472e+09]
[-3.14493242e-04  6.85340939e-02  1.69204472e+09]
[-8.43403688e-05  1.20713036e-01  1.69204472e+09]
[-1.50098332e-04  1.57603252e-01  1.69204472e+09]
[-6.79008779e-05  1.74157818e-01  1.69204472e+09]
[-5.14613870e-05  1.77264882e-01  1.69204472e+09]
[-8.43403688e-05  1.87490244e-01  1.69204472e+09]
[-1.17219351e-04  1.95233244e-01  1.69204472e+09]
[-1.17219351e-04  2.01447371e-01  1.69204472e+09]
[-1.00779860e-04  2.06757326e-01  1.69204472e+09]
[1.42965766e-05 2.09552040e-01 1.69204472e+09]
[-8.43403688e-05  2.09519161e-01  1.69204472e+09]
[-1.33658842e-04  2.04965422e-01  1.69204472e+09]
[-6.79008779e-05  2.02269346e-01  1.69204472e+09]
[-8.43403688e-05  2.00214409e-01  1.69204472e+09]
[-6.79008779e-05  2.00707594e-01  1.69204472e+09]
[-8.43403688e-05  2.03732460e-01  1.69204472e+09]
[-6.79008779e-05  2.07102556e-01  1.69204472e+09]
[-6.79008779e-05  2.11261746e-01  1.69204472e+09]
[-1.00779860e-04  2.10949396e-01  1.69204472e+09]
[-8.43403688e-05  2.10472651e-01  1.69204472e+09]
[-6.79008779e-05  2.09535600e-01  1.69204472e+09]
[-1.00779860e-04  2.09913708e-01  1.69204472e+09]
[-1.33658842e-04  2.07809454e-01  1.69204472e+09]
[-8.43403688e-05  2.01989874e-01  1.69204472e+09]
[-8.43403688e-05  1.72974175e-01  1.69204472e+09]
[-6.79008779e-05  4.92998899e-02  1.69204472e+09]
[-1.50098332e-04  8.06964711e-03  1.69204472e+09]
[-3.25852141e-02  7.77373627e-03  1.69204472e+09]
[-9.55977839e-02  7.74085729e-03  1.69204472e+09]
[-1.30893372e-01  7.69153882e-03  1.69204472e+09]
[-1.44291558e-01  7.75729678e-03  1.69204472e+09]
[-1.62638030e-01  7.69153882e-03  1.69204472e+09]
[-1.78469261e-01  7.60934137e-03  1.69204472e+09]
[-1.96404746e-01  7.65865984e-03  1.69204472e+09]
[-2.03243575e-01  7.67509933e-03  1.69204472e+09]
[-2.04345021e-01  7.67509933e-03  1.69204472e+09]
[-2.14997811e-01  7.69153882e-03  1.69204472e+09]
[-2.15655391e-01  7.72441780e-03  1.69204472e+09]
[-2.11282486e-01  7.69153882e-03  1.69204472e+09]
[-1.99626886e-01  7.60934137e-03  1.69204472e+09]
[-1.83910732e-01  7.72441780e-03  1.69204472e+09]
[-1.73044228e-01  7.65865984e-03  1.69204472e+09]
[-1.45393004e-01  7.60934137e-03  1.69204472e+09]
[-7.66101714e-02  7.72441780e-03  1.69204472e+09]
[-1.76417167e-02  7.54358340e-03  1.69204472e+09]
[-1.00779860e-04  7.51070442e-03  1.69204472e+09]
[-6.79008779e-05  7.67509933e-03  1.69204472e+09]
[-8.43403688e-05  3.89430108e-02  1.69204472e+09]
[-1.66537823e-04  7.03259983e-02  1.69204472e+09]
[-1.00779860e-04  7.06547882e-02  1.69204472e+09]
[-8.43403688e-05  4.61928262e-02  1.69204472e+09]
[-1.82977314e-04  9.05601656e-03  1.69204472e+09]
[-6.79008779e-05  7.82305475e-03  1.69204472e+09]
[-1.00779860e-04  7.69153882e-03  1.69204472e+09]
[-1.33658842e-04  7.60934137e-03  1.69204472e+09]
[-1.85824052e-05  7.54358340e-03  1.69204472e+09]
[-1.50098332e-04  7.52714391e-03  1.69204472e+09]
[-8.43403688e-05  7.51070442e-03  1.69204472e+09]
[-1.33658842e-04  7.52714391e-03  1.69204472e+09]
[-1.17219351e-04  7.42850697e-03  1.69204472e+09]
[-1.85824052e-05  7.54358340e-03  1.69204472e+09]
[-6.79008779e-05  7.57646238e-03  1.69204472e+09]
[-1.00779860e-04  7.54358340e-03  1.69204472e+09]
[-1.66537823e-04  7.51070442e-03  1.69204472e+09]
[-1.17219351e-04  7.52714391e-03  1.69204472e+09]
[-3.50218961e-05  7.57646238e-03  1.69204472e+09]
[-3.10563414e-02  7.60934137e-03  1.69204472e+09]
[-7.65444135e-02  7.47782544e-03  1.69204472e+09]
[-1.03077752e-01  7.64222035e-03  1.69204472e+09]
[-1.15275855e-01  7.64222035e-03  1.69204472e+09]
[-1.17873295e-01  7.64222035e-03  1.69204472e+09]
[-1.14963505e-01  7.70797831e-03  1.69204472e+09]
[-9.13892741e-02  7.60934137e-03  1.69204472e+09]
[-3.95226793e-02  7.56002289e-03  1.69204472e+09]
[-1.17219351e-04  7.65865984e-03  1.69204472e+09]
[-5.14613870e-05  7.59290188e-03  1.69204472e+09]
[-1.33658842e-04  7.70797831e-03  1.69204472e+09]
[-6.79008779e-05  7.69153882e-03  1.69204472e+09]
[-1.00779860e-04  7.62578086e-03  1.69204472e+09]
[-1.85824052e-05  7.67509933e-03  1.69204472e+09]
