HokinRight_Hand
Dev2/ai0 Dev2/ai1
[-1.53152444e-01  1.02448763e-01  1.69204513e+09]
[-1.42269500e-01  8.66997308e-02  1.69204513e+09]
[-1.47086271e-01  8.51215398e-02  1.69204513e+09]
[-1.73109986e-01  8.94780047e-02  1.69204513e+09]
[-1.94218294e-01  9.80758582e-02  1.69204513e+09]
[-2.02832587e-01  1.04109151e-01  1.69204513e+09]
[-2.01977734e-01  1.05539387e-01  1.69204513e+09]
[-2.01780460e-01  1.06459998e-01  1.69204513e+09]
[-2.03292893e-01  1.08219024e-01  1.69204513e+09]
[-2.15556754e-01  1.16257934e-01  1.69204513e+09]
[-2.51296209e-01  1.48101227e-01  1.69204513e+09]
[-2.88120671e-01  1.86454557e-01  1.69204513e+09]
[-3.04066978e-01  2.26320319e-01  1.69204513e+09]
[-3.11152399e-01  2.71791946e-01  1.69204513e+09]
[-3.16018489e-01  2.98538994e-01  1.69204513e+09]
[-3.19174871e-01  3.20271998e-01  1.69204513e+09]
[-3.23942324e-01  3.43714709e-01  1.69204513e+09]
[-3.22972394e-01  3.61535114e-01  1.69204513e+09]
[-3.16791145e-01  3.73207151e-01  1.69204513e+09]
[-3.04461526e-01  3.73272909e-01  1.69204513e+09]
[-2.93989570e-01  3.66779311e-01  1.69204513e+09]
[-2.87643926e-01  3.59003433e-01  1.69204513e+09]
[-2.88334384e-01  3.53331810e-01  1.69204513e+09]
[-2.88219308e-01  3.45260021e-01  1.69204513e+09]
[-2.87380894e-01  3.38207480e-01  1.69204513e+09]
[-2.84339588e-01  3.31401532e-01  1.69204513e+09]
[-2.83895722e-01  3.29527431e-01  1.69204513e+09]
[-2.91474327e-01  3.33834576e-01  1.69204513e+09]
[-2.98559748e-01  3.39095213e-01  1.69204513e+09]
[-3.02340831e-01  3.45260021e-01  1.69204513e+09]
[-3.05119106e-01  3.48383524e-01  1.69204513e+09]
[-3.06269870e-01  3.51309753e-01  1.69204513e+09]
[-3.07256240e-01  3.53249612e-01  1.69204513e+09]
[-3.02012042e-01  3.55156593e-01  1.69204513e+09]
[-2.98313156e-01  3.55041516e-01  1.69204513e+09]
[-2.89485149e-01  3.49632925e-01  1.69204513e+09]
[-2.81692830e-01  3.43533875e-01  1.69204513e+09]
[-2.72667549e-01  3.36662169e-01  1.69204513e+09]
[-2.65056064e-01  3.30908348e-01  1.69204513e+09]
[-2.60880433e-01  3.26239533e-01  1.69204513e+09]
[-2.57921324e-01  3.21965266e-01  1.69204513e+09]
[-2.60288611e-01  3.20748744e-01  1.69204513e+09]
[-2.62277790e-01  3.21406323e-01  1.69204513e+09]
[-2.66206828e-01  3.22885877e-01  1.69204513e+09]
[-2.70957841e-01  3.24348992e-01  1.69204513e+09]
[-2.70793446e-01  3.24694221e-01  1.69204513e+09]
[-2.69445408e-01  3.24184597e-01  1.69204513e+09]
[-2.66897287e-01  3.22376253e-01  1.69204513e+09]
[-2.64283408e-01  3.21028215e-01  1.69204513e+09]
[-2.62047637e-01  3.17888273e-01  1.69204513e+09]
[-2.56573286e-01  3.12397483e-01  1.69204513e+09]
[-2.52956598e-01  3.07531395e-01  1.69204513e+09]
[-2.49241273e-01  3.02566669e-01  1.69204513e+09]
[-2.45197158e-01  2.98440357e-01  1.69204513e+09]
[-2.42238049e-01  2.93557829e-01  1.69204513e+09]
[-2.43503890e-01  2.91733046e-01  1.69204513e+09]
[-2.43766922e-01  2.91091906e-01  1.69204513e+09]
[-2.49208394e-01  2.91354938e-01  1.69204513e+09]
[-2.56803439e-01  2.93787982e-01  1.69204513e+09]
[-2.60535204e-01  2.95218218e-01  1.69204513e+09]
[-2.59302242e-01  2.95464810e-01  1.69204513e+09]
[-2.59072089e-01  2.95629205e-01  1.69204513e+09]
[-2.57329503e-01  2.95037383e-01  1.69204513e+09]
[-2.53466222e-01  2.94051014e-01  1.69204513e+09]
[-2.49783776e-01  2.93475632e-01  1.69204513e+09]
[-2.46134209e-01  2.92094715e-01  1.69204513e+09]
[-2.44095712e-01  2.90582282e-01  1.69204513e+09]
[-2.44112151e-01  2.88313632e-01  1.69204513e+09]
[-2.54008725e-01  2.85223008e-01  1.69204513e+09]
[-2.57362382e-01  2.82658448e-01  1.69204513e+09]
[-2.58463828e-01  2.82773525e-01  1.69204513e+09]
[-2.55882827e-01  2.83168072e-01  1.69204513e+09]
[-2.52315458e-01  2.82724206e-01  1.69204513e+09]
[-2.52151063e-01  2.83694136e-01  1.69204513e+09]
[-2.51970228e-01  2.86192938e-01  1.69204513e+09]
[-2.51345528e-01  2.88510906e-01  1.69204513e+09]
[-2.55291006e-01  2.93492071e-01  1.69204513e+09]
[-2.73012778e-01  3.01958408e-01  1.69204513e+09]
[-3.13453928e-01  3.15767579e-01  1.69204513e+09]
[-3.41894249e-01  3.22096782e-01  1.69204513e+09]
[-3.50130435e-01  3.29132883e-01  1.69204513e+09]
[-3.54158110e-01  3.33752379e-01  1.69204513e+09]
[-3.49028989e-01  3.37467703e-01  1.69204513e+09]
[-3.49867403e-01  3.41692652e-01  1.69204513e+09]
[-3.43571077e-01  3.43073569e-01  1.69204513e+09]
[-3.41943568e-01  3.42366671e-01  1.69204513e+09]
[-3.31389414e-01  3.37467703e-01  1.69204513e+09]
[-3.25043770e-01  3.33242755e-01  1.69204513e+09]
[-3.22084661e-01  3.29642507e-01  1.69204513e+09]
[-3.27345299e-01  3.29264399e-01  1.69204513e+09]
[-3.23334063e-01  3.28458864e-01  1.69204513e+09]
[-3.19306387e-01  3.26272412e-01  1.69204513e+09]
[-3.01551736e-01  3.21357005e-01  1.69204513e+09]
[-2.81840785e-01  3.14090751e-01  1.69204513e+09]
[-2.58825496e-01  3.06380631e-01  1.69204513e+09]
[-2.44112151e-01  3.00922720e-01  1.69204513e+09]
[-2.36845896e-01  2.99821275e-01  1.69204513e+09]
[-2.39739246e-01  2.98703389e-01  1.69204513e+09]
[-2.57280184e-01  2.98785587e-01  1.69204513e+09]
[-2.74903319e-01  2.90401447e-01  1.69204513e+09]
[-2.92493576e-01  2.71643991e-01  1.69204513e+09]
[-3.01995602e-01  2.61155597e-01  1.69204513e+09]
[-3.00976354e-01  2.62454316e-01  1.69204513e+09]
