HokinRight_Hand
Dev2/ai0 Dev2/ai1
[-1.53596310e-01  6.24486362e-03  1.69204472e+09]
[-1.60961202e-01  6.35994006e-03  1.69204473e+09]
[-1.90404332e-01  8.03676813e-03  1.69204473e+09]
[-2.40528342e-01  1.22288383e-02  1.69204473e+09]
[-2.70053669e-01  1.37083925e-02  1.69204473e+09]
[-2.77385683e-01  1.23274752e-02  1.69204473e+09]
[-2.70842765e-01  1.04862523e-02  1.69204473e+09]
[-2.52167502e-01  8.82586369e-03  1.69204473e+09]
[-1.89746752e-01  6.50789548e-03  1.69204473e+09]
[-9.26715544e-02  1.75881123e-02  1.69204473e+09]
[-1.65073918e-02  1.37547074e-01  1.69204473e+09]
[-8.43403688e-05  3.01267950e-01  1.69204473e+09]
