HokinRight_Hand
Dev2/ai0 Dev2/ai1
[-8.43403688e-05  8.28336049e-03  1.69204473e+09]
[-5.14613870e-05  8.29979998e-03  1.69204473e+09]
[-1.33658842e-04  8.25048151e-03  1.69204473e+09]
[-4.42408133e-02  8.26692100e-03  1.69204473e+09]
[-9.01398728e-02  8.18472355e-03  1.69204473e+09]
[-1.07861644e-01  8.21760253e-03  1.69204473e+09]
[-1.28723359e-01  8.28336049e-03  1.69204473e+09]
[-1.70085120e-01  8.21760253e-03  1.69204473e+09]
[-2.33853908e-01  8.20116304e-03  1.69204473e+09]
[-3.04543723e-01  8.16828406e-03  1.69204473e+09]
