HokinRight_Hand
Dev2/ai0 Dev2/ai1
[-3.12155208e-01  8.11896558e-03  1.69204473e+09]
[-3.30452363e-01  8.05320762e-03  1.69204473e+09]
[-3.37603542e-01  8.08608660e-03  1.69204473e+09]
[-3.49801645e-01  8.11896558e-03  1.69204473e+09]
[-3.56213047e-01  8.13540507e-03  1.69204473e+09]
[-3.60980499e-01  8.03676813e-03  1.69204473e+09]
[-3.50935970e-01  8.00388915e-03  1.69204473e+09]
[-3.32342904e-01  8.05320762e-03  1.69204473e+09]
[-2.90570155e-01  7.97101017e-03  1.69204473e+09]
[-1.69591935e-01  4.46968323e-02  1.69204473e+09]
[-2.43983475e-02  2.24248943e-01  1.69204473e+09]
[-2.14291431e-06  3.38881499e-01  1.69204473e+09]
[-1.00779860e-04  4.07351967e-01  1.69204473e+09]
[-1.00779860e-04  4.07516362e-01  1.69204473e+09]
[-1.33658842e-04  4.04754528e-01  1.69204473e+09]
[-2.14291431e-06  4.00036395e-01  1.69204473e+09]
[-6.79008779e-05  3.94052422e-01  1.69204473e+09]
[-5.14613870e-05  3.90797403e-01  1.69204473e+09]
[-1.33658842e-04  3.74275718e-01  1.69204473e+09]
[-1.50098332e-04  3.64444904e-01  1.69204473e+09]
[-1.17219351e-04  3.60351471e-01  1.69204473e+09]
[-1.00779860e-04  3.59513057e-01  1.69204473e+09]
[-6.79008779e-05  3.62866713e-01  1.69204473e+09]
[-2.14291430e-06  3.55962128e-01  1.69204473e+09]
[-1.00779860e-04  3.06051841e-01  1.69204473e+09]
[-1.00779860e-04  1.37316921e-01  1.69204473e+09]
[-1.00779860e-04  2.68599851e-02  1.69204473e+09]
[-8.43403688e-05  8.46419489e-03  1.69204473e+09]
[-1.33658842e-04  8.05320762e-03  1.69204473e+09]
[-4.44052082e-02  7.64222035e-03  1.69204473e+09]
[-1.18793906e-01  7.60934137e-03  1.69204473e+09]
[-1.69854967e-01  7.62578086e-03  1.69204473e+09]
[-2.00744772e-01  7.57646238e-03  1.69204473e+09]
[-2.19666627e-01  7.59290188e-03  1.69204473e+09]
[-2.23957334e-01  7.44494646e-03  1.69204473e+09]
[-2.17841843e-01  7.52714391e-03  1.69204473e+09]
[-2.10690664e-01  7.42850697e-03  1.69204473e+09]
[-2.11578397e-01  7.44494646e-03  1.69204473e+09]
[-2.20291328e-01  7.46138595e-03  1.69204473e+09]
[-2.26538334e-01  7.41206748e-03  1.69204473e+09]
[-2.36056800e-01  7.44494646e-03  1.69204473e+09]
[-2.48304222e-01  7.47782544e-03  1.69204473e+09]
[-2.59236484e-01  7.46138595e-03  1.69204473e+09]
[-2.73916950e-01  7.47782544e-03  1.69204473e+09]
[-2.70892083e-01  7.42850697e-03  1.69204473e+09]
[-2.72388077e-01  7.37918849e-03  1.69204473e+09]
[-2.72404517e-01  7.41206748e-03  1.69204473e+09]
[-2.72601791e-01  7.52714391e-03  1.69204473e+09]
[-2.66864408e-01  7.51070442e-03  1.69204473e+09]
[-2.61784605e-01  7.44494646e-03  1.69204473e+09]
[-2.53614177e-01  7.39562799e-03  1.69204473e+09]
[-2.49356349e-01  7.39562799e-03  1.69204473e+09]
[-2.46758909e-01  7.34630951e-03  1.69204473e+09]
[-2.48139827e-01  7.31343053e-03  1.69204473e+09]
[-2.41629788e-01  7.39562799e-03  1.69204473e+09]
[-2.44638215e-01  7.34630951e-03  1.69204473e+09]
[-2.43569648e-01  7.34630951e-03  1.69204473e+09]
[-2.46052011e-01  7.44494646e-03  1.69204473e+09]
[-2.39180304e-01  7.44494646e-03  1.69204473e+09]
[-2.35086870e-01  7.39562799e-03  1.69204473e+09]
[-2.32785341e-01  7.32987002e-03  1.69204473e+09]
[-2.32736023e-01  7.32987002e-03  1.69204473e+09]
[-2.29809793e-01  7.42850697e-03  1.69204473e+09]
[-2.26604092e-01  7.41206748e-03  1.69204473e+09]
[-2.27031519e-01  7.41206748e-03  1.69204473e+09]
[-2.25338252e-01  7.34630951e-03  1.69204473e+09]
[-2.22823009e-01  7.36274900e-03  1.69204473e+09]
[-2.08898760e-01  7.34630951e-03  1.69204473e+09]
[-1.98887109e-01  7.36274900e-03  1.69204473e+09]
[-1.91703051e-01  7.34630951e-03  1.69204473e+09]
[-1.84880662e-01  7.39562799e-03  1.69204473e+09]
[-1.68095941e-01  7.39562799e-03  1.69204473e+09]
[-1.31518073e-01  7.32987002e-03  1.69204473e+09]
[-7.42100057e-02  7.37918849e-03  1.69204473e+09]
[-1.52908695e-02  7.37918849e-03  1.69204473e+09]
[-5.14613870e-05  7.34630951e-03  1.69204473e+09]
[-5.14613870e-05  7.39562799e-03  1.69204473e+09]
[-5.14613870e-05  4.47297115e-02  1.69204473e+09]
[-8.43403688e-05  7.07369856e-02  1.69204473e+09]
[-5.14613870e-05  7.11808519e-02  1.69204473e+09]
[-6.79008779e-05  6.17281448e-02  1.69204473e+09]
[-3.50218961e-05  3.11178132e-02  1.69204473e+09]
[-3.50218961e-05  6.17910566e-03  1.69204473e+09]
[-7.55087255e-02  6.31062159e-03  1.69204473e+09]
[-1.95664969e-01  6.35994006e-03  1.69204473e+09]
[-2.45213597e-01  6.47501650e-03  1.69204473e+09]
[-2.65779401e-01  6.49145599e-03  1.69204473e+09]
[-2.81232524e-01  6.42569802e-03  1.69204473e+09]
[-2.83353218e-01  6.47501650e-03  1.69204473e+09]
[-2.84701257e-01  6.44213751e-03  1.69204473e+09]
[-2.79802288e-01  6.39281904e-03  1.69204473e+09]
[-2.75823931e-01  6.42569802e-03  1.69204473e+09]
[-2.71352389e-01  6.44213751e-03  1.69204473e+09]
[-2.72749746e-01  6.40925853e-03  1.69204473e+09]
[-2.60535204e-01  6.40925853e-03  1.69204473e+09]
[-2.55915706e-01  6.45857701e-03  1.69204473e+09]
[-2.50490674e-01  6.45857701e-03  1.69204473e+09]
[-2.51394846e-01  6.49145599e-03  1.69204473e+09]
[-2.48501495e-01  6.45857701e-03  1.69204473e+09]
[-2.48797406e-01  6.45857701e-03  1.69204473e+09]
[-2.44934126e-01  6.45857701e-03  1.69204473e+09]
[-2.44638215e-01  6.49145599e-03  1.69204473e+09]
[-2.38785756e-01  6.39281904e-03  1.69204473e+09]
[-2.36878775e-01  6.47501650e-03  1.69204473e+09]
[-2.37519915e-01  6.44213751e-03  1.69204473e+09]
[-2.24319003e-01  6.42569802e-03  1.69204473e+09]
[-2.17808964e-01  6.44213751e-03  1.69204473e+09]
[-1.97802103e-01  6.39281904e-03  1.69204473e+09]
[-1.78255547e-01  6.40925853e-03  1.69204473e+09]
[-1.50193335e-01  6.44213751e-03  1.69204473e+09]
[-1.18317161e-01  6.39281904e-03  1.69204473e+09]
[-1.13631906e-01  6.52433497e-03  1.69204473e+09]
[-7.82705600e-02  6.52433497e-03  1.69204473e+09]
[-9.06030242e-03  6.35994006e-03  1.69204473e+09]
[-2.14291431e-06  6.39281904e-03  1.69204473e+09]
[-3.50218961e-05  3.67894375e-02  1.69204473e+09]
[-1.33658842e-04  9.65634251e-02  1.69204473e+09]
[-1.00779860e-04  1.37234724e-01  1.69204473e+09]
[-1.85824052e-05  1.61318577e-01  1.69204474e+09]
[-1.85824052e-05  1.91830270e-01  1.69204474e+09]
[-3.50218961e-05  2.03206397e-01  1.69204474e+09]
[-6.79008779e-05  1.95299002e-01  1.69204474e+09]
[-6.79008779e-05  1.33864628e-01  1.69204474e+09]
[-5.14613870e-05  1.51057492e-02  1.69204474e+09]
[-1.00779860e-04  8.46419489e-03  1.69204474e+09]
[-5.70142980e-02  7.95457067e-03  1.69204474e+09]
[-1.55141622e-01  7.79017577e-03  1.69204474e+09]
[-2.20521480e-01  7.62578086e-03  1.69204474e+09]
[-2.55948585e-01  7.42850697e-03  1.69204474e+09]
[-2.73489523e-01  7.52714391e-03  1.69204474e+09]
[-2.74656727e-01  7.34630951e-03  1.69204474e+09]
[-2.73818313e-01  7.36274900e-03  1.69204474e+09]
[-2.77435001e-01  7.31343053e-03  1.69204474e+09]
[-2.88548098e-01  7.26411206e-03  1.69204474e+09]
[-2.91161977e-01  7.24767257e-03  1.69204474e+09]
[-2.94252601e-01  7.24767257e-03  1.69204474e+09]
[-2.96258219e-01  7.23123308e-03  1.69204474e+09]
[-2.99628315e-01  7.19835409e-03  1.69204474e+09]
[-2.95386926e-01  7.21479359e-03  1.69204474e+09]
[-2.91441448e-01  7.19835409e-03  1.69204474e+09]
[-2.86969907e-01  7.11615664e-03  1.69204474e+09]
[-2.79506377e-01  7.16547511e-03  1.69204474e+09]
[-2.72256561e-01  7.08327766e-03  1.69204474e+09]
[-2.68738510e-01  7.05039868e-03  1.69204474e+09]
[-2.69083739e-01  7.16547511e-03  1.69204474e+09]
[-2.66272586e-01  7.09971715e-03  1.69204474e+09]
[-2.63001127e-01  7.05039868e-03  1.69204474e+09]
[-2.64825911e-01  6.95176173e-03  1.69204474e+09]
[-2.57855566e-01  7.06683817e-03  1.69204474e+09]
[-2.49981050e-01  6.95176173e-03  1.69204474e+09]
[-2.43980635e-01  7.00108020e-03  1.69204474e+09]
[-2.35021112e-01  7.00108020e-03  1.69204474e+09]
[-2.27343870e-01  7.00108020e-03  1.69204474e+09]
[-2.16954111e-01  6.96820122e-03  1.69204474e+09]
[-1.97539071e-01  7.06683817e-03  1.69204474e+09]
[-1.76628038e-01  7.03395919e-03  1.69204474e+09]
[-1.52626380e-01  6.96820122e-03  1.69204474e+09]
[-7.82048021e-02  6.93532224e-03  1.69204474e+09]
[-9.78364002e-03  6.91888275e-03  1.69204474e+09]
[-3.50218961e-05  7.00108020e-03  1.69204474e+09]
[-3.50218961e-05  5.34919600e-02  1.69204474e+09]
[-2.14291430e-06  1.32911138e-01  1.69204474e+09]
[-8.43403688e-05  2.18955427e-01  1.69204474e+09]
[-1.33658842e-04  2.51933043e-01  1.69204474e+09]
[-1.00779860e-04  2.61550144e-01  1.69204474e+09]
[-3.50218961e-05  2.59380132e-01  1.69204474e+09]
[-6.79008779e-05  2.68783519e-01  1.69204474e+09]
[-1.00779860e-04  2.83940728e-01  1.69204474e+09]
[-1.50098332e-04  2.93409874e-01  1.69204474e+09]
[-1.17219351e-04  3.04325694e-01  1.69204474e+09]
[3.07360675e-05 3.09487694e-01 1.69204474e+09]
[-1.00779860e-04  3.17756757e-01  1.69204474e+09]
[1.42965766e-05 3.43122887e-01 1.69204474e+09]
[-1.17219351e-04  3.52329001e-01  1.69204474e+09]
[-1.00779860e-04  3.46246390e-01  1.69204474e+09]
[-1.00779860e-04  3.39654155e-01  1.69204474e+09]
[-2.14291430e-06  3.34853825e-01  1.69204474e+09]
[-6.79008779e-05  3.30513800e-01  1.69204474e+09]
[-2.14291431e-06  3.27176584e-01  1.69204474e+09]
[-2.14291430e-06  3.22458450e-01  1.69204474e+09]
[-8.43403688e-05  3.15323712e-01  1.69204474e+09]
[-6.79008779e-05  3.03339325e-01  1.69204474e+09]
[-1.00779860e-04  2.84483231e-01  1.69204474e+09]
[-1.00779860e-04  2.11754931e-01  1.69204474e+09]
[-6.79008779e-05  9.57414505e-02  1.69204474e+09]
[-3.50218961e-05  4.37433421e-02  1.69204474e+09]
[-2.14291430e-06  7.41206748e-03  1.69204474e+09]
[-5.14613870e-05  7.36274900e-03  1.69204474e+09]
[-2.72752585e-02  7.37918849e-03  1.69204474e+09]
[-9.28359494e-02  7.29699104e-03  1.69204474e+09]
[-1.26569786e-01  7.28055155e-03  1.69204474e+09]
[-1.42072226e-01  7.29699104e-03  1.69204474e+09]
[-1.48220596e-01  7.24767257e-03  1.69204474e+09]
[-1.33490812e-01  7.29699104e-03  1.69204474e+09]
[-8.18050507e-02  4.61435077e-02  1.69204474e+09]
[-1.93514238e-02  1.62715933e-01  1.69204474e+09]
[-1.82692641e-03  2.42217305e-01  1.69204474e+09]
[-5.14613870e-05  2.74323627e-01  1.69204474e+09]
[-8.43403688e-05  2.82905040e-01  1.69204474e+09]
[1.42965766e-05 2.79913053e-01 1.69204474e+09]
[-5.14613870e-05  2.76953945e-01  1.69204474e+09]
[-8.43403688e-05  2.79567824e-01  1.69204474e+09]
[-8.43403688e-05  2.87919085e-01  1.69204474e+09]
[-1.17219351e-04  3.15931973e-01  1.69204474e+09]
[-1.33658842e-04  3.41791289e-01  1.69204474e+09]
[-6.79008779e-05  3.51507027e-01  1.69204474e+09]
[-8.43403688e-05  3.57063574e-01  1.69204474e+09]
[-3.50218961e-05  3.56208720e-01  1.69204474e+09]
[-3.50218961e-05  3.52065969e-01  1.69204474e+09]
[-6.79008779e-05  3.45062747e-01  1.69204474e+09]
[-3.50218961e-05  3.38421194e-01  1.69204474e+09]
[-2.14291431e-06  3.30530239e-01  1.69204474e+09]
[-3.50218961e-05  3.25844985e-01  1.69204474e+09]
[-1.33658842e-04  3.19071916e-01  1.69204474e+09]
[-8.43403688e-05  3.14189388e-01  1.69204474e+09]
[-5.14613870e-05  3.08912312e-01  1.69204474e+09]
[-8.43403688e-05  3.01284389e-01  1.69204474e+09]
[-3.50218961e-05  2.87113550e-01  1.69204474e+09]
[-1.00779860e-04  2.47609457e-01  1.69204474e+09]
[-8.43403688e-05  1.57537494e-01  1.69204474e+09]
[-8.43403688e-05  4.52228962e-02  1.69204474e+09]
[-1.33658842e-04  1.03547363e-02  1.69204474e+09]
[-3.50218961e-05  7.92169169e-03  1.69204474e+09]
[-8.43403688e-05  7.83949424e-03  1.69204474e+09]
[-6.79008779e-05  7.70797831e-03  1.69204474e+09]
[-8.43403688e-05  7.64222035e-03  1.69204474e+09]
[-8.43403688e-05  7.67509933e-03  1.69204474e+09]
[-8.43403688e-05  7.62578086e-03  1.69204474e+09]
[-1.85824052e-05  7.69153882e-03  1.69204474e+09]
[-5.14613870e-05  7.64222035e-03  1.69204474e+09]
[-5.18029792e-02  7.64222035e-03  1.69204474e+09]
[-1.11544091e-01  7.49426493e-03  1.69204474e+09]
[-1.38751449e-01  7.64222035e-03  1.69204474e+09]
[-1.66797222e-01  7.57646238e-03  1.69204474e+09]
[-1.81888675e-01  7.57646238e-03  1.69204474e+09]
[-1.94448447e-01  7.60934137e-03  1.69204474e+09]
[-2.02273645e-01  7.57646238e-03  1.69204474e+09]
[-2.07715116e-01  7.49426493e-03  1.69204474e+09]
[-2.15112888e-01  7.51070442e-03  1.69204474e+09]
[-2.17447295e-01  7.51070442e-03  1.69204474e+09]
[-2.16345850e-01  7.52714391e-03  1.69204474e+09]
[-2.14652582e-01  7.56002289e-03  1.69204474e+09]
[-2.09819371e-01  7.54358340e-03  1.69204474e+09]
[-2.08290499e-01  7.52714391e-03  1.69204474e+09]
[-2.09983766e-01  7.52714391e-03  1.69204474e+09]
[-2.12120900e-01  7.44494646e-03  1.69204474e+09]
[-2.15244404e-01  7.52714391e-03  1.69204474e+09]
[-2.23299755e-01  7.44494646e-03  1.69204474e+09]
[-2.24713551e-01  7.49426493e-03  1.69204474e+09]
[-2.21294137e-01  7.41206748e-03  1.69204474e+09]
[-2.17545932e-01  7.46138595e-03  1.69204474e+09]
[-2.03802517e-01  7.46138595e-03  1.69204474e+09]
[-1.70101559e-01  7.41206748e-03  1.69204474e+09]
[-1.41726997e-01  7.51070442e-03  1.69204474e+09]
[-1.16015632e-01  7.41206748e-03  1.69204474e+09]
[-1.17182836e-01  7.39562799e-03  1.69204474e+09]
[-1.23577798e-01  7.42850697e-03  1.69204474e+09]
[-1.28690480e-01  7.49426493e-03  1.69204474e+09]
[-1.17166397e-01  7.49426493e-03  1.69204474e+09]
[-1.10689237e-01  7.42850697e-03  1.69204474e+09]
[-1.09012409e-01  7.49426493e-03  1.69204474e+09]
[-1.08552103e-01  7.51070442e-03  1.69204474e+09]
[-1.08535664e-01  7.51070442e-03  1.69204474e+09]
[-9.91980325e-02  7.49426493e-03  1.69204474e+09]
[-9.58443763e-02  7.42850697e-03  1.69204474e+09]
[-1.10557721e-01  7.44494646e-03  1.69204474e+09]
[-1.68457610e-01  7.42850697e-03  1.69204474e+09]
[-2.39410457e-01  7.49426493e-03  1.69204474e+09]
[-3.23761490e-01  7.64222035e-03  1.69204474e+09]
[-4.02506656e-01  7.47782544e-03  1.69204474e+09]
[-4.32919717e-01  7.46138595e-03  1.69204474e+09]
[-4.46548056e-01  7.49426493e-03  1.69204474e+09]
[-4.47452228e-01  7.44494646e-03  1.69204474e+09]
[-4.56066521e-01  7.39562799e-03  1.69204474e+09]
[-4.64417783e-01  7.34630951e-03  1.69204474e+09]
[-4.48685189e-01  7.31343053e-03  1.69204474e+09]
[-4.12173078e-01  7.32987002e-03  1.69204474e+09]
[-3.81990170e-01  7.34630951e-03  1.69204474e+09]
[-3.49390658e-01  7.32987002e-03  1.69204474e+09]
[-2.61850363e-01  7.29699104e-03  1.69204474e+09]
[-1.29265862e-01  7.26411206e-03  1.69204474e+09]
[-1.49456402e-02  7.19835409e-03  1.69204474e+09]
[-1.17219351e-04  7.21479359e-03  1.69204474e+09]
[-5.14613870e-05  4.78367752e-02  1.69204474e+09]
[-1.85824052e-05  1.34423571e-01  1.69204474e+09]
[-5.14613870e-05  2.09141052e-01  1.69204474e+09]
[-8.43403688e-05  2.50650763e-01  1.69204474e+09]
[-6.79008779e-05  2.62815985e-01  1.69204474e+09]
[-1.17219351e-04  2.65232590e-01  1.69204474e+09]
[-5.14613870e-05  2.60744609e-01  1.69204474e+09]
[-1.00779860e-04  2.56897769e-01  1.69204474e+09]
[-1.00779860e-04  2.45521642e-01  1.69204474e+09]
[-2.14291430e-06  2.12346753e-01  1.69204474e+09]
[-8.43403688e-05  2.22210446e-01  1.69204474e+09]
[-1.17219351e-04  2.47412184e-01  1.69204474e+09]
[-6.79008779e-05  2.80225404e-01  1.69204474e+09]
[-8.43403688e-05  2.93574269e-01  1.69204474e+09]
[-1.85824052e-05  3.00330899e-01  1.69204474e+09]
[-1.66537823e-04  3.02205000e-01  1.69204474e+09]
[-5.14613870e-05  2.92259110e-01  1.69204474e+09]
[-3.50218961e-05  2.88067040e-01  1.69204474e+09]
[-8.43403688e-05  2.88806817e-01  1.69204474e+09]
[-1.17219351e-04  2.87853327e-01  1.69204474e+09]
[-1.17219351e-04  2.80324041e-01  1.69204474e+09]
[-1.00779860e-04  2.28523210e-01  1.69204474e+09]
[-6.79008779e-05  6.52133168e-02  1.69204474e+09]
[-1.85824052e-05  7.88881271e-03  1.69204474e+09]
[-3.50218961e-05  7.46138595e-03  1.69204474e+09]
[-6.79008779e-05  7.37918849e-03  1.69204474e+09]
[-1.00779860e-04  7.36274900e-03  1.69204474e+09]
[-1.85824052e-05  7.26411206e-03  1.69204474e+09]
[-6.79008779e-05  7.31343053e-03  1.69204474e+09]
[-8.43403688e-05  7.29699104e-03  1.69204474e+09]
[-1.90555129e-02  7.24767257e-03  1.69204474e+09]
[-2.69629081e-02  7.18191460e-03  1.69204474e+09]
[-1.28085064e-02  7.19835409e-03  1.69204474e+09]
[-1.17219351e-04  7.16547511e-03  1.69204474e+09]
[-6.79008779e-05  9.74511575e-02  1.69204474e+09]
[-3.50218961e-05  2.09946587e-01  1.69204475e+09]
[-5.14613870e-05  2.57489590e-01  1.69204475e+09]
[-6.79008779e-05  2.88428709e-01  1.69204475e+09]
[-5.14613870e-05  2.97190956e-01  1.69204475e+09]
[-3.50218961e-05  3.02763943e-01  1.69204475e+09]
[-1.17219351e-04  2.96286784e-01  1.69204475e+09]
[-6.79008779e-05  2.85486040e-01  1.69204475e+09]
[-6.79008779e-05  2.77989633e-01  1.69204475e+09]
[-1.00779860e-04  2.69687691e-01  1.69204475e+09]
[-2.14291431e-06  2.61402189e-01  1.69204475e+09]
[-2.14291431e-06  2.62322800e-01  1.69204475e+09]
[-6.79008779e-05  2.49286285e-01  1.69204475e+09]
[-8.43403688e-05  1.71330226e-01  1.69204475e+09]
[-1.85824052e-05  5.60236416e-02  1.69204475e+09]
[-8.43403688e-05  1.34124816e-02  1.69204475e+09]
[1.42965766e-05 7.46138595e-03 1.69204475e+09]
[-1.17219351e-04  7.36274900e-03  1.69204475e+09]
[-1.07070982e-03  7.29699104e-03  1.69204475e+09]
[-6.89028961e-03  7.06683817e-03  1.69204475e+09]
[-5.14613870e-05  7.11615664e-03  1.69204475e+09]
[-1.17219351e-04  7.08327766e-03  1.69204475e+09]
[-6.79008779e-05  7.03395919e-03  1.69204475e+09]
[-1.83157359e-02  7.08327766e-03  1.69204475e+09]
[-1.11511212e-01  6.90244326e-03  1.69204475e+09]
[-1.91341383e-01  7.01751970e-03  1.69204475e+09]
[-2.21228379e-01  7.01751970e-03  1.69204475e+09]
[-2.27294551e-01  6.98464071e-03  1.69204475e+09]
[-2.37536354e-01  6.86956428e-03  1.69204475e+09]
[-2.53647056e-01  6.96820122e-03  1.69204475e+09]
[-2.72864822e-01  6.96820122e-03  1.69204475e+09]
[-2.94614270e-01  6.98464071e-03  1.69204475e+09]
[-3.10560577e-01  6.96820122e-03  1.69204475e+09]
[-3.39724236e-01  6.88600377e-03  1.69204475e+09]
[-3.62410735e-01  6.91888275e-03  1.69204475e+09]
[-3.81727138e-01  6.86956428e-03  1.69204475e+09]
[-3.69644112e-01  6.83668530e-03  1.69204475e+09]
[-3.18435094e-01  6.82024580e-03  1.69204475e+09]
[-2.47400050e-01  6.78736682e-03  1.69204475e+09]
[-1.60994081e-01  6.83668530e-03  1.69204475e+09]
[-1.24202499e-01  6.72160886e-03  1.69204475e+09]
[-1.15966314e-01  6.90244326e-03  1.69204475e+09]
[-1.31304359e-01  6.82024580e-03  1.69204475e+09]
[-1.26619104e-01  6.80380631e-03  1.69204475e+09]
[-7.79746492e-02  6.82024580e-03  1.69204475e+09]
[-4.63807935e-03  6.83668530e-03  1.69204475e+09]
[-2.14291431e-06  6.78736682e-03  1.69204475e+09]
[-1.17219351e-04  8.34447117e-02  1.69204475e+09]
[-1.33658842e-04  1.48117666e-01  1.69204475e+09]
[-6.79008779e-05  1.97633410e-01  1.69204475e+09]
[-5.14613870e-05  2.24988720e-01  1.69204475e+09]
[-8.43403688e-05  2.38600617e-01  1.69204475e+09]
[-6.79008779e-05  2.47888929e-01  1.69204475e+09]
[-8.43403688e-05  2.42710490e-01  1.69204475e+09]
[-5.14613870e-05  2.30775420e-01  1.69204475e+09]
[-8.43403688e-05  2.16374428e-01  1.69204475e+09]
[-1.85824052e-05  1.67582022e-01  1.69204475e+09]
[-2.14291431e-06  4.54201701e-02  1.69204475e+09]
[-1.85824052e-05  7.28055155e-03  1.69204475e+09]
[-8.43403688e-05  7.05039868e-03  1.69204475e+09]
[-5.14613870e-05  6.96820122e-03  1.69204475e+09]
[-2.14291431e-06  6.98464071e-03  1.69204475e+09]
[-5.14613870e-05  6.93532224e-03  1.69204475e+09]
[-3.36373417e-02  6.80380631e-03  1.69204475e+09]
[-1.08173995e-01  6.78736682e-03  1.69204475e+09]
[-1.78008955e-01  6.83668530e-03  1.69204475e+09]
[-2.21754442e-01  6.83668530e-03  1.69204475e+09]
[-2.48863164e-01  6.80380631e-03  1.69204475e+09]
[-2.62738095e-01  6.75448784e-03  1.69204475e+09]
[-2.71270192e-01  6.72160886e-03  1.69204475e+09]
[-2.71451026e-01  6.80380631e-03  1.69204475e+09]
[-2.62573701e-01  6.68872988e-03  1.69204475e+09]
[-2.51164693e-01  6.77092733e-03  1.69204475e+09]
[-2.30681086e-01  6.68872988e-03  1.69204475e+09]
[-1.88267198e-01  6.75448784e-03  1.69204475e+09]
[-9.87377268e-02  6.72160886e-03  1.69204475e+09]
[-1.91377104e-02  6.78736682e-03  1.69204475e+09]
[-8.43403688e-05  7.88881271e-03  1.69204475e+09]
[-5.14613870e-05  1.08186145e-01  1.69204475e+09]
[-3.50218961e-05  1.92997473e-01  1.69204475e+09]
[-3.50218961e-05  2.34194834e-01  1.69204475e+09]
[-8.43403688e-05  2.43318751e-01  1.69204475e+09]
[-8.43403688e-05  2.47149152e-01  1.69204475e+09]
[-8.43403688e-05  2.52722139e-01  1.69204475e+09]
[-6.79008779e-05  2.63325609e-01  1.69204475e+09]
[-8.43403688e-05  2.71348080e-01  1.69204475e+09]
[-6.79008779e-05  2.74274309e-01  1.69204475e+09]
[-6.79008779e-05  2.72844073e-01  1.69204475e+09]
[-8.43403688e-05  2.68520488e-01  1.69204475e+09]
[-6.79008779e-05  2.64311978e-01  1.69204475e+09]
[-2.14291430e-06  2.51538495e-01  1.69204475e+09]
[-1.00779860e-04  1.80881570e-01  1.69204475e+09]
[-8.43403688e-05  5.93279792e-02  1.69204475e+09]
[-3.50218961e-05  7.06683817e-03  1.69204475e+09]
[-6.79008779e-05  6.59009293e-03  1.69204475e+09]
[-1.85824052e-05  6.59009293e-03  1.69204475e+09]
[-6.42805530e-02  6.50789548e-03  1.69204475e+09]
[-8.67204586e-02  6.59009293e-03  1.69204475e+09]
[-7.92240505e-02  6.57365344e-03  1.69204475e+09]
[-3.43935581e-02  6.54077446e-03  1.69204475e+09]
[-3.50218961e-05  9.49194760e-02  1.69204475e+09]
[-1.00779860e-04  2.30479510e-01  1.69204475e+09]
[-5.14613870e-05  2.98654071e-01  1.69204475e+09]
[-1.17219351e-04  3.29626067e-01  1.69204475e+09]
[-6.79008779e-05  3.37681417e-01  1.69204475e+09]
[-5.14613870e-05  3.36464895e-01  1.69204475e+09]
[-1.17219351e-04  3.33900334e-01  1.69204475e+09]
[-1.17219351e-04  3.32322144e-01  1.69204475e+09]
[-3.50218961e-05  3.34294882e-01  1.69204475e+09]
[-2.14291430e-06  3.32141309e-01  1.69204475e+09]
[-3.50218961e-05  3.20567909e-01  1.69204475e+09]
[-1.00779860e-04  3.03783191e-01  1.69204475e+09]
[-5.14613870e-05  2.97010122e-01  1.69204475e+09]
[-1.33658842e-04  2.77118340e-01  1.69204475e+09]
[-5.14613870e-05  2.33044070e-01  1.69204475e+09]
[-1.33658842e-04  1.17096348e-01  1.69204475e+09]
[-2.14291431e-06  2.38844373e-02  1.69204475e+09]
[-6.79008779e-05  5.06122028e-03  1.69204475e+09]
[-6.79008779e-05  5.24205468e-03  1.69204475e+09]
[-6.79008779e-05  5.19273621e-03  1.69204475e+09]
[-2.14291430e-06  9.59851975e-03  1.69204475e+09]
[-6.79008779e-05  1.16340132e-01  1.69204475e+09]
[-1.85824052e-05  1.98077276e-01  1.69204475e+09]
[-1.50098332e-04  1.95907263e-01  1.69204475e+09]
[-1.17219351e-04  1.82541958e-01  1.69204475e+09]
[-5.14613870e-05  1.58310150e-01  1.69204475e+09]
[-1.17219351e-04  1.12591928e-01  1.69204475e+09]
[-1.85824052e-05  4.67188899e-02  1.69204475e+09]
[-3.50218961e-05  5.50508653e-03  1.69204475e+09]
[-8.43403688e-05  5.32425214e-03  1.69204475e+09]
[-6.79008779e-05  2.76490807e-02  1.69204475e+09]
[-6.79008779e-05  1.11753514e-01  1.69204475e+09]
[-6.79008779e-05  1.26318902e-01  1.69204475e+09]
[-6.79008779e-05  8.74559474e-02  1.69204475e+09]
[-6.79008779e-05  4.25568523e-03  1.69204475e+09]
[-1.50098332e-04  3.25287628e-03  1.69204475e+09]
[-1.03127071e-01  3.08848137e-03  1.69204475e+09]
[-1.56374584e-01  3.03916290e-03  1.69204475e+09]
[-1.48220596e-01  2.92408647e-03  1.69204475e+09]
[-9.23098856e-02  2.90764697e-03  1.69204475e+09]
[-2.54340355e-02  2.85832850e-03  1.69204475e+09]
[-1.50098332e-04  2.80901003e-03  1.69204475e+09]
[-1.17219351e-04  2.79257054e-03  1.69204475e+09]
[-6.79008779e-05  2.84188901e-03  1.69204475e+09]
[-1.19536528e-02  1.42508957e-02  1.69204475e+09]
[-5.14613870e-05  1.00360947e-01  1.69204475e+09]
[-8.43403688e-05  2.33570134e-01  1.69204475e+09]
[-1.00779860e-04  2.74077035e-01  1.69204475e+09]
[-5.14613870e-05  2.85403843e-01  1.69204475e+09]
[-6.79008779e-05  2.90039779e-01  1.69204475e+09]
[-1.85824052e-05  2.97717020e-01  1.69204475e+09]
[-1.00779860e-04  3.13712642e-01  1.69204475e+09]
[-5.14613870e-05  3.22392692e-01  1.69204475e+09]
[-1.17219351e-04  3.14172948e-01  1.69204475e+09]
[-6.79008779e-05  3.03553038e-01  1.69204475e+09]
[-5.14613870e-05  2.93409874e-01  1.69204475e+09]
[-1.00779860e-04  2.85601117e-01  1.69204475e+09]
[-1.85824052e-05  2.57275877e-01  1.69204475e+09]
[-1.00779860e-04  2.12659103e-01  1.69204475e+09]
[-1.17219351e-04  1.64869506e-01  1.69204475e+09]
[-1.00779860e-04  9.95060938e-02  1.69204475e+09]
[-1.00779860e-04  3.18247113e-02  1.69204475e+09]
[-1.00779860e-04  3.86113745e-03  1.69204475e+09]
[-5.14613870e-05  3.82825846e-03  1.69204475e+09]
[-1.00779860e-04  3.77893999e-03  1.69204475e+09]
[-1.00779860e-04  3.74606101e-03  1.69204475e+09]
[-8.43403688e-05  3.74606101e-03  1.69204475e+09]
[-3.50218961e-05  3.82825846e-03  1.69204475e+09]
[-1.33658842e-04  3.71318203e-03  1.69204475e+09]
[-8.43403688e-05  3.69674254e-03  1.69204475e+09]
[-8.39421845e-02  3.61454508e-03  1.69204475e+09]
[-1.42072226e-01  3.53234763e-03  1.69204475e+09]
[-1.46099902e-01  3.74606101e-03  1.69204475e+09]
[-1.27819187e-01  3.68030305e-03  1.69204475e+09]
[-1.06842396e-01  3.68030305e-03  1.69204475e+09]
[-1.02222899e-01  3.69674254e-03  1.69204475e+09]
[-1.41052978e-01  3.58166610e-03  1.69204475e+09]
[-1.58298004e-01  3.64742406e-03  1.69204475e+09]
[-1.21029677e-01  3.59810559e-03  1.69204475e+09]
[-3.65306919e-02  3.63098457e-03  1.69204475e+09]
[-5.14613870e-05  3.58166610e-03  1.69204475e+09]
[-1.00779860e-04  3.58166610e-03  1.69204475e+09]
[-1.00779860e-04  2.53968704e-02  1.69204475e+09]
[-1.17219351e-04  5.38700683e-02  1.69204475e+09]
[-3.50218961e-05  5.85060046e-02  1.69204475e+09]
[-6.79008779e-05  4.24939408e-02  1.69204475e+09]
[-1.85824052e-05  4.37076166e-03  1.69204475e+09]
[-8.43403688e-05  3.36795272e-03  1.69204475e+09]
[-3.50218961e-05  3.00628392e-03  1.69204475e+09]
[-1.00779860e-04  2.92408647e-03  1.69204475e+09]
[-8.43403688e-05  2.82544952e-03  1.69204475e+09]
[-6.79008779e-05  2.82544952e-03  1.69204475e+09]
[-4.65259026e-02  2.80901003e-03  1.69204475e+09]
[-1.66501311e-01  2.66105461e-03  1.69204475e+09]
[-2.50819464e-01  2.66105461e-03  1.69204475e+09]
[-2.79539256e-01  2.71037308e-03  1.69204475e+09]
[-3.03129927e-01  2.71037308e-03  1.69204475e+09]
[-3.05595851e-01  2.71037308e-03  1.69204475e+09]
[-3.01453099e-01  2.67749410e-03  1.69204475e+09]
[-2.95403366e-01  2.67749410e-03  1.69204475e+09]
[-2.86657556e-01  2.64461512e-03  1.69204475e+09]
[-2.77878867e-01  2.80901003e-03  1.69204476e+09]
[-2.60913312e-01  2.75969156e-03  1.69204476e+09]
[-2.26291742e-01  2.64461512e-03  1.69204476e+09]
[-1.44603908e-01  2.64461512e-03  1.69204476e+09]
[-4.92055396e-02  2.69393359e-03  1.69204476e+09]
[-3.33935957e-03  2.64461512e-03  1.69204476e+09]
[-8.43403688e-05  2.71037308e-03  1.69204476e+09]
[-6.79008779e-05  2.66105461e-03  1.69204476e+09]
[-3.81746410e-02  2.71037308e-03  1.69204476e+09]
[-7.14974896e-02  2.71037308e-03  1.69204476e+09]
[-7.34866681e-02  2.62817563e-03  1.69204476e+09]
[-6.65820818e-02  2.72681258e-03  1.69204476e+09]
[-9.03864651e-02  2.62817563e-03  1.69204476e+09]
[-1.58741871e-01  2.74325207e-03  1.69204476e+09]
[-2.39246062e-01  2.72681258e-03  1.69204476e+09]
[-2.94367678e-01  2.69393359e-03  1.69204476e+09]
[-3.18895400e-01  2.71037308e-03  1.69204476e+09]
[-3.18500852e-01  2.75969156e-03  1.69204476e+09]
[-3.14654011e-01  2.82544952e-03  1.69204476e+09]
[-2.94466315e-01  2.71037308e-03  1.69204476e+09]
[-2.72979899e-01  2.75969156e-03  1.69204476e+09]
[-2.53071674e-01  2.71037308e-03  1.69204476e+09]
[-2.53367585e-01  2.69393359e-03  1.69204476e+09]
[-2.64480682e-01  2.77613105e-03  1.69204476e+09]
[-2.78092581e-01  2.74325207e-03  1.69204476e+09]
[-2.86065734e-01  2.82544952e-03  1.69204476e+09]
[-2.83912161e-01  2.75969156e-03  1.69204476e+09]
[-2.80607823e-01  2.72681258e-03  1.69204476e+09]
[-2.79341982e-01  2.75969156e-03  1.69204476e+09]
[-2.69757758e-01  2.72681258e-03  1.69204476e+09]
[-2.65565688e-01  2.77613105e-03  1.69204476e+09]
[-2.59137847e-01  2.80901003e-03  1.69204476e+09]
[-2.58562465e-01  2.74325207e-03  1.69204476e+09]
[-2.60337930e-01  2.75969156e-03  1.69204476e+09]
[-2.62261350e-01  2.80901003e-03  1.69204476e+09]
[-2.60140656e-01  2.72681258e-03  1.69204476e+09]
[-2.64858790e-01  2.77613105e-03  1.69204476e+09]
[-2.71648300e-01  2.79257054e-03  1.69204476e+09]
[-2.78717282e-01  2.80901003e-03  1.69204476e+09]
[-2.85901340e-01  2.75969156e-03  1.69204476e+09]
[-2.92312741e-01  2.72681258e-03  1.69204476e+09]
[-2.88827569e-01  2.75969156e-03  1.69204476e+09]
[-2.82958670e-01  2.74325207e-03  1.69204476e+09]
[-2.71796255e-01  2.79257054e-03  1.69204476e+09]
[-2.62442185e-01  2.79257054e-03  1.69204476e+09]
[-2.46462999e-01  2.75969156e-03  1.69204476e+09]
[-2.22510659e-01  2.75969156e-03  1.69204476e+09]
[-1.79850178e-01  2.74325207e-03  1.69204476e+09]
[-1.47036953e-01  2.69393359e-03  1.69204476e+09]
[-1.32471563e-01  2.75969156e-03  1.69204476e+09]
[-1.17396549e-01  2.69393359e-03  1.69204476e+09]
[-9.61731661e-02  2.75969156e-03  1.69204476e+09]
[-6.16009159e-02  2.75969156e-03  1.69204476e+09]
[-5.83816219e-03  2.79257054e-03  1.69204476e+09]
[-1.00779860e-04  2.75969156e-03  1.69204476e+09]
[-2.14291431e-06  2.77613105e-03  1.69204476e+09]
[-1.85824052e-05  2.75969156e-03  1.69204476e+09]
[-8.43403688e-05  5.52345460e-02  1.69204476e+09]
[-5.14613870e-05  9.94238964e-02  1.69204476e+09]
[-6.79008779e-05  1.40654138e-01  1.69204476e+09]
[-3.50218961e-05  1.87095697e-01  1.69204476e+09]
[-1.00779860e-04  2.06116186e-01  1.69204476e+09]
[-5.14613870e-05  2.01381613e-01  1.69204476e+09]
[-3.50218961e-05  1.92389212e-01  1.69204476e+09]
[-1.17219351e-04  1.81785741e-01  1.69204476e+09]
[-5.14613870e-05  1.75472977e-01  1.69204476e+09]
[-5.14613870e-05  1.73763270e-01  1.69204476e+09]
[-8.43403688e-05  1.74355092e-01  1.69204476e+09]
[-8.43403688e-05  1.60874710e-01  1.69204476e+09]
[-1.17219351e-04  1.25891476e-01  1.69204476e+09]
[-1.17219351e-04  5.28015014e-02  1.69204476e+09]
[-5.14613870e-05  9.15465351e-03  1.69204476e+09]
[-1.00779860e-04  4.91326486e-03  1.69204476e+09]
[-1.17219351e-04  4.66667250e-03  1.69204476e+09]
[-3.50218961e-05  4.50227759e-03  1.69204476e+09]
[-8.43403688e-05  4.46939861e-03  1.69204476e+09]
[-3.50218961e-05  4.40364065e-03  1.69204476e+09]
[1.42965766e-05 4.42008014e-03 1.69204476e+09]
[-1.85824052e-05  4.37076166e-03  1.69204476e+09]
[-5.18358582e-02  4.23924574e-03  1.69204476e+09]
[-7.57224389e-02  4.35432217e-03  1.69204476e+09]
[-6.66971582e-02  4.30500370e-03  1.69204476e+09]
[-2.75547298e-02  4.30500370e-03  1.69204476e+09]
[-3.45443601e-03  6.53119537e-02  1.69204476e+09]
[-5.14613870e-05  1.54134520e-01  1.69204476e+09]
[-8.43403688e-05  2.16160714e-01  1.69204476e+09]
[-6.79008779e-05  2.55681247e-01  1.69204476e+09]
[-5.14613870e-05  2.85124371e-01  1.69204476e+09]
[-1.00779860e-04  2.96122390e-01  1.69204476e+09]
[-1.33658842e-04  2.93837301e-01  1.69204476e+09]
[-6.79008779e-05  2.91157664e-01  1.69204476e+09]
[-5.14613870e-05  2.91552212e-01  1.69204476e+09]
[-6.79008779e-05  2.84499671e-01  1.69204476e+09]
[-8.43403688e-05  2.77808799e-01  1.69204476e+09]
[-2.14291431e-06  2.60645972e-01  1.69204476e+09]
[-1.00779860e-04  1.39010189e-01  1.69204476e+09]
[-6.79008779e-05  3.46851827e-02  1.69204476e+09]
[-1.85824052e-05  4.92970435e-03  1.69204476e+09]
[-3.50218961e-05  4.53515657e-03  1.69204476e+09]
[-1.17219351e-04  4.38720115e-03  1.69204476e+09]
[-1.17219351e-04  4.35432217e-03  1.69204476e+09]
[-8.43403688e-05  4.28856421e-03  1.69204476e+09]
[-1.00779860e-04  4.15704828e-03  1.69204476e+09]
[4.71755584e-05 4.17348777e-03 1.69204476e+09]
[-1.00779860e-04  4.12416930e-03  1.69204476e+09]
[-1.17219351e-04  4.15704828e-03  1.69204476e+09]
[-1.17219351e-04  4.02553236e-03  1.69204476e+09]
[-5.14613870e-05  4.09129032e-03  1.69204476e+09]
[-1.50098332e-04  4.00909286e-03  1.69204476e+09]
[-6.79008779e-05  4.12416930e-03  1.69204476e+09]
[-3.50218961e-05  3.32549470e-02  1.69204476e+09]
[-1.33658842e-04  7.56195143e-02  1.69204476e+09]
[-1.00779860e-04  1.38319730e-01  1.69204476e+09]
[-1.17219351e-04  1.96729238e-01  1.69204476e+09]
[-8.43403688e-05  2.42940642e-01  1.69204476e+09]
[-6.79008779e-05  2.61106278e-01  1.69204476e+09]
[-5.14613870e-05  2.64985997e-01  1.69204476e+09]
[-3.50218961e-05  2.62602272e-01  1.69204476e+09]
[-8.43403688e-05  2.54694877e-01  1.69204476e+09]
[-8.43403688e-05  2.45669598e-01  1.69204476e+09]
[1.42965766e-05 2.35871662e-01 1.69204476e+09]
[-1.33658842e-04  2.24100988e-01  1.69204476e+09]
[-6.79008779e-05  2.14434568e-01  1.69204476e+09]
[-3.50218961e-05  1.95479836e-01  1.69204476e+09]
[-5.14613870e-05  1.94822257e-01  1.69204476e+09]
[-5.14613870e-05  1.96531964e-01  1.69204476e+09]
[-1.00779860e-04  2.01447371e-01  1.69204476e+09]
[-8.43403688e-05  2.04587314e-01  1.69204476e+09]
[-5.14613870e-05  2.07924530e-01  1.69204476e+09]
[4.71755584e-05 2.13349562e-01 1.69204476e+09]
[-2.14291430e-06  2.29509580e-01  1.69204476e+09]
[-1.17219351e-04  2.65561380e-01  1.69204476e+09]
[-3.50218961e-05  3.48597237e-01  1.69204476e+09]
[-5.14613870e-05  3.55107274e-01  1.69204476e+09]
[-1.00779860e-04  3.44914792e-01  1.69204476e+09]
[-1.00779860e-04  3.32059112e-01  1.69204476e+09]
[-1.66537823e-04  3.27110826e-01  1.69204476e+09]
[-1.00779860e-04  3.21850189e-01  1.69204476e+09]
[-6.79008779e-05  3.17115617e-01  1.69204476e+09]
[3.07360675e-05 3.13893477e-01 1.69204476e+09]
[-8.43403688e-05  3.03470841e-01  1.69204476e+09]
[-6.79008779e-05  2.84894219e-01  1.69204476e+09]
[-2.14291431e-06  2.53692068e-01  1.69204476e+09]
[-8.43403688e-05  1.97288180e-01  1.69204476e+09]
[-3.50218961e-05  7.56852722e-02  1.69204476e+09]
[-8.43403688e-05  7.05039868e-03  1.69204476e+09]
[-8.43403688e-05  4.83106741e-03  1.69204476e+09]
[-4.52436222e-02  4.51871708e-03  1.69204476e+09]
[-1.26093040e-01  4.35432217e-03  1.69204476e+09]
[-2.00383103e-01  4.37076166e-03  1.69204476e+09]
[-2.50178324e-01  4.38720115e-03  1.69204476e+09]
[-2.92838805e-01  4.17348777e-03  1.69204476e+09]
[-3.20605107e-01  4.15704828e-03  1.69204476e+09]
[-3.28956369e-01  4.09129032e-03  1.69204476e+09]
[-3.34545796e-01  4.07485083e-03  1.69204476e+09]
[-3.42321676e-01  4.02553236e-03  1.69204476e+09]
[-3.42502510e-01  4.02553236e-03  1.69204476e+09]
[-3.40135224e-01  4.00909286e-03  1.69204476e+09]
[-3.27213783e-01  3.99265337e-03  1.69204476e+09]
[-3.13716960e-01  3.87757694e-03  1.69204476e+09]
[-2.89781060e-01  3.86113745e-03  1.69204476e+09]
[-2.72486714e-01  3.91045592e-03  1.69204476e+09]
[-2.61883242e-01  3.86113745e-03  1.69204476e+09]
[-2.57214426e-01  3.92689541e-03  1.69204476e+09]
[-2.57576095e-01  3.84469796e-03  1.69204476e+09]
[-2.62359987e-01  3.91045592e-03  1.69204476e+09]
[-2.65878038e-01  3.84469796e-03  1.69204476e+09]
[-2.71829134e-01  3.81181897e-03  1.69204476e+09]
[-2.76876058e-01  3.87757694e-03  1.69204476e+09]
[-2.85358836e-01  3.79537948e-03  1.69204476e+09]
[-3.00236577e-01  3.76250050e-03  1.69204476e+09]
[-3.09771482e-01  3.84469796e-03  1.69204476e+09]
[-3.24271114e-01  3.77893999e-03  1.69204476e+09]
[-3.39000899e-01  3.81181897e-03  1.69204476e+09]
[-3.45708211e-01  3.77893999e-03  1.69204476e+09]
[-3.33838898e-01  3.79537948e-03  1.69204476e+09]
[-3.04708118e-01  3.68030305e-03  1.69204476e+09]
[-2.78618645e-01  1.74044312e-03  1.69204476e+09]
[-2.81117447e-01  7.20357054e-02  1.69204476e+09]
[-3.15656820e-01  1.39355418e-01  1.69204476e+09]
[-3.64794462e-01  2.36299089e-01  1.69204476e+09]
[-4.02654612e-01  2.94462001e-01  1.69204476e+09]
[-4.18239250e-01  3.28968488e-01  1.69204476e+09]
[-4.17795384e-01  3.56767663e-01  1.69204476e+09]
[-3.83075177e-01  3.77004673e-01  1.69204476e+09]
[-3.67013793e-01  4.05971050e-01  1.69204476e+09]
[-3.62739525e-01  4.37830777e-01  1.69204476e+09]
[-3.69200245e-01  4.49519253e-01  1.69204476e+09]
[-3.75628087e-01  4.47316362e-01  1.69204476e+09]
[-3.82614871e-01  4.49749406e-01  1.69204476e+09]
[-3.84949279e-01  4.51376915e-01  1.69204476e+09]
[-3.86313757e-01  4.49749406e-01  1.69204476e+09]
[-3.83486164e-01  4.47102648e-01  1.69204476e+09]
[-3.86806941e-01  4.44620286e-01  1.69204476e+09]
[-3.84341018e-01  4.39228134e-01  1.69204476e+09]
[-3.76729533e-01  4.37370472e-01  1.69204476e+09]
[-3.67441220e-01  4.32586581e-01  1.69204476e+09]
[-3.56739110e-01  4.27441021e-01  1.69204476e+09]
[-3.43636835e-01  4.24202442e-01  1.69204476e+09]
[-3.21870948e-01  4.19188398e-01  1.69204476e+09]
[-2.80032441e-01  4.19369233e-01  1.69204477e+09]
[-2.45065642e-01  4.17955437e-01  1.69204477e+09]
[-2.22806570e-01  4.13549654e-01  1.69204477e+09]
[-2.03950473e-01  4.09291827e-01  1.69204477e+09]
[-1.96848612e-01  4.04721649e-01  1.69204477e+09]
[-1.87510981e-01  4.02551637e-01  1.69204477e+09]
[-1.82447618e-01  4.04080509e-01  1.69204477e+09]
[-1.79307675e-01  4.04688770e-01  1.69204477e+09]
[-1.79702222e-01  4.05313471e-01  1.69204477e+09]
[-1.82348981e-01  4.06250522e-01  1.69204477e+09]
[-1.87297268e-01  4.07384846e-01  1.69204477e+09]
[-1.95286861e-01  4.06497114e-01  1.69204477e+09]
[-1.97045886e-01  4.05099758e-01  1.69204477e+09]
[-1.98443243e-01  4.03685962e-01  1.69204477e+09]
[-1.90848198e-01  4.03242095e-01  1.69204477e+09]
[-1.77269178e-01  4.03390051e-01  1.69204477e+09]
[-1.68605566e-01  4.01894057e-01  1.69204477e+09]
[-1.59662482e-01  4.02074892e-01  1.69204477e+09]
[-1.47661653e-01  4.01696784e-01  1.69204477e+09]
[-1.38291143e-01  3.99526771e-01  1.69204477e+09]
[-1.33720965e-01  3.97060848e-01  1.69204477e+09]
[-1.37518487e-01  3.95285383e-01  1.69204477e+09]
[-1.44094284e-01  3.92145441e-01  1.69204477e+09]
[-1.47908246e-01  3.87295792e-01  1.69204477e+09]
[-1.64331298e-01  3.75968985e-01  1.69204477e+09]
[-1.87527421e-01  3.64592859e-01  1.69204477e+09]
[-2.03868275e-01  3.65184681e-01  1.69204477e+09]
[-2.20998226e-01  3.69557585e-01  1.69204477e+09]
[-2.39196743e-01  3.77908845e-01  1.69204477e+09]
[-2.60239293e-01  3.87525945e-01  1.69204477e+09]
[-2.77040453e-01  3.98803434e-01  1.69204477e+09]
[-2.81807906e-01  4.10327515e-01  1.69204477e+09]
[-2.85720505e-01  4.15456635e-01  1.69204477e+09]
[-2.80081759e-01  4.17232099e-01  1.69204477e+09]
[-2.73999147e-01  4.15703227e-01  1.69204477e+09]
[-2.69264574e-01  4.11593355e-01  1.69204477e+09]
[-2.65417733e-01  4.08157502e-01  1.69204477e+09]
[-2.64760153e-01  4.05724458e-01  1.69204477e+09]
[-2.61307860e-01  4.01121401e-01  1.69204477e+09]
[-2.55948585e-01  3.96173116e-01  1.69204477e+09]
[-2.50392037e-01  3.90550811e-01  1.69204477e+09]
[-2.43964196e-01  3.86243665e-01  1.69204477e+09]
[-2.44243667e-01  3.85487448e-01  1.69204477e+09]
[-2.51394846e-01  3.84977824e-01  1.69204477e+09]
[-2.62064076e-01  3.85783359e-01  1.69204477e+09]
[-2.73062096e-01  3.87904053e-01  1.69204477e+09]
[-2.83353218e-01  3.91668696e-01  1.69204477e+09]
[-2.86328766e-01  3.94940154e-01  1.69204477e+09]
[-2.93907372e-01  4.00858370e-01  1.69204477e+09]
[-2.96718525e-01  4.05083318e-01  1.69204477e+09]
[-2.92394939e-01  4.05181955e-01  1.69204477e+09]
[-2.72651109e-01  4.00496701e-01  1.69204477e+09]
[-2.47745279e-01  3.90961798e-01  1.69204477e+09]
[-2.33114131e-01  3.82643417e-01  1.69204477e+09]
[-2.25371131e-01  3.85355933e-01  1.69204477e+09]
[-2.27590462e-01  3.88134206e-01  1.69204477e+09]
[-2.45361553e-01  3.88199964e-01  1.69204477e+09]
[-2.76596587e-01  3.83942137e-01  1.69204477e+09]
[-3.11908616e-01  3.66614916e-01  1.69204477e+09]
[-3.51988097e-01  2.72104296e-01  1.69204477e+09]
[-3.95733586e-01  1.27814896e-01  1.69204477e+09]
[-3.95059566e-01  5.60729600e-02  1.69204477e+09]
[-3.88993394e-01  1.17027746e-02  1.69204477e+09]
[-3.89766050e-01  4.03568070e-02  1.69204477e+09]
[-3.46480867e-01  1.84975002e-01  1.69204477e+09]
[-2.70004351e-01  2.97289593e-01  1.69204477e+09]
[-1.64627209e-01  3.89202773e-01  1.69204477e+09]
[-3.24536981e-02  4.61651594e-01  1.69204477e+09]
[-8.43403688e-05  4.93149652e-01  1.69204477e+09]
[-3.50218961e-05  4.97522555e-01  1.69204477e+09]
[-1.49996061e-01  4.81411858e-01  1.69204477e+09]
[-2.60568083e-01  4.70709752e-01  1.69204477e+09]
[-3.24451948e-01  4.63459938e-01  1.69204477e+09]
[-3.64564309e-01  4.54960723e-01  1.69204477e+09]
[-3.84308139e-01  4.49798724e-01  1.69204477e+09]
[-3.91508636e-01  4.47217725e-01  1.69204477e+09]
[-3.88450891e-01  4.44653165e-01  1.69204477e+09]
[-3.74756794e-01  4.34312727e-01  1.69204477e+09]
[-3.56459639e-01  4.24416156e-01  1.69204477e+09]
[-3.44672523e-01  4.21670761e-01  1.69204477e+09]
[-3.61424366e-01  4.23939410e-01  1.69204477e+09]
[-3.87349445e-01  4.24761385e-01  1.69204477e+09]
[-3.84538291e-01  4.14733297e-01  1.69204477e+09]
[-3.87415203e-01  4.09110993e-01  1.69204477e+09]
[-3.58596773e-01  4.07647878e-01  1.69204477e+09]
[-3.38294000e-01  4.08552050e-01  1.69204477e+09]
[-3.32984045e-01  4.11593355e-01  1.69204477e+09]
[-3.86872699e-01  4.23955850e-01  1.69204477e+09]
[-4.29648258e-01  4.23347589e-01  1.69204477e+09]
[-4.36191176e-01  4.13171546e-01  1.69204477e+09]
[-4.09904428e-01  3.97899262e-01  1.69204477e+09]
[-4.01750440e-01  3.96748498e-01  1.69204477e+09]
[-3.99070802e-01  3.97488275e-01  1.69204477e+09]
[-3.88122101e-01  4.01450191e-01  1.69204477e+09]
[-3.79672202e-01  4.02124210e-01  1.69204477e+09]
[-3.59057079e-01  3.97570472e-01  1.69204477e+09]
[-3.47631632e-01  3.94759320e-01  1.69204477e+09]
[-3.35318452e-01  3.94463409e-01  1.69204477e+09]
[-3.12352482e-01  3.91701575e-01  1.69204477e+09]
[-2.93331990e-01  3.93674313e-01  1.69204477e+09]
[-2.86805512e-01  3.93411282e-01  1.69204477e+09]
[-2.99496799e-01  3.95630613e-01  1.69204477e+09]
[-3.13010062e-01  3.98951389e-01  1.69204477e+09]
[-3.14719769e-01  4.02074892e-01  1.69204477e+09]
[-3.06450704e-01  4.03225656e-01  1.69204477e+09]
[-3.03195685e-01  4.04162707e-01  1.69204477e+09]
[-3.06236991e-01  4.04261344e-01  1.69204477e+09]
[-3.09459131e-01  4.04573694e-01  1.69204477e+09]
[-3.07880940e-01  4.04491496e-01  1.69204477e+09]
[-3.04017660e-01  4.04606573e-01  1.69204477e+09]
[-3.07371316e-01  4.05560063e-01  1.69204477e+09]
[-3.04872513e-01  4.05297031e-01  1.69204477e+09]
[-3.06845252e-01  4.06677948e-01  1.69204477e+09]
[-3.07157603e-01  4.09160311e-01  1.69204477e+09]
[-3.09426253e-01  4.12497527e-01  1.69204477e+09]
[-3.19257069e-01  4.15884061e-01  1.69204477e+09]
[-3.34052611e-01  4.17281418e-01  1.69204477e+09]
[-3.56443200e-01  4.18810290e-01  1.69204477e+09]
[-3.69430398e-01  4.18908927e-01  1.69204477e+09]
[-3.85804132e-01  4.23561302e-01  1.69204477e+09]
[-3.96308968e-01  4.39293892e-01  1.69204477e+09]
[-4.09378364e-01  4.53546927e-01  1.69204477e+09]
[-4.15871963e-01  4.76085464e-01  1.69204477e+09]
[-4.30075684e-01  4.93215410e-01  1.69204477e+09]
[-4.59222904e-01  5.21524206e-01  1.69204477e+09]
[-4.72423816e-01  5.33738744e-01  1.69204477e+09]
[-4.84358887e-01  5.34560718e-01  1.69204477e+09]
[-4.98743443e-01  5.28708261e-01  1.69204477e+09]
[-5.11451170e-01  5.23464065e-01  1.69204477e+09]
[-5.22465630e-01  5.21540645e-01  1.69204477e+09]
[-5.32526599e-01  5.22707849e-01  1.69204477e+09]
[-5.23994503e-01  5.27672574e-01  1.69204477e+09]
[-5.07933119e-01  5.26225899e-01  1.69204477e+09]
[-4.97937908e-01  5.24581950e-01  1.69204477e+09]
[-4.95356907e-01  5.17414334e-01  1.69204477e+09]
[-4.93729398e-01  5.12120819e-01  1.69204477e+09]
[-4.88287926e-01  5.08537011e-01  1.69204477e+09]
[-4.79739390e-01  5.07583521e-01  1.69204477e+09]
[-4.78489989e-01  5.06630031e-01  1.69204477e+09]
[-4.75596638e-01  5.09145272e-01  1.69204477e+09]
[-4.69777058e-01  5.09079514e-01  1.69204477e+09]
