HokinRight_Hand
Dev2/ai0 Dev2/ai1
[-1.33658842e-04  2.57885716e-03  1.69204477e+09]
[-2.81794305e-02  2.62817563e-03  1.69204477e+09]
[-9.66334719e-02  2.66105461e-03  1.69204477e+09]
[-1.50259093e-01  2.61173614e-03  1.69204477e+09]
[-1.71515356e-01  2.57885716e-03  1.69204477e+09]
[-1.71482477e-01  2.57885716e-03  1.69204477e+09]
[-1.93725109e-01  2.62817563e-03  1.69204477e+09]
[-2.31782532e-01  2.61173614e-03  1.69204477e+09]
[-2.66519179e-01  2.66105461e-03  1.69204477e+09]
[-3.07371316e-01  2.61173614e-03  1.69204477e+09]
[-3.53615607e-01  2.67749410e-03  1.69204477e+09]
[-3.76548698e-01  2.67749410e-03  1.69204477e+09]
[-3.75069144e-01  2.72681258e-03  1.69204477e+09]
[-3.58531015e-01  2.72681258e-03  1.69204477e+09]
[-3.37274752e-01  2.72681258e-03  1.69204477e+09]
[-3.05415016e-01  2.77613105e-03  1.69204477e+09]
[-2.87298696e-01  2.67749410e-03  1.69204477e+09]
[-2.79933804e-01  2.75969156e-03  1.69204477e+09]
[-2.67390472e-01  2.72681258e-03  1.69204477e+09]
[-2.57411700e-01  2.82544952e-03  1.69204477e+09]
[-2.39706367e-01  2.75969156e-03  1.69204477e+09]
[-2.36648622e-01  2.80901003e-03  1.69204477e+09]
[-2.36993851e-01  2.80901003e-03  1.69204477e+09]
[-2.41120164e-01  2.77613105e-03  1.69204477e+09]
[-2.41827062e-01  2.87476799e-03  1.69204477e+09]
[-2.48764527e-01  2.84188901e-03  1.69204477e+09]
[-2.54041604e-01  2.85832850e-03  1.69204477e+09]
[-2.47432929e-01  2.84188901e-03  1.69204477e+09]
[-2.36106119e-01  2.82544952e-03  1.69204478e+09]
[-2.18269270e-01  2.77613105e-03  1.69204478e+09]
[-2.08043906e-01  2.85832850e-03  1.69204478e+09]
[-2.01122880e-01  2.90764697e-03  1.69204478e+09]
[-2.03309333e-01  2.84188901e-03  1.69204478e+09]
[-1.82612013e-01  2.85832850e-03  1.69204478e+09]
[-1.38850086e-01  9.68071720e-03  1.69204478e+09]
[-1.01137892e-01  5.74045588e-02  1.69204478e+09]
[-7.14974896e-02  6.70381002e-02  1.69204478e+09]
[-7.98487512e-02  5.79963804e-02  1.69204478e+09]
[-8.58984840e-02  3.38960871e-02  1.69204478e+09]
[-9.90007586e-02  1.02889784e-02  1.69204478e+09]
[-1.27786308e-01  2.34870428e-03  1.69204478e+09]
[-1.64314858e-01  1.92127752e-03  1.69204478e+09]
[-1.96486944e-01  1.83908007e-03  1.69204478e+09]
[-2.21442092e-01  1.90483803e-03  1.69204478e+09]
[-2.33968985e-01  1.98703548e-03  1.69204478e+09]
[-2.40363947e-01  1.95415650e-03  1.69204478e+09]
[-2.36270514e-01  1.97059599e-03  1.69204478e+09]
[-2.25256054e-01  2.01991447e-03  1.69204478e+09]
[-2.05331390e-01  1.97059599e-03  1.69204478e+09]
[-1.91160548e-01  1.98703548e-03  1.69204478e+09]
[-1.66665706e-01  1.92127752e-03  1.69204478e+09]
[-1.13763422e-01  1.97059599e-03  1.69204478e+09]
[-7.31907572e-02  2.00347498e-03  1.69204478e+09]
[-3.08426280e-02  2.03635396e-03  1.69204478e+09]
[-5.80528321e-03  3.26138069e-02  1.69204478e+09]
[-8.40556951e-04  5.44783295e-02  1.69204478e+09]
[-8.43403688e-05  5.38043103e-02  1.69204478e+09]
[-6.79008779e-05  4.16555268e-02  1.69204478e+09]
[-8.43403688e-05  2.39501952e-02  1.69204478e+09]
[-3.50218961e-05  2.65147558e-02  1.69204478e+09]
[-1.17219351e-04  7.94334761e-02  1.69204478e+09]
[-3.50218961e-05  1.30691807e-01  1.69204478e+09]
[-6.79008779e-05  1.45109240e-01  1.69204478e+09]
[-1.00779860e-04  1.47969711e-01  1.69204478e+09]
[-1.85824052e-05  1.45059921e-01  1.69204478e+09]
[-1.85824052e-05  1.41837781e-01  1.69204478e+09]
[-3.50218961e-05  1.42314526e-01  1.69204478e+09]
[-8.43403688e-05  1.43251577e-01  1.69204478e+09]
[-8.43403688e-05  1.52424813e-01  1.69204478e+09]
[-6.79008779e-05  1.65559965e-01  1.69204478e+09]
[-5.14613870e-05  1.75588054e-01  1.69204478e+09]
[-2.14291431e-06  1.82130971e-01  1.69204478e+09]
[-6.79008779e-05  1.78974589e-01  1.69204478e+09]
[-1.85824052e-05  1.79270500e-01  1.69204478e+09]
[-5.14613870e-05  1.80322627e-01  1.69204478e+09]
[-2.14291430e-06  1.92619365e-01  1.69204478e+09]
[-6.79008779e-05  2.07003919e-01  1.69204478e+09]
[-1.85824052e-05  2.15486695e-01  1.69204478e+09]
[-5.14613870e-05  2.32781038e-01  1.69204478e+09]
[-8.43403688e-05  2.56322387e-01  1.69204478e+09]
[-1.00779860e-04  2.73518092e-01  1.69204478e+09]
[-1.85824052e-05  2.82066627e-01  1.69204478e+09]
[-5.14613870e-05  2.79206155e-01  1.69204478e+09]
[-1.17219351e-04  2.62339240e-01  1.69204478e+09]
[-3.65170990e-03  1.60052736e-01  1.69204478e+09]
[-7.38347434e-03  6.70874187e-02  1.69204478e+09]
[-4.81891375e-03  3.35837368e-02  1.69204478e+09]
[-1.99416805e-04  6.32706108e-03  1.69204478e+09]
[-6.79008779e-05  5.19273621e-03  1.69204478e+09]
[-3.65800104e-02  4.99546232e-03  1.69204478e+09]
[-1.17363671e-01  4.97902283e-03  1.69204478e+09]
[-1.62933941e-01  4.92970435e-03  1.69204478e+09]
[-1.86376656e-01  4.79818843e-03  1.69204478e+09]
[-2.06515033e-01  4.73243046e-03  1.69204478e+09]
[-2.23020283e-01  4.68311199e-03  1.69204478e+09]
[-2.38440526e-01  4.78174894e-03  1.69204478e+09]
[-2.43766922e-01  4.78174894e-03  1.69204478e+09]
[-2.35201947e-01  4.60091454e-03  1.69204478e+09]
[-2.14784098e-01  4.60091454e-03  1.69204478e+09]
[-1.78436382e-01  4.58447505e-03  1.69204478e+09]
[-1.53448354e-01  4.55159606e-03  1.69204478e+09]
[-1.27062970e-01  4.48583810e-03  1.69204478e+09]
[-1.19056938e-01  4.61735403e-03  1.69204478e+09]
[-1.17100639e-01  4.58447505e-03  1.69204478e+09]
[-1.22903779e-01  4.51871708e-03  1.69204478e+09]
[-1.13878498e-01  4.50227759e-03  1.69204478e+09]
[-7.97336748e-02  4.50227759e-03  1.69204478e+09]
[-2.37572074e-02  4.55159606e-03  1.69204478e+09]
[-1.07070982e-03  5.11053875e-03  1.69204478e+09]
[-3.50218961e-05  7.18713105e-02  1.69204478e+09]
[-1.33658842e-04  9.15165015e-02  1.69204478e+09]
[-2.14291430e-06  9.81580556e-02  1.69204478e+09]
[-5.14613870e-05  1.02152852e-01  1.69204478e+09]
[-1.00779860e-04  1.12904278e-01  1.69204478e+09]
[-5.14613870e-05  1.24346164e-01  1.69204478e+09]
[-3.50218961e-05  1.29113616e-01  1.69204478e+09]
[-3.50218961e-05  1.23803660e-01  1.69204478e+09]
[-3.50218961e-05  1.15616794e-01  1.69204478e+09]
[-5.14613870e-05  1.09928731e-01  1.69204478e+09]
[-5.14613870e-05  1.12624807e-01  1.69204478e+09]
[-1.85824052e-05  1.11194571e-01  1.69204478e+09]
[-5.14613870e-05  9.68757754e-02  1.69204478e+09]
[-1.85824052e-05  5.06314887e-02  1.69204478e+09]
[-3.50218961e-05  8.77654522e-03  1.69204478e+09]
[-8.43403688e-05  6.95176173e-03  1.69204478e+09]
[-3.50218961e-05  6.63941141e-03  1.69204478e+09]
[-4.30736094e-02  6.49145599e-03  1.69204478e+09]
[-9.01069938e-02  6.32706108e-03  1.69204478e+09]
[-1.15851237e-01  6.19554515e-03  1.69204478e+09]
[-1.29561773e-01  6.04758973e-03  1.69204478e+09]
[-1.30137155e-01  5.94895279e-03  1.69204478e+09]
[-1.30811175e-01  5.96539228e-03  1.69204478e+09]
[-1.28213735e-01  5.88319482e-03  1.69204478e+09]
[-1.19237773e-01  5.81743686e-03  1.69204478e+09]
[-9.32304971e-02  5.75167890e-03  1.69204478e+09]
[-5.44661767e-02  5.76811839e-03  1.69204478e+09]
[-2.67820737e-02  5.70236043e-03  1.69204478e+09]
[-4.16133412e-03  5.71879992e-03  1.69204478e+09]
[-1.85824052e-05  5.66948144e-03  1.69204478e+09]
[-1.00779860e-04  2.87340870e-02  1.69204478e+09]
[-3.50218961e-05  7.83649092e-02  1.69204478e+09]
[-8.43403688e-05  1.01856941e-01  1.69204478e+09]
[-8.43403688e-05  1.08038189e-01  1.69204478e+09]
[-1.50098332e-04  1.06344922e-01  1.69204478e+09]
[-3.50218961e-05  1.04405062e-01  1.69204478e+09]
[-8.43403688e-05  1.03731043e-01  1.69204478e+09]
[-5.14613870e-05  9.81416161e-02  1.69204478e+09]
[-5.14613870e-05  9.54126607e-02  1.69204478e+09]
[-5.14613870e-05  9.55112977e-02  1.69204478e+09]
[-5.14613870e-05  1.00969208e-01  1.69204478e+09]
[-1.85824052e-05  1.05243476e-01  1.69204478e+09]
[-6.79008779e-05  1.11950788e-01  1.69204478e+09]
[-3.50218961e-05  1.19397877e-01  1.69204478e+09]
[-3.50218961e-05  1.28242323e-01  1.69204478e+09]
[-1.33658842e-04  1.33486520e-01  1.69204478e+09]
[-8.43403688e-05  1.34571526e-01  1.69204478e+09]
[-6.79008779e-05  1.32138482e-01  1.69204478e+09]
