HokinRight_Hand
Dev2/ai0 Dev2/ai1
[-2.10674225e-01  5.93251330e-03  1.69204478e+09]
[-2.11594836e-01  5.93251330e-03  1.69204478e+09]
[-2.16280092e-01  5.81743686e-03  1.69204478e+09]
[-2.32292157e-01  5.86675533e-03  1.69204478e+09]
[-2.38802195e-01  5.81743686e-03  1.69204478e+09]
[-2.44506699e-01  5.81743686e-03  1.69204478e+09]
[-2.52003107e-01  5.78455788e-03  1.69204478e+09]
[-2.59614592e-01  5.80099737e-03  1.69204478e+09]
[-2.75396504e-01  5.81743686e-03  1.69204478e+09]
[-2.92345620e-01  5.71879992e-03  1.69204478e+09]
[-3.15212954e-01  5.75167890e-03  1.69204478e+09]
