HokinRight_Hand
Dev2/ai0 Dev2/ai1
[-5.14613870e-05  2.62898182e-01  1.69204479e+09]
[-6.79008779e-05  2.63720157e-01  1.69204479e+09]
[-6.79008779e-05  2.69473978e-01  1.69204479e+09]
[-5.14613870e-05  2.74257869e-01  1.69204479e+09]
[-3.50218961e-05  2.84022926e-01  1.69204479e+09]
[-5.14613870e-05  3.09224662e-01  1.69204479e+09]
[-6.79008779e-05  3.28327348e-01  1.69204479e+09]
[-5.14613870e-05  3.55468943e-01  1.69204479e+09]
[-5.14613870e-05  3.73651017e-01  1.69204479e+09]
[-3.50218961e-05  3.88380798e-01  1.69204479e+09]
[-1.00779860e-04  3.80243252e-01  1.69204479e+09]
[-2.14291431e-06  3.67683483e-01  1.69204479e+09]
[-6.20447822e-02  3.55995007e-01  1.69204479e+09]
[-7.78431333e-02  3.63014668e-01  1.69204479e+09]
[-2.69629081e-02  3.84386003e-01  1.69204479e+09]
[-6.79008779e-05  4.41611859e-01  1.69204479e+09]
[-2.14291431e-06  4.71318013e-01  1.69204479e+09]
[-8.43403688e-05  4.78041763e-01  1.69204479e+09]
[-6.79008779e-05  4.90272741e-01  1.69204479e+09]
[-3.50218961e-05  5.04887445e-01  1.69204479e+09]
[-1.17219351e-04  5.12087940e-01  1.69204479e+09]
[-8.43403688e-05  5.17200621e-01  1.69204479e+09]
[-3.50218961e-05  5.13896284e-01  1.69204479e+09]
[-8.43403688e-05  5.09572699e-01  1.69204479e+09]
[-6.79008779e-05  5.01829701e-01  1.69204479e+09]
[-8.43403688e-05  4.98295211e-01  1.69204479e+09]
[-1.17219351e-04  4.96158078e-01  1.69204479e+09]
[-6.79008779e-05  4.94892237e-01  1.69204479e+09]
[-1.00779860e-04  4.91735856e-01  1.69204479e+09]
[-3.50218961e-05  4.90256302e-01  1.69204479e+09]
[-1.07368460e-01  4.72271503e-01  1.69204479e+09]
[-1.68819279e-01  4.54977163e-01  1.69204479e+09]
[-1.98788472e-01  4.48943871e-01  1.69204479e+09]
[-2.16510244e-01  4.48269852e-01  1.69204479e+09]
[-2.17858283e-01  4.51196081e-01  1.69204479e+09]
[-2.26078029e-01  4.52856469e-01  1.69204479e+09]
[-2.29530322e-01  4.52215329e-01  1.69204479e+09]
[-2.27393188e-01  4.49897361e-01  1.69204479e+09]
[-2.16510244e-01  4.41578980e-01  1.69204479e+09]
[-2.06104046e-01  4.24613429e-01  1.69204479e+09]
[-1.95171784e-01  3.97373198e-01  1.69204479e+09]
[-1.83812095e-01  3.88594512e-01  1.69204479e+09]
[-1.77597968e-01  3.76511488e-01  1.69204479e+09]
[-1.76595159e-01  3.61617312e-01  1.69204479e+09]
[-1.74836133e-01  3.52904383e-01  1.69204479e+09]
[-1.71482477e-01  3.44043499e-01  1.69204479e+09]
[-1.71301642e-01  3.39851429e-01  1.69204479e+09]
[-1.69854967e-01  3.38240359e-01  1.69204479e+09]
[-1.69000113e-01  3.38240359e-01  1.69204479e+09]
[-1.69723451e-01  3.37237551e-01  1.69204479e+09]
[-1.67356164e-01  3.33242755e-01  1.69204479e+09]
[-1.63328489e-01  3.32059112e-01  1.69204479e+09]
[-1.64660088e-01  3.35840194e-01  1.69204479e+09]
[-1.67832910e-01  3.41330983e-01  1.69204479e+09]
[-1.73619611e-01  3.48810950e-01  1.69204479e+09]
[-1.80228286e-01  3.54005829e-01  1.69204479e+09]
[-1.89237128e-01  3.59496618e-01  1.69204479e+09]
[-2.00333785e-01  3.63359898e-01  1.69204479e+09]
[-2.16082818e-01  3.63787324e-01  1.69204479e+09]
[-2.26373940e-01  3.62965350e-01  1.69204479e+09]
[-2.40544781e-01  3.64625738e-01  1.69204479e+09]
[-2.51246891e-01  3.66023095e-01  1.69204479e+09]
[-2.64332726e-01  3.70543954e-01  1.69204479e+09]
[-2.73456644e-01  3.70905623e-01  1.69204479e+09]
[-2.82005180e-01  3.72549571e-01  1.69204479e+09]
[-2.91161977e-01  3.72812603e-01  1.69204479e+09]
[-2.95567761e-01  3.69754858e-01  1.69204479e+09]
[-2.91408569e-01  3.64823012e-01  1.69204479e+09]
[-2.85884900e-01  3.52378319e-01  1.69204479e+09]
[-2.86049295e-01  2.95136020e-01  1.69204479e+09]
[-2.85243760e-01  2.47214910e-01  1.69204479e+09]
[-2.96077385e-01  1.83791359e-01  1.69204479e+09]
[-3.10478380e-01  1.46605233e-01  1.69204479e+09]
[-3.25915063e-01  1.12065864e-01  1.69204479e+09]
[-3.24435509e-01  8.17678837e-02  1.69204479e+09]
[-3.09902998e-01  4.53872911e-02  1.69204479e+09]
[-2.89370072e-01  2.22569277e-02  1.69204479e+09]
[-2.67867217e-01  5.20917570e-03  1.69204479e+09]
[-2.45739661e-01  4.27212472e-03  1.69204479e+09]
[-2.01977734e-01  1.18014115e-02  1.69204479e+09]
[-9.77677968e-02  1.27321711e-01  1.69204479e+09]
[-3.80102461e-02  2.05113377e-01  1.69204479e+09]
[-1.94336212e-02  2.33948242e-01  1.69204479e+09]
[-5.70664626e-03  2.53297521e-01  1.69204479e+09]
[-3.96406023e-03  2.70164437e-01  1.69204479e+09]
[-3.01056975e-03  2.83052996e-01  1.69204479e+09]
[-8.43403688e-05  2.90927511e-01  1.69204479e+09]
[-5.14613870e-05  2.98341721e-01  1.69204479e+09]
[-8.43403688e-05  3.00084306e-01  1.69204479e+09]
[-8.43403688e-05  3.02583109e-01  1.69204479e+09]
[-1.66537823e-04  2.99229453e-01  1.69204479e+09]
[-8.43403688e-05  2.92555020e-01  1.69204479e+09]
[-1.33658842e-04  2.86554607e-01  1.69204479e+09]
[-1.50098332e-04  2.79896614e-01  1.69204479e+09]
[-6.79008779e-05  2.72975589e-01  1.69204479e+09]
[-8.43403688e-05  2.70411029e-01  1.69204479e+09]
[-5.14613870e-05  2.65742214e-01  1.69204479e+09]
[-8.43403688e-05  2.44354439e-01  1.69204479e+09]
[-2.58314299e-03  1.58375908e-01  1.69204479e+09]
[-4.49970298e-02  5.56126543e-02  1.69204479e+09]
[-6.39682027e-02  8.59571082e-03  1.69204479e+09]
[-7.14646107e-02  4.07485083e-03  1.69204479e+09]
[-8.25283883e-02  3.82825846e-03  1.69204479e+09]
[-9.24578411e-02  3.77893999e-03  1.69204479e+09]
[-9.95268223e-02  3.74606101e-03  1.69204479e+09]
[-1.19089817e-01  3.71318203e-03  1.69204479e+09]
[-1.33063385e-01  3.77893999e-03  1.69204479e+09]
[-1.42746245e-01  3.60660998e-02  1.69204479e+09]
[-1.09883702e-01  1.68962939e-01  1.69204479e+09]
[-7.51634962e-02  2.56815571e-01  1.69204479e+09]
[-5.18687371e-02  2.90993269e-01  1.69204479e+09]
[-2.70286661e-02  3.11296038e-01  1.69204479e+09]
[-9.43841071e-03  3.28656138e-01  1.69204479e+09]
[-2.81614260e-04  3.43780467e-01  1.69204479e+09]
[-5.14613870e-05  3.54531892e-01  1.69204479e+09]
[-5.14613870e-05  3.57096453e-01  1.69204479e+09]
[-5.14613870e-05  3.55978567e-01  1.69204479e+09]
[-5.14613870e-05  3.55320988e-01  1.69204479e+09]
[-1.85824052e-05  3.52690670e-01  1.69204479e+09]
[-3.50218961e-05  3.50980963e-01  1.69204479e+09]
[1.42965766e-05 3.44602441e-01 1.69204479e+09]
[-3.50218961e-05  3.38733544e-01  1.69204479e+09]
[-5.14613870e-05  3.36547092e-01  1.69204479e+09]
[-5.14613870e-05  3.25401119e-01  1.69204479e+09]
[-6.79008779e-05  3.13416732e-01  1.69204479e+09]
[-1.00779860e-04  3.01251510e-01  1.69204479e+09]
[-5.14613870e-05  2.73337258e-01  1.69204479e+09]
[-6.79008779e-05  2.48234158e-01  1.69204479e+09]
[-5.14613870e-05  2.23805077e-01  1.69204479e+09]
[-5.14613870e-05  1.54118080e-01  1.69204479e+09]
[-3.66814939e-03  6.81066671e-02  1.69204479e+09]
[-5.60443679e-02  2.53311125e-02  1.69204479e+09]
[-1.08026039e-01  4.12416930e-03  1.69204479e+09]
[-1.45968386e-01  3.49946865e-03  1.69204479e+09]
[-1.76792432e-01  3.48302916e-03  1.69204479e+09]
[-1.92393510e-01  3.40083170e-03  1.69204479e+09]
[-2.04854645e-01  3.45015017e-03  1.69204479e+09]
[-2.14060760e-01  3.51590814e-03  1.69204479e+09]
[-2.18778894e-01  3.48302916e-03  1.69204479e+09]
[-2.24960143e-01  3.48302916e-03  1.69204479e+09]
[-2.32505870e-01  3.45015017e-03  1.69204479e+09]
[-2.40199552e-01  3.48302916e-03  1.69204479e+09]
[-2.48419298e-01  3.36795272e-03  1.69204479e+09]
[-2.52841521e-01  3.48302916e-03  1.69204479e+09]
[-2.55619795e-01  3.51590814e-03  1.69204479e+09]
[-2.61390057e-01  3.48302916e-03  1.69204479e+09]
[-2.63740904e-01  3.49946865e-03  1.69204479e+09]
[-2.67406911e-01  3.49946865e-03  1.69204479e+09]
[-2.81380479e-01  3.46658967e-03  1.69204479e+09]
[-2.95567761e-01  3.51590814e-03  1.69204479e+09]
[-3.10050953e-01  3.46658967e-03  1.69204479e+09]
[-3.17596680e-01  3.43371068e-03  1.69204479e+09]
[-3.14177266e-01  3.51590814e-03  1.69204479e+09]
[-3.14654011e-01  3.48302916e-03  1.69204479e+09]
[-3.15689699e-01  3.46658967e-03  1.69204479e+09]
[-3.15607501e-01  3.45015017e-03  1.69204479e+09]
[-3.12812788e-01  3.48302916e-03  1.69204479e+09]
[-3.09228979e-01  3.43371068e-03  1.69204479e+09]
[-3.01913405e-01  3.46658967e-03  1.69204479e+09]
[-2.85194441e-01  7.34630951e-03  1.69204479e+09]
[-2.76415753e-01  9.45056434e-03  1.69204479e+09]
[-2.67456230e-01  6.96820122e-03  1.69204479e+09]
[-2.64299847e-01  3.63098457e-03  1.69204479e+09]
[-2.62162713e-01 -2.15856296e-04  1.69204479e+09]
[-2.52381216e-01 -1.48169710e-03  1.69204479e+09]
[-2.23924455e-01 -1.31730219e-03  1.69204479e+09]
[-1.54697756e-01 -1.38306015e-03  1.69204479e+09]
[-8.96795670e-02  8.89162165e-03  1.69204479e+09]
[-7.28619674e-02  5.66948144e-03  1.69204479e+09]
[-5.62416418e-02 -1.21866524e-03  1.69204479e+09]
[-7.78595728e-02 -1.36662066e-03  1.69204479e+09]
[-1.58922705e-01 -1.33374168e-03  1.69204479e+09]
[-2.13764849e-01 -1.30086270e-03  1.69204479e+09]
[-2.53055235e-01 -1.16934677e-03  1.69204479e+09]
[-2.84536862e-01 -1.18578626e-03  1.69204479e+09]
[-2.86378085e-01 -1.12002830e-03  1.69204479e+09]
[-2.95452684e-01 -1.02139135e-03  1.69204479e+09]
[-3.00483169e-01 -9.88512369e-04  1.69204479e+09]
[-3.08127533e-01 -9.22754405e-04  1.69204479e+09]
[-3.16708947e-01 -9.22754405e-04  1.69204479e+09]
[-3.08291928e-01 -9.06314914e-04  1.69204479e+09]
[-2.89057722e-01 -7.74798987e-04  1.69204479e+09]
[-2.46808228e-01 -8.40556951e-04  1.69204479e+09]
[-1.85784834e-01 -7.74798987e-04  1.69204479e+09]
[-1.42203742e-01 -7.25480514e-04  1.69204479e+09]
[-8.80684969e-02 -7.58359496e-04  1.69204479e+09]
[-4.48983929e-02  2.21089723e-02  1.69204479e+09]
[-4.56052910e-02  2.49694437e-02  1.69204479e+09]
[-5.28715461e-02  1.13218196e-03  1.69204479e+09]
[-4.26297431e-02 -5.46005390e-03  1.69204479e+09]
[-4.71999217e-02 -1.48169710e-03  1.69204479e+09]
[-5.26578327e-02 -1.66253150e-03  1.69204479e+09]
[-4.55559725e-02  8.08608660e-03  1.69204479e+09]
[-6.90315660e-02  2.43090174e-03  1.69204479e+09]
[-1.33901799e-01 -6.00255710e-03  1.69204479e+09]
[-1.80672153e-01 -6.01899659e-03  1.69204479e+09]
[-1.84108006e-01 -6.00255710e-03  1.69204479e+09]
[-1.66550629e-01 -5.85460168e-03  1.69204479e+09]
[-1.34296347e-01 -5.85460168e-03  1.69204479e+09]
[-1.33244219e-01 -5.78884372e-03  1.69204480e+09]
[-1.39343271e-01 -5.77240423e-03  1.69204480e+09]
[-1.37748640e-01 -5.72308576e-03  1.69204480e+09]
[-1.18169206e-01 -5.69020677e-03  1.69204480e+09]
[-6.76342092e-02 -5.70664626e-03  1.69204480e+09]
[-2.40859972e-02 -7.25480527e-04  1.69204480e+09]
[-1.01781878e-02  5.50208326e-02  1.69204480e+09]
[-3.50218961e-05  7.97622659e-02  1.69204480e+09]
[-1.85824052e-05  8.19158391e-02  1.69204480e+09]
[-6.79008779e-05  7.86279410e-02  1.69204480e+09]
[-8.43403688e-05  7.38604888e-02  1.69204480e+09]
[-1.00779860e-04  5.27521829e-02  1.69204480e+09]
[-1.00779860e-04  2.55448258e-02  1.69204480e+09]
[-1.33658842e-04  3.38439221e-03  1.69204480e+09]
[-6.79008779e-05  1.09930298e-03  1.69204480e+09]
[-2.14291431e-06  8.19831631e-04  1.69204480e+09]
[-3.50218961e-05  7.70513158e-04  1.69204480e+09]
[-5.59128520e-02  7.04755195e-04  1.69204480e+09]
[-1.27605474e-01  5.89678758e-04  1.69204480e+09]
[-1.62111966e-01  5.73239267e-04  1.69204480e+09]
[-1.81773598e-01  5.73239267e-04  1.69204480e+09]
[-1.86228701e-01  6.06118249e-04  1.69204480e+09]
[-1.85390287e-01  5.56799776e-04  1.69204480e+09]
[-1.87280828e-01  4.74602322e-04  1.69204480e+09]
[-1.85373847e-01  5.23920795e-04  1.69204480e+09]
[-1.63427126e-01  4.08844358e-04  1.69204480e+09]
[-1.11527651e-01  4.74602322e-04  1.69204480e+09]
[-4.94685714e-02  4.58162831e-04  1.69204480e+09]
[-7.18620045e-03  4.91041813e-04  1.69204480e+09]
[-1.00779860e-04  4.08844358e-04  1.69204480e+09]
[-1.00779860e-04  4.08844358e-04  1.69204480e+09]
[-1.00779860e-04  3.92404867e-04  1.69204480e+09]
[-8.43403688e-05  4.59791128e-02  1.69204480e+09]
[-8.43403688e-05  8.11925016e-02  1.69204480e+09]
[-6.79008779e-05  9.38837881e-02  1.69204480e+09]
[-5.14613870e-05  1.16159297e-01  1.69204480e+09]
[-8.43403688e-05  1.35607214e-01  1.69204480e+09]
[-8.43403688e-05  1.56008621e-01  1.69204480e+09]
[-8.43403688e-05  1.64754430e-01  1.69204480e+09]
[-6.79008779e-05  1.73861907e-01  1.69204480e+09]
[-1.0077986e-04  1.7925406e-01  1.6920448e+09]
[-1.85824052e-05  1.85879174e-01  1.69204480e+09]
[-6.79008779e-05  1.86487436e-01  1.69204480e+09]
[-1.00779860e-04  1.83988633e-01  1.69204480e+09]
[-8.43403688e-05  1.80766493e-01  1.69204480e+09]
[-1.00779860e-04  1.73286525e-01  1.69204480e+09]
[-6.79008779e-05  1.56074379e-01  1.69204480e+09]
[-6.79008779e-05  1.57849844e-01  1.69204480e+09]
[-3.50218961e-05  1.58852653e-01  1.69204480e+09]
[-5.14613870e-05  1.54989373e-01  1.69204480e+09]
[-8.43403688e-05  1.08366979e-01  1.69204480e+09]
[-5.14613870e-05  2.34898895e-02  1.69204480e+09]
[-5.14613870e-05  3.81181897e-03  1.69204480e+09]
[-8.43403688e-05  3.61454508e-03  1.69204480e+09]
[-2.15856296e-04  3.58166610e-03  1.69204480e+09]
[-6.66149607e-02  3.40083170e-03  1.69204480e+09]
[-1.00513192e-01  3.41727119e-03  1.69204480e+09]
[-8.24790698e-02  3.38439221e-03  1.69204480e+09]
[-4.59833993e-02  3.28575527e-03  1.69204480e+09]
[-6.33106230e-02  3.23643679e-03  1.69204480e+09]
[-6.59573811e-02  1.17227864e-01  1.69204480e+09]
[-5.07672912e-02  2.23410529e-01  1.69204480e+09]
[-2.90014050e-02  2.79682901e-01  1.69204480e+09]
[-1.11974362e-02  3.06018962e-01  1.69204480e+09]
[-8.73435933e-04  3.13285216e-01  1.69204480e+09]
[-6.79008779e-05  3.18003349e-01  1.69204480e+09]
[-1.00779860e-04  3.27143705e-01  1.69204480e+09]
[-5.1461387e-05  3.3371950e-01  1.6920448e+09]
[-6.79008779e-05  3.29806902e-01  1.69204480e+09]
[-1.85824052e-05  3.30004176e-01  1.69204480e+09]
[-3.50218961e-05  3.34623672e-01  1.69204480e+09]
[-5.14613870e-05  3.43484556e-01  1.69204480e+09]
[-5.14613870e-05  3.33538666e-01  1.69204480e+09]
[-3.50218961e-05  3.02763943e-01  1.69204480e+09]
[-2.25435317e-03  1.73631755e-01  1.69204480e+09]
[-1.85824052e-05  6.02485906e-02  1.69204480e+09]
[-3.50218961e-05  3.02272341e-03  1.69204480e+09]
[-1.85824052e-05  2.01991447e-03  1.69204480e+09]
[-3.13851312e-02  1.98703548e-03  1.69204480e+09]
[-8.42545349e-02  1.95415650e-03  1.69204480e+09]
[-1.24909397e-01  2.01991447e-03  1.69204480e+09]
[-1.48286354e-01  1.95415650e-03  1.69204480e+09]
[-1.65630018e-01  2.01991447e-03  1.69204480e+09]
[-1.77367815e-01  1.95415650e-03  1.69204480e+09]
[-1.81707840e-01  1.97059599e-03  1.69204480e+09]
[-1.73636050e-01  2.01991447e-03  1.69204480e+09]
[-1.43683296e-01  1.97059599e-03  1.69204480e+09]
[-8.89233504e-02  1.93771701e-03  1.69204480e+09]
[-4.42572527e-02  1.85551956e-03  1.69204480e+09]
[-3.38181759e-02  1.95415650e-03  1.69204480e+09]
[-2.37572074e-02  1.97059599e-03  1.69204480e+09]
[-7.25480514e-04  1.92127752e-03  1.69204480e+09]
[-1.00779860e-04  1.45980533e-01  1.69204480e+09]
[-1.85824052e-05  2.46113464e-01  1.69204480e+09]
[-1.00779860e-04  2.70427468e-01  1.69204480e+09]
[-1.00779860e-04  2.75885379e-01  1.69204480e+09]
[-5.14613870e-05  2.73403016e-01  1.69204480e+09]
[-1.99416805e-04  2.72153615e-01  1.69204480e+09]
[-1.33658842e-04  2.64640768e-01  1.69204480e+09]
[-8.43403688e-05  2.60119909e-01  1.69204480e+09]
[-3.50218961e-05  2.44995579e-01  1.69204480e+09]
[3.07360675e-05 1.16356571e-01 1.69204480e+09]
[-8.43403688e-05  4.86394639e-03  1.69204480e+09]
[-5.14613870e-05  3.36795272e-03  1.69204480e+09]
[-1.00779860e-04  3.15423934e-03  1.69204480e+09]
[-1.00779860e-04  2.98984443e-03  1.69204480e+09]
[-1.58004937e-02  3.00628392e-03  1.69204480e+09]
[-4.50656343e-03  2.92408647e-03  1.69204480e+09]
[-3.6517099e-03  2.8583285e-03  1.6920448e+09]
[-6.45107059e-02  2.85832850e-03  1.69204480e+09]
[-1.38060990e-01  2.87476799e-03  1.69204480e+09]
[-1.85554682e-01  2.79257054e-03  1.69204480e+09]
[-2.13403180e-01  2.77613105e-03  1.69204480e+09]
[-2.25962952e-01  2.67749410e-03  1.69204480e+09]
[-2.31322227e-01  2.72681258e-03  1.69204480e+09]
[-2.36303393e-01  2.69393359e-03  1.69204480e+09]
[-2.40248871e-01  2.74325207e-03  1.69204480e+09]
[-2.44802610e-01  2.62817563e-03  1.69204480e+09]
[-2.49471426e-01  2.71037308e-03  1.69204480e+09]
[-2.48994680e-01  2.61173614e-03  1.69204480e+09]
[-2.54074483e-01  2.62817563e-03  1.69204480e+09]
[-2.60058458e-01  2.66105461e-03  1.69204480e+09]
[-2.57066471e-01  2.59529665e-03  1.69204480e+09]
[-2.50918101e-01  2.72681258e-03  1.69204480e+09]
[-2.51427725e-01  2.62817563e-03  1.69204480e+09]
[-2.52249700e-01  2.62817563e-03  1.69204480e+09]
[-2.53564859e-01  2.67749410e-03  1.69204480e+09]
[-2.50819464e-01  2.69393359e-03  1.69204480e+09]
[-2.54995095e-01  2.59529665e-03  1.69204480e+09]
[-2.59137847e-01  2.64461512e-03  1.69204480e+09]
[-2.65368414e-01  2.62817563e-03  1.69204480e+09]
[-2.72897701e-01  2.57885716e-03  1.69204480e+09]
[-2.70941402e-01  2.64461512e-03  1.69204480e+09]
[-2.66042433e-01  2.61173614e-03  1.69204480e+09]
[-2.63050446e-01  2.61173614e-03  1.69204480e+09]
[-2.57740490e-01  2.62817563e-03  1.69204480e+09]
[-2.56671923e-01  2.59529665e-03  1.69204480e+09]
[-2.55027974e-01  2.59529665e-03  1.69204480e+09]
[-2.53860770e-01  2.62817563e-03  1.69204480e+09]
[-2.46462999e-01  2.61173614e-03  1.69204480e+09]
[-2.29711156e-01  2.61173614e-03  1.69204480e+09]
[-2.07123295e-01  2.66105461e-03  1.69204480e+09]
[-1.83236713e-01  2.62817563e-03  1.69204480e+09]
[-1.61996890e-01  2.57885716e-03  1.69204480e+09]
[-1.51097507e-01  2.59529665e-03  1.69204480e+09]
[-1.41381768e-01  2.59529665e-03  1.69204480e+09]
[-1.17215715e-01  2.62817563e-03  1.69204480e+09]
[-8.05556493e-02  2.54597818e-03  1.69204480e+09]
[-7.88952607e-02  2.59529665e-03  1.69204480e+09]
[-7.08234705e-02  2.57885716e-03  1.69204480e+09]
[-7.16947635e-02  2.57885716e-03  1.69204480e+09]
[-7.71855536e-02  2.52953868e-03  1.69204480e+09]
[-9.23592041e-02  2.54597818e-03  1.69204480e+09]
[-1.19993989e-01  2.56241767e-03  1.69204480e+09]
[-1.50916673e-01  2.56241767e-03  1.69204480e+09]
[-1.91078351e-01  2.62817563e-03  1.69204480e+09]
[-2.10427632e-01  2.74325207e-03  1.69204480e+09]
[-2.32423672e-01  5.06122028e-03  1.69204480e+09]
[-2.43257298e-01  5.68592093e-03  1.69204480e+09]
[-2.49948171e-01  4.96258334e-03  1.69204480e+09]
[-2.61061267e-01  1.75688261e-03  1.69204480e+09]
[-2.75445823e-01  4.58162831e-04  1.69204480e+09]
[-2.85539671e-01  3.10207413e-04  1.69204480e+09]
[-2.89172798e-01  3.10207413e-04  1.69204480e+09]
[-2.85145123e-01  4.25283849e-04  1.69204480e+09]
[-2.79062511e-01  3.59525886e-04  1.69204480e+09]
[-2.70366020e-01  3.59525886e-04  1.69204480e+09]
[-2.60584522e-01  3.59525886e-04  1.69204480e+09]
[-2.59203605e-01  3.43086395e-04  1.69204480e+09]
[-2.59795426e-01  3.26646904e-04  1.69204480e+09]
[-2.57033592e-01  4.08844358e-04  1.69204480e+09]
[-2.46709591e-01  4.25283849e-04  1.69204480e+09]
[-2.33426481e-01  5.40360286e-04  1.69204480e+09]
[-2.15014251e-01  3.59525886e-04  1.69204480e+09]
[-1.97785663e-01  5.23920795e-04  1.69204480e+09]
[-1.76118413e-01  4.41723340e-04  1.69204480e+09]
[-1.32981187e-01  4.08844358e-04  1.69204480e+09]
[-9.86226503e-02  4.74602322e-04  1.69204480e+09]
[-8.28242991e-02  4.91683740e-02  1.69204480e+09]
[-8.13283054e-02  1.12312457e-01  1.69204480e+09]
[-8.11310315e-02  1.61515851e-01  1.69204480e+09]
[-8.47148406e-02  2.08483473e-01  1.69204480e+09]
[-8.37777896e-02  2.42809127e-01  1.69204480e+09]
[-8.86438791e-02  2.58804750e-01  1.69204480e+09]
[-1.05066931e-01  2.67780711e-01  1.69204480e+09]
[-1.55190940e-01  2.75770302e-01  1.69204480e+09]
[-2.30335857e-01  2.76805990e-01  1.69204480e+09]
[-2.79588575e-01  2.79518506e-01  1.69204480e+09]
[-2.98083003e-01  2.81409047e-01  1.69204480e+09]
[-3.12122329e-01  2.82937919e-01  1.69204480e+09]
[-3.18451534e-01  2.86784760e-01  1.69204480e+09]
[-3.16873342e-01  2.89793186e-01  1.69204480e+09]
[-3.08719354e-01  2.89826065e-01  1.69204480e+09]
[-3.02373710e-01  2.85732633e-01  1.69204480e+09]
[-2.96110264e-01  2.79666461e-01  1.69204480e+09]
[-2.87430212e-01  2.77299175e-01  1.69204480e+09]
[-2.82827155e-01  2.74800372e-01  1.69204480e+09]
[-2.80114638e-01  2.74964767e-01  1.69204480e+09]
[-2.83320339e-01  2.75753863e-01  1.69204480e+09]
[-2.91342811e-01  2.75211360e-01  1.69204480e+09]
[-2.92953882e-01  2.76230608e-01  1.69204481e+09]
[-2.92131907e-01  2.83381786e-01  1.69204481e+09]
[-2.90718111e-01  2.91946759e-01  1.69204481e+09]
[-2.90471518e-01  2.90401447e-01  1.69204481e+09]
[-2.93085398e-01  2.88954772e-01  1.69204481e+09]
[-2.96488372e-01  2.84088684e-01  1.69204481e+09]
[-2.99431041e-01  2.81639200e-01  1.69204481e+09]
[-2.98066564e-01  2.80176085e-01  1.69204481e+09]
[-2.95699277e-01  2.79008882e-01  1.69204481e+09]
[-2.90783869e-01  2.80044569e-01  1.69204481e+09]
[-2.88942646e-01  2.79978811e-01  1.69204481e+09]
[-2.82876473e-01  2.78893805e-01  1.69204481e+09]
[-2.78536447e-01  2.78729410e-01  1.69204481e+09]
[-2.73111415e-01  2.78088270e-01  1.69204481e+09]
[-2.73505963e-01  2.78893805e-01  1.69204481e+09]
[-2.73177173e-01  2.79337671e-01  1.69204481e+09]
[-2.72190803e-01  2.76181289e-01  1.69204481e+09]
[-2.68820707e-01  2.75079844e-01  1.69204481e+09]
[-2.62540822e-01  2.74619538e-01  1.69204481e+09]
[-2.59104968e-01  2.73041347e-01  1.69204481e+09]
[-2.51756515e-01  2.69687691e-01  1.69204481e+09]
[-2.46693151e-01  2.67221768e-01  1.69204481e+09]
[-2.40446144e-01  2.64196902e-01  1.69204481e+09]
[-2.34988233e-01  2.61369310e-01  1.69204481e+09]
[-2.34988233e-01  2.61155597e-01  1.69204481e+09]
[-2.36171877e-01  2.57423832e-01  1.69204481e+09]
[-2.33705953e-01  2.57867699e-01  1.69204481e+09]
[-2.31503061e-01  2.58771871e-01  1.69204481e+09]
[-2.32588067e-01  2.58295125e-01  1.69204481e+09]
[-2.33459360e-01  2.55862081e-01  1.69204481e+09]
[-2.46512317e-01  2.54415406e-01  1.69204481e+09]
[-2.55915706e-01  2.54579801e-01  1.69204481e+09]
[-2.55307445e-01  2.55664807e-01  1.69204481e+09]
[-2.50803024e-01  2.54497603e-01  1.69204481e+09]
[-2.50687948e-01  2.54760635e-01  1.69204481e+09]
[-2.49060438e-01  2.55681247e-01  1.69204481e+09]
[-2.47597323e-01  2.56190871e-01  1.69204481e+09]
[-2.44391623e-01  2.56503221e-01  1.69204481e+09]
[-2.42714794e-01  2.52902973e-01  1.69204481e+09]
[-2.42287368e-01  2.51472737e-01  1.69204481e+09]
[-2.38555603e-01  2.52048120e-01  1.69204481e+09]
[-2.39262501e-01  2.52409788e-01  1.69204481e+09]
[-2.37487036e-01  2.50321973e-01  1.69204481e+09]
[-2.35596494e-01  2.49368483e-01  1.69204481e+09]
[-2.36385590e-01  2.49697273e-01  1.69204481e+09]
[-2.38276132e-01  2.49582196e-01  1.69204481e+09]
[-2.41300998e-01  2.50404171e-01  1.69204481e+09]
[-2.44112151e-01  2.51571374e-01  1.69204481e+09]
[-2.46002693e-01  2.52656381e-01  1.69204481e+09]
[-2.45016323e-01  2.51883725e-01  1.69204481e+09]
[-2.44950565e-01  2.52311151e-01  1.69204481e+09]
[-2.40890011e-01  2.51423419e-01  1.69204481e+09]
[-2.37404839e-01  2.49878107e-01  1.69204481e+09]
[-2.36385590e-01  2.48414992e-01  1.69204481e+09]
[-2.36023921e-01  2.49056132e-01  1.69204481e+09]
[-2.33738832e-01  2.48842419e-01  1.69204481e+09]
[-2.33656634e-01  2.48743782e-01  1.69204481e+09]
[-2.33360724e-01  2.49779470e-01  1.69204481e+09]
[-2.33229208e-01  2.50683642e-01  1.69204481e+09]
