HokinRight_Hand
Dev2/ai0 Dev2/ai1
[-3.45579530e-02  3.12136036e-03  1.69204396e+09]
[-3.51333352e-02  3.10492087e-03  1.69204396e+09]
[-5.67677055e-02  3.02272341e-03  1.69204396e+09]
[-9.07316945e-02  3.05560239e-03  1.69204396e+09]
[-1.01285848e-01  3.03916290e-03  1.69204396e+09]
[-1.09735746e-01  3.08848137e-03  1.69204396e+09]
[-1.13516830e-01  3.00628392e-03  1.69204396e+09]
[-1.14897747e-01  3.07204188e-03  1.69204396e+09]
[-1.09719307e-01  3.01478833e-02  1.69204396e+09]
[-1.01433803e-01  6.36515652e-02  1.69204396e+09]
[-9.75376439e-02  8.01568137e-02  1.69204396e+09]
[-7.26482540e-02  1.17326501e-01  1.69204396e+09]
