HokinRight_Hand
Dev2/ai0 Dev2/ai1
[-3.42305236e-01  4.37076166e-03  1.69204410e+09]
[-3.41318867e-01  4.38720115e-03  1.69204410e+09]
[-3.36929523e-01  4.40364065e-03  1.69204410e+09]
[-3.36304822e-01  4.42008014e-03  1.69204410e+09]
[-3.37044599e-01  4.43651963e-03  1.69204410e+09]
[-3.35860956e-01  4.38720115e-03  1.69204410e+09]
[-3.38984459e-01  4.38720115e-03  1.69204410e+09]
[-3.36304822e-01  4.40364065e-03  1.69204410e+09]
[-3.35318452e-01  4.33788268e-03  1.69204410e+09]
[-3.36781567e-01  4.37076166e-03  1.69204410e+09]
[-3.3507186e-01  4.3050037e-03  1.6920441e+09]
[-3.36913083e-01  4.27212472e-03  1.69204410e+09]
[-3.39609160e-01  4.28856421e-03  1.69204410e+09]
[-3.42535389e-01  4.33788268e-03  1.69204410e+09]
[-3.45165708e-01  4.33788268e-03  1.69204410e+09]
[-3.49571492e-01  4.37076166e-03  1.69204410e+09]
[-3.51166123e-01  4.27212472e-03  1.69204410e+09]
[-3.53632046e-01  4.28856421e-03  1.69204410e+09]
[-3.56015773e-01  4.28856421e-03  1.69204410e+09]
[-3.58711850e-01  4.28856421e-03  1.69204410e+09]
[-3.61457245e-01  4.30500370e-03  1.69204410e+09]
[-3.67671373e-01  4.35432217e-03  1.69204410e+09]
[-3.81891533e-01  4.30500370e-03  1.69204410e+09]
[-4.31374404e-01  4.35432217e-03  1.69204410e+09]
[-5.16399457e-01  4.33788268e-03  1.69204410e+09]
[-5.73066386e-01  4.37076166e-03  1.69204410e+09]
[-6.12718441e-01  4.28856421e-03  1.69204410e+09]
[-6.12488288e-01  4.55352465e-02  1.69204410e+09]
[-5.70337430e-01  1.74404411e-01  1.69204410e+09]
[-5.12733451e-01  2.88214995e-01  1.69204410e+09]
[-4.98957156e-01  3.44470925e-01  1.69204410e+09]
[-4.96704946e-01  3.73108514e-01  1.69204410e+09]
[-4.94600691e-01  3.74177081e-01  1.69204410e+09]
[-4.87482391e-01  3.72056387e-01  1.69204410e+09]
[-4.88698913e-01  3.66664235e-01  1.69204410e+09]
[-4.87597467e-01  3.62307770e-01  1.69204410e+09]
[-4.88353684e-01  3.56011446e-01  1.69204410e+09]
[-4.85263059e-01  3.52246803e-01  1.69204410e+09]
[-4.80627123e-01  3.49895957e-01  1.69204410e+09]
[-4.69086599e-01  3.48613677e-01  1.69204410e+09]
[-4.49392088e-01  3.48399963e-01  1.69204410e+09]
[-4.35040411e-01  3.46460104e-01  1.69204410e+09]
[-4.22299805e-01  3.44816155e-01  1.69204410e+09]
[-4.15411658e-01  3.43024251e-01  1.69204410e+09]
[-4.06863122e-01  3.39440442e-01  1.69204410e+09]
[-4.05235612e-01  3.36185423e-01  1.69204410e+09]
[-4.01438089e-01  3.32568736e-01  1.69204410e+09]
[-3.98265267e-01  3.28162953e-01  1.69204410e+09]
[-3.89946884e-01  3.23773610e-01  1.69204410e+09]
[-3.83864272e-01  3.18776005e-01  1.69204410e+09]
[-3.73836182e-01  3.14633254e-01  1.69204410e+09]
[-3.62854602e-01  3.12019375e-01  1.69204410e+09]
[-3.52826511e-01  3.08123216e-01  1.69204410e+09]
[-3.47713829e-01  3.03684554e-01  1.69204410e+09]
[-3.42650466e-01  2.97733459e-01  1.69204410e+09]
[-3.38030969e-01  2.93344116e-01  1.69204410e+09]
[-3.30320847e-01  2.86538168e-01  1.69204410e+09]
[-3.24188916e-01  2.81803595e-01  1.69204410e+09]
[-3.17103495e-01  2.79469187e-01  1.69204410e+09]
[-3.05431456e-01  2.79288353e-01  1.69204410e+09]
[-2.96915799e-01  2.78236226e-01  1.69204410e+09]
[-2.84865652e-01  2.73633169e-01  1.69204410e+09]
[-2.74508772e-01  2.69737010e-01  1.69204410e+09]
[-2.66256147e-01  2.65610698e-01  1.69204410e+09]
[-2.59384439e-01  2.61435068e-01  1.69204410e+09]
[-2.58085719e-01  2.58475960e-01  1.69204410e+09]
[-2.54682744e-01  2.56437463e-01  1.69204410e+09]
[-2.52348337e-01  2.53774266e-01  1.69204410e+09]
[-2.53137432e-01  2.51850846e-01  1.69204410e+09]
[-2.54353955e-01  2.52163196e-01  1.69204410e+09]
[-2.57543216e-01  2.52639941e-01  1.69204410e+09]
[-2.63083325e-01  2.54119495e-01  1.69204410e+09]
[-2.68902905e-01  2.55730565e-01  1.69204410e+09]
[-2.77270606e-01  2.57818380e-01  1.69204410e+09]
[-2.87183620e-01  2.59889756e-01  1.69204410e+09]
[-2.94827984e-01  2.62010450e-01  1.69204410e+09]
[-2.96850041e-01  2.62963940e-01  1.69204410e+09]
[-2.98165201e-01  2.62487195e-01  1.69204410e+09]
[-2.92904563e-01  2.61599463e-01  1.69204410e+09]
[-2.88712493e-01  2.60662412e-01  1.69204410e+09]
[-2.87906958e-01  2.60333622e-01  1.69204410e+09]
[-2.85013607e-01  2.59906195e-01  1.69204410e+09]
[-2.83682008e-01  2.59478769e-01  1.69204410e+09]
[-2.79736530e-01  2.58821189e-01  1.69204410e+09]
[-2.78273415e-01  2.58771871e-01  1.69204410e+09]
[-2.75149912e-01  2.58081412e-01  1.69204410e+09]
[-2.72766186e-01  2.58114291e-01  1.69204410e+09]
[-2.71911332e-01  2.58097852e-01  1.69204410e+09]
[-2.72338759e-01  2.57785501e-01  1.69204410e+09]
[-2.72256561e-01  2.57851259e-01  1.69204410e+09]
[-2.70892083e-01  2.57423832e-01  1.69204410e+09]
[-2.68870026e-01  2.56486782e-01  1.69204410e+09]
[-2.66502739e-01  2.55138743e-01  1.69204410e+09]
[-2.63905299e-01  2.53971540e-01  1.69204410e+09]
[-2.60370809e-01  2.52639941e-01  1.69204410e+09]
[-2.58381630e-01  2.51209706e-01  1.69204410e+09]
[-2.53877209e-01  2.48924617e-01  1.69204410e+09]
[-2.46232846e-01  2.47412184e-01  1.69204410e+09]
[-2.35843087e-01  2.47806731e-01  1.69204410e+09]
[-2.24894385e-01  2.46294298e-01  1.69204410e+09]
[-2.19748824e-01  2.44173604e-01  1.69204410e+09]
[-2.16954111e-01  2.44025649e-01  1.69204410e+09]
[-2.19929659e-01  2.43170795e-01  1.69204410e+09]
[-2.28083647e-01  2.41181617e-01  1.69204410e+09]
[-2.26867124e-01  2.39356834e-01  1.69204410e+09]
[-2.21820200e-01  2.39866458e-01  1.69204410e+09]
[-2.17726767e-01  2.40293885e-01  1.69204410e+09]
[-2.09638537e-01  2.40376082e-01  1.69204410e+09]
[-1.94859434e-01  2.39192439e-01  1.69204410e+09]
[-1.88891898e-01  2.38649936e-01  1.69204410e+09]
[-1.86031427e-01  2.37860840e-01  1.69204410e+09]
[-1.86097185e-01  2.37581369e-01  1.69204410e+09]
[-1.86376656e-01  2.35970299e-01  1.69204410e+09]
[-1.77976076e-01  2.27602599e-01  1.69204410e+09]
[-1.72140056e-01  2.17393676e-01  1.69204410e+09]
[-1.7202498e-01  2.1469760e-01  1.6920441e+09]
[-1.70923534e-01  2.05918912e-01  1.69204410e+09]
[-1.76545840e-01  2.07069677e-01  1.69204410e+09]
[-1.85340968e-01  2.08434154e-01  1.69204410e+09]
[-1.91801688e-01  2.08795823e-01  1.69204410e+09]
[-1.91456459e-01  2.08549231e-01  1.69204410e+09]
