HokinRight_Hand
Dev2/ai0 Dev2/ai1
[-9.99213701e-02  3.13779985e-03  1.69204412e+09]
[-1.18925422e-01  2.23362785e-03  1.69204412e+09]
[-1.37436290e-01  2.11855141e-03  1.69204412e+09]
[-1.53925100e-01  2.08567243e-03  1.69204412e+09]
[-1.67208209e-01  2.08567243e-03  1.69204412e+09]
[-1.77466452e-01  2.08567243e-03  1.69204412e+09]
[-1.83433987e-01  2.13499090e-03  1.69204412e+09]
[-1.93314122e-01  2.18430938e-03  1.69204412e+09]
[-2.10016645e-01  2.15143039e-03  1.69204412e+09]
[-2.29957749e-01  2.15143039e-03  1.69204412e+09]
[-2.97261028e-01  2.11855141e-03  1.69204412e+09]
[-4.17663868e-01  2.16786988e-03  1.69204412e+09]
[-4.85674047e-01  2.13499090e-03  1.69204412e+09]
[-5.23961624e-01  2.15143039e-03  1.69204412e+09]
[-5.24175337e-01  2.13499090e-03  1.69204412e+09]
[-5.21709413e-01  2.08567243e-03  1.69204412e+09]
[-4.82895772e-01  2.13499090e-03  1.69204412e+09]
[-4.24124588e-01  2.15143039e-03  1.69204412e+09]
[-3.27789165e-01  2.13499090e-03  1.69204412e+09]
[-2.45821858e-01  2.13499090e-03  1.69204412e+09]
[-1.23265448e-01  3.00163673e-02  1.69204412e+09]
[-1.55867803e-02  1.26401100e-01  1.69204412e+09]
[-5.14613870e-05  2.01052823e-01  1.69204412e+09]
[-8.43403688e-05  2.35592191e-01  1.69204412e+09]
[-3.50218961e-05  2.72252252e-01  1.69204412e+09]
[-8.43403688e-05  2.94051014e-01  1.69204412e+09]
[-5.14613870e-05  3.06528586e-01  1.69204412e+09]
[-6.79008779e-05  3.04818879e-01  1.69204412e+09]
[-1.00779860e-04  3.05542217e-01  1.69204412e+09]
[-5.14613870e-05  3.01383026e-01  1.69204412e+09]
[-8.43403688e-05  3.01580300e-01  1.69204412e+09]
[-1.17219351e-04  3.14468859e-01  1.69204412e+09]
[-8.43403688e-05  3.18036228e-01  1.69204412e+09]
[-3.99994245e-02  3.18282820e-01  1.69204412e+09]
[-1.24301136e-01  2.96171708e-01  1.69204412e+09]
[-2.10378314e-01  2.56371705e-01  1.69204412e+09]
[-2.60469446e-01  2.53922221e-01  1.69204412e+09]
[-2.70234504e-01  2.57325196e-01  1.69204412e+09]
[-2.56803439e-01  2.60563775e-01  1.69204412e+09]
[-2.36977412e-01  2.61665221e-01  1.69204412e+09]
[-2.14044321e-01  2.60448698e-01  1.69204412e+09]
[-2.05479345e-01  2.58114291e-01  1.69204412e+09]
[-2.07041097e-01  2.59034902e-01  1.69204412e+09]
[-2.23908016e-01  2.58492399e-01  1.69204412e+09]
[-2.52414095e-01  2.54892151e-01  1.69204412e+09]
[-2.64760153e-01  2.53346839e-01  1.69204412e+09]
[-2.71960650e-01  2.54842833e-01  1.69204412e+09]
[-2.70481096e-01  2.58393762e-01  1.69204412e+09]
[-2.65713643e-01  2.60300743e-01  1.69204412e+09]
[-2.50507114e-01  2.60974762e-01  1.69204412e+09]
[-2.34001864e-01  2.61352870e-01  1.69204412e+09]
[-2.24450519e-01  2.62487195e-01  1.69204412e+09]
[-2.14471747e-01  2.60284304e-01  1.69204412e+09]
[-2.11578397e-01  2.58492399e-01  1.69204412e+09]
[-2.09030276e-01  2.55056546e-01  1.69204412e+09]
[-2.15178646e-01  2.51505616e-01  1.69204412e+09]
[-2.23414831e-01  2.50026062e-01  1.69204412e+09]
[-2.26357500e-01  2.46787483e-01  1.69204412e+09]
[-2.25075220e-01  2.45110655e-01  1.69204412e+09]
[-2.24861506e-01  2.43252993e-01  1.69204412e+09]
[-2.26883564e-01  2.43039279e-01  1.69204412e+09]
[-2.24532716e-01  2.45702477e-01  1.69204412e+09]
[-2.23924455e-01  2.47740973e-01  1.69204412e+09]
[-2.20192691e-01  2.48678024e-01  1.69204412e+09]
[-2.16296531e-01  2.48513629e-01  1.69204412e+09]
[-2.15014251e-01  2.49253406e-01  1.69204412e+09]
[-2.12088021e-01  2.48793101e-01  1.69204412e+09]
[-2.11183849e-01  2.48941056e-01  1.69204412e+09]
[-2.06416397e-01  2.46771043e-01  1.69204412e+09]
[-2.03194256e-01  2.44650349e-01  1.69204412e+09]
[-2.00268027e-01  2.42414579e-01  1.69204412e+09]
[-1.93955262e-01  2.39126681e-01  1.69204412e+09]
[-1.90634484e-01  2.36134694e-01  1.69204412e+09]
[-1.84765586e-01  2.31860427e-01  1.69204412e+09]
[-1.83516185e-01  2.35214083e-01  1.69204412e+09]
[-1.78847369e-01  2.36940229e-01  1.69204412e+09]
[-1.77877439e-01  2.36545681e-01  1.69204412e+09]
[-1.76282808e-01  2.35230522e-01  1.69204412e+09]
[-1.74770375e-01  2.33027630e-01  1.69204412e+09]
[-1.78124031e-01  2.32254974e-01  1.69204412e+09]
[-1.74474464e-01  2.32353611e-01  1.69204412e+09]
[-1.71581114e-01  2.32419369e-01  1.69204412e+09]
[-1.64939559e-01  2.33915363e-01  1.69204412e+09]
[-1.59711801e-01  2.35953860e-01  1.69204412e+09]
[-1.57212998e-01  2.37680006e-01  1.69204412e+09]
[-1.58577476e-01  2.37532051e-01  1.69204412e+09]
[-1.56012915e-01  2.37630687e-01  1.69204412e+09]
[-1.49979622e-01  2.39521229e-01  1.69204412e+09]
[-1.46724602e-01  2.39965095e-01  1.69204412e+09]
[-1.44883379e-01  2.39734942e-01  1.69204412e+09]
[-1.46099902e-01  2.39734942e-01  1.69204412e+09]
[-1.45557398e-01  2.39077362e-01  1.69204412e+09]
[-1.48121959e-01  2.38485541e-01  1.69204412e+09]
[-1.52461985e-01  2.39323955e-01  1.69204412e+09]
[-1.54829272e-01  2.39291076e-01  1.69204412e+09]
[-1.58626794e-01  2.38337585e-01  1.69204412e+09]
[-1.64150463e-01  2.37351216e-01  1.69204412e+09]
[-1.76069095e-01  2.38255388e-01  1.69204412e+09]
[-1.82562694e-01  2.39307515e-01  1.69204412e+09]
[-1.86475293e-01  2.39406152e-01  1.69204412e+09]
[-1.90798879e-01  2.39784261e-01  1.69204412e+09]
[-1.91916765e-01  2.38140312e-01  1.69204412e+09]
[-1.91029032e-01  2.34983930e-01  1.69204412e+09]
[-1.94251173e-01  2.31465879e-01  1.69204412e+09]
[-1.97769224e-01  2.22621434e-01  1.69204412e+09]
[-1.98870670e-01  1.91287767e-01  1.69204412e+09]
[-2.06350639e-01  1.72859099e-01  1.69204412e+09]
[-2.11150970e-01  1.67401188e-01  1.69204412e+09]
[-2.23891576e-01  1.34505768e-01  1.69204412e+09]
[-2.34758080e-01  1.00262310e-01  1.69204412e+09]
[-2.46216406e-01  7.44358710e-02  1.69204412e+09]
[-2.50687948e-01  6.50653614e-02  1.69204412e+09]
[-2.50770145e-01  5.49057562e-02  1.69204412e+09]
[-2.49865973e-01  4.76559408e-02  1.69204412e+09]
[-2.42451763e-01  4.12609790e-02  1.69204412e+09]
[-2.26242424e-01  4.19843166e-02  1.69204412e+09]
[-1.95681408e-01  6.59366544e-02  1.69204412e+09]
[-1.35463551e-01  1.10586310e-01  1.69204412e+09]
[-8.30873310e-02  1.68732787e-01  1.69204412e+09]
[-6.22091771e-02  2.07957409e-01  1.69204412e+09]
[-5.50744379e-02  2.21536427e-01  1.69204412e+09]
[-5.06522148e-02  2.36792273e-01  1.69204412e+09]
[-5.00110746e-02  2.42710490e-01  1.69204412e+09]
[-5.30359410e-02  2.40080171e-01  1.69204412e+09]
[-5.17207817e-02  2.37515611e-01  1.69204412e+09]
[-5.44990557e-02  2.33553694e-01  1.69204412e+09]
[-5.63567182e-02  2.29953446e-01  1.69204412e+09]
[-5.68334635e-02  2.27438204e-01  1.69204412e+09]
[-5.53539093e-02  2.22966663e-01  1.69204412e+09]
[-5.35291257e-02  2.19103383e-01  1.69204412e+09]
[-4.87945523e-02  2.17295039e-01  1.69204412e+09]
[-3.77965327e-02  2.07480664e-01  1.69204412e+09]
[-2.66176788e-02  1.83659843e-01  1.69204412e+09]
[-1.79376275e-02  1.42051494e-01  1.69204412e+09]
[-4.60162783e-02  8.22281894e-02  1.69204412e+09]
[-1.08338390e-01  3.47673802e-02  1.69204412e+09]
[-1.53300399e-01  2.61173614e-03  1.69204412e+09]
[-1.67701394e-01  2.26650683e-03  1.69204412e+09]
[-1.79028203e-01  2.46378072e-03  1.69204412e+09]
[-1.83170955e-01  2.48022021e-03  1.69204412e+09]
[-1.84173764e-01  2.62817563e-03  1.69204412e+09]
[-1.83516185e-01  2.54597818e-03  1.69204412e+09]
[-1.79176159e-01  2.62817563e-03  1.69204412e+09]
[-1.68589126e-01  9.41768536e-03  1.69204412e+09]
[-1.48763099e-01  4.14418134e-02  1.69204412e+09]
[-1.30696098e-01  5.92622212e-02  1.69204412e+09]
[-1.25073792e-01  6.84190174e-02  1.69204412e+09]
[-1.14634715e-01  7.15753996e-02  1.69204412e+09]
[-1.11083785e-01  7.24302531e-02  1.69204412e+09]
[-1.11445454e-01  7.43536735e-02  1.69204412e+09]
[-1.14519638e-01  7.55701958e-02  1.69204412e+09]
[-1.15736161e-01  7.53893614e-02  1.69204412e+09]
[-1.19319970e-01  7.51098901e-02  1.69204412e+09]
[-1.28197295e-01  7.81018773e-02  1.69204412e+09]
[-1.29627531e-01  8.75545843e-02  1.69204412e+09]
[-1.31386557e-01  1.05194157e-01  1.69204412e+09]
[-1.30170034e-01  1.35245546e-01  1.69204412e+09]
[-1.35184079e-01  1.83396811e-01  1.69204412e+09]
[-1.42417456e-01  2.11574097e-01  1.69204412e+09]
[-1.58380202e-01  2.15486695e-01  1.69204412e+09]
[-1.65399865e-01  2.11228867e-01  1.69204413e+09]
[-1.75132044e-01  2.04981861e-01  1.69204413e+09]
[-1.84305280e-01  2.03452989e-01  1.69204413e+09]
[-1.90157739e-01  2.03042002e-01  1.69204413e+09]
[-1.93774427e-01  2.04176326e-01  1.69204413e+09]
[-1.96897931e-01  2.05146256e-01  1.69204413e+09]
[-1.94793676e-01  2.08384836e-01  1.69204413e+09]
[-1.95286861e-01  2.14007141e-01  1.69204413e+09]
[-1.95500574e-01  2.23196816e-01  1.69204413e+09]
[-1.95484135e-01  2.25366828e-01  1.69204413e+09]
[-1.95549892e-01  2.23048860e-01  1.69204413e+09]
[-1.97522631e-01  2.21092561e-01  1.69204413e+09]
[-2.00646135e-01  2.19004746e-01  1.69204413e+09]
[-1.98114453e-01  2.15963440e-01  1.69204413e+09]
[-1.96618459e-01  2.12741300e-01  1.69204413e+09]
[-1.93051090e-01  2.09979466e-01  1.69204413e+09]
[-1.92459268e-01  2.09354766e-01  1.69204413e+09]
[-1.89385083e-01  2.08565670e-01  1.69204413e+09]
[-1.84584752e-01  2.06905282e-01  1.69204413e+09]
[-1.83680579e-01  2.04685951e-01  1.69204413e+09]
[-1.84995739e-01  2.03206397e-01  1.69204413e+09]
[-1.90996153e-01  2.03387231e-01  1.69204413e+09]
[-1.93215485e-01  2.03042002e-01  1.69204413e+09]
[-1.94103217e-01  2.01792600e-01  1.69204413e+09]
[-1.91390701e-01  2.00839110e-01  1.69204413e+09]
[-1.94497765e-01  2.00461002e-01  1.69204413e+09]
[-1.92146918e-01  2.00559639e-01  1.69204413e+09]
[-1.92229115e-01  1.97978639e-01  1.69204413e+09]
[-1.95106026e-01  1.94460588e-01  1.69204413e+09]
[-1.95582771e-01  1.90728824e-01  1.69204413e+09]
[-1.99692644e-01  1.89282149e-01  1.69204413e+09]
[-1.98624077e-01  1.88377977e-01  1.69204413e+09]
[-1.97719905e-01  1.87440926e-01  1.69204413e+09]
[-1.94053899e-01  1.86520315e-01  1.69204413e+09]
[-1.91489338e-01  1.87292971e-01  1.69204413e+09]
[-1.90798879e-01  1.87638200e-01  1.69204413e+09]
[-1.88332956e-01  1.87753276e-01  1.69204413e+09]
[-1.88480911e-01  1.87703958e-01  1.69204413e+09]
[-1.88037045e-01  1.86635391e-01  1.69204413e+09]
[-1.92163357e-01  1.86586072e-01  1.69204413e+09]
[-1.91357822e-01  1.86010690e-01  1.69204413e+09]
[-1.91259185e-01  1.84596894e-01  1.69204413e+09]
[-1.89302886e-01  1.82377563e-01  1.69204413e+09]
[-1.91308504e-01  1.81226799e-01  1.69204413e+09]
[-1.92196236e-01  1.81572028e-01  1.69204413e+09]
[-1.91407141e-01  1.82541958e-01  1.69204413e+09]
[-1.89450841e-01  1.82394003e-01  1.69204413e+09]
[-1.86113624e-01  1.82541958e-01  1.69204413e+09]
[-1.84913541e-01  1.82870748e-01  1.69204413e+09]
[-1.82875044e-01  1.83133780e-01  1.69204413e+09]
[-1.80968063e-01  1.83100901e-01  1.69204413e+09]
[-1.80458439e-01  1.81555589e-01  1.69204413e+09]
[-1.80392681e-01  1.80437703e-01  1.69204413e+09]
[-1.83549064e-01  1.80289748e-01  1.69204413e+09]
[-1.84321720e-01  1.79517092e-01  1.69204413e+09]
[-1.84206643e-01  1.78333449e-01  1.69204413e+09]
[-1.83894293e-01  1.75571614e-01  1.69204413e+09]
[-1.86261580e-01  1.74124939e-01  1.69204413e+09]
[-1.87297268e-01  1.74503048e-01  1.69204413e+09]
[-1.86393096e-01  1.73730392e-01  1.69204413e+09]
[-1.84847783e-01  1.72217958e-01  1.69204413e+09]
[-1.84962860e-01  1.70557570e-01  1.69204413e+09]
[-1.86113624e-01  1.70475373e-01  1.69204413e+09]
[-1.86064306e-01  1.69850672e-01  1.69204413e+09]
[-1.85242331e-01  1.69752035e-01  1.69204413e+09]
[-1.82940802e-01  1.67631341e-01  1.69204413e+09]
[-1.83877853e-01  1.67023080e-01  1.69204413e+09]
[-1.85324529e-01  1.66809366e-01  1.69204413e+09]
[-1.83253153e-01  1.65987392e-01  1.69204413e+09]
[-1.81757159e-01  1.65461328e-01  1.69204413e+09]
