HokinRight_Hand
Dev2/ai0 Dev2/ai1
[-1.82266783e-01  3.49946865e-03  1.69204413e+09]
[-1.91686612e-01  3.46658967e-03  1.69204413e+09]
[-2.02125689e-01  3.51590814e-03  1.69204413e+09]
[-2.10033085e-01  3.43371068e-03  1.69204413e+09]
[-2.16214334e-01  3.36795272e-03  1.69204413e+09]
[-2.19650187e-01  3.36795272e-03  1.69204413e+09]
[-2.23908016e-01  3.38439221e-03  1.69204413e+09]
[-2.26242424e-01  3.45015017e-03  1.69204413e+09]
[-2.16773276e-01  3.45015017e-03  1.69204413e+09]
[-1.71745509e-01  7.52578455e-02  1.69204413e+09]
[-8.45504457e-02  1.57669010e-01  1.69204413e+09]
[-2.22940927e-02  2.11853568e-01  1.69204413e+09]
[-3.76678633e-03  2.31317924e-01  1.69204413e+09]
[-3.50218961e-05  2.34277032e-01  1.69204413e+09]
[-6.79008779e-05  2.30972694e-01  1.69204413e+09]
[-8.43403688e-05  2.29312306e-01  1.69204413e+09]
[-5.14613870e-05  2.26468274e-01  1.69204413e+09]
[-2.14291430e-06  2.24610612e-01  1.69204413e+09]
[-3.50218961e-05  2.23295453e-01  1.69204413e+09]
[-6.79008779e-05  2.23722879e-01  1.69204413e+09]
[-8.43403688e-05  2.24659930e-01  1.69204413e+09]
[-8.43403688e-05  2.26649109e-01  1.69204413e+09]
[-1.33658842e-04  2.31137089e-01  1.69204413e+09]
[-3.50218961e-05  2.35526433e-01  1.69204413e+09]
[-3.50218961e-05  2.35263401e-01  1.69204413e+09]
[-3.50218961e-05  2.35049688e-01  1.69204413e+09]
[-1.00779860e-04  2.35427796e-01  1.69204413e+09]
[-6.79008779e-05  2.37482732e-01  1.69204413e+09]
[-2.98053751e-04  2.42184426e-01  1.69204413e+09]
[-1.82977314e-04  2.46179222e-01  1.69204413e+09]
[-1.85824052e-05  2.47034075e-01  1.69204413e+09]
[-5.14613870e-05  2.47083394e-01  1.69204413e+09]
[-5.14613870e-05  2.46261419e-01  1.69204413e+09]
[-1.17219351e-04  2.46146343e-01  1.69204413e+09]
[-1.33658842e-04  2.45653158e-01  1.69204413e+09]
[-8.43403688e-05  2.43811935e-01  1.69204413e+09]
[-5.14613870e-05  2.38567738e-01  1.69204413e+09]
[-1.33658842e-04  2.27783433e-01  1.69204413e+09]
[-6.59722551e-04  1.77396398e-01  1.69204413e+09]
[-6.34778641e-03  8.69134442e-02  1.69204413e+09]
[-5.03398645e-02  2.65969533e-02  1.69204413e+09]
[-1.06678001e-01  4.94614384e-03  1.69204413e+09]
[-1.35677264e-01  4.33788268e-03  1.69204413e+09]
[-1.56917087e-01  4.10772981e-03  1.69204413e+09]
[-1.62983260e-01  3.94333490e-03  1.69204413e+09]
[-1.64084705e-01  3.77893999e-03  1.69204413e+09]
[-1.48763099e-01  3.72962152e-03  1.69204413e+09]
[-1.26931455e-01  3.72962152e-03  1.69204413e+09]
[-9.96418988e-02  3.66386356e-03  1.69204413e+09]
[-6.03515146e-02  5.60236416e-02  1.69204413e+09]
[-2.67491947e-02  1.15057852e-01  1.69204413e+09]
[-6.06831506e-03  1.61630927e-01  1.69204413e+09]
[-5.14613870e-05  1.87671079e-01  1.69204413e+09]
[-8.43403688e-05  2.06264142e-01  1.69204413e+09]
[-1.85824052e-05  2.19317096e-01  1.69204413e+09]
[-1.00779860e-04  2.26994338e-01  1.69204413e+09]
[-3.50218961e-05  2.25284631e-01  1.69204413e+09]
[-6.79008779e-05  2.24364020e-01  1.69204413e+09]
[-5.14613870e-05  2.20862408e-01  1.69204413e+09]
[-5.14613870e-05  2.16900491e-01  1.69204413e+09]
[-8.43403688e-05  2.11475460e-01  1.69204413e+09]
[-1.17219351e-04  1.94000282e-01  1.69204413e+09]
[-1.00779860e-04  1.12361775e-01  1.69204413e+09]
[-8.58355718e-03  3.72497433e-02  1.69204413e+09]
[-5.12275970e-02  4.32144319e-03  1.69204413e+09]
[-8.97946435e-02  3.97621388e-03  1.69204413e+09]
[-1.11938638e-01  3.77893999e-03  1.69204413e+09]
[-1.27934264e-01  3.66386356e-03  1.69204413e+09]
[-1.33819601e-01  3.63098457e-03  1.69204413e+09]
[-1.34526500e-01  3.59810559e-03  1.69204413e+09]
[-1.26175238e-01  3.49946865e-03  1.69204413e+09]
[-1.11379696e-01  3.46658967e-03  1.69204413e+09]
[-1.00135084e-01  3.43371068e-03  1.69204413e+09]
[-8.02104200e-02  3.41727119e-03  1.69204413e+09]
[-5.26413932e-02  3.40083170e-03  1.69204413e+09]
[-3.78622907e-02  3.86113745e-03  1.69204413e+09]
[-4.11666284e-02  3.38439221e-03  1.69204413e+09]
[-4.40270999e-02  3.40083170e-03  1.69204413e+09]
[-5.46470111e-02  3.40083170e-03  1.69204413e+09]
[-5.94309031e-02  3.35151323e-03  1.69204413e+09]
[-6.03843936e-02  3.28575527e-03  1.69204413e+09]
[-5.46798901e-02  3.31863425e-03  1.69204413e+09]
[-4.42079343e-02  3.33507374e-03  1.69204413e+09]
[-4.01638195e-02  3.33507374e-03  1.69204413e+09]
[-3.79444882e-02  3.23643679e-03  1.69204413e+09]
[-3.56593989e-02  3.31863425e-03  1.69204413e+09]
[-3.15659656e-02  3.30219476e-03  1.69204413e+09]
[-1.79376275e-02  8.11896558e-03  1.69204413e+09]
[-1.79404742e-03  2.95231826e-02  1.69204413e+09]
[-8.43403688e-05  4.78203358e-02  1.69204413e+09]
[4.71755584e-05 7.45509474e-02 1.69204413e+09]
[-1.85824052e-05  7.86772595e-02  1.69204413e+09]
[-3.50218961e-05  7.66223232e-02  1.69204413e+09]
[-8.43403688e-05  7.27261640e-02  1.69204413e+09]
[-1.00779860e-04  7.02273614e-02  1.69204413e+09]
[-1.00779860e-04  6.83696990e-02  1.69204413e+09]
[-8.43403688e-05  6.83696990e-02  1.69204413e+09]
[-3.50218961e-05  6.55585461e-02  1.69204413e+09]
[-1.17219351e-04  6.10541257e-02  1.69204413e+09]
[-8.43403688e-05  5.73059218e-02  1.69204414e+09]
[-5.14613870e-05  4.16719662e-02  1.69204414e+09]
[-5.14613870e-05  7.46138595e-03  1.69204414e+09]
[-5.14613870e-05  2.77613105e-03  1.69204414e+09]
[-2.66341183e-02  2.64461512e-03  1.69204414e+09]
[-6.37051708e-02  2.61173614e-03  1.69204414e+09]
[-8.82493313e-02  2.52953868e-03  1.69204414e+09]
[-9.81952235e-02  2.56241767e-03  1.69204414e+09]
[-1.05576555e-01  2.51309919e-03  1.69204414e+09]
[-1.13335995e-01  2.43090174e-03  1.69204414e+09]
[-1.19369288e-01  2.46378072e-03  1.69204414e+09]
[-1.20602250e-01  2.46378072e-03  1.69204414e+09]
[-1.15144339e-01  2.49665970e-03  1.69204414e+09]
[-1.07598613e-01  2.41446225e-03  1.69204414e+09]
[-1.03455861e-01  2.39802276e-03  1.69204414e+09]
[-9.64361980e-02  2.38158327e-03  1.69204414e+09]
[-9.47593698e-02  2.46378072e-03  1.69204414e+09]
[-9.20632933e-02  2.44734123e-03  1.69204414e+09]
[-7.82705600e-02  2.43090174e-03  1.69204414e+09]
[-4.47339980e-02  2.41446225e-03  1.69204414e+09]
[-1.73622454e-02  2.43090174e-03  1.69204414e+09]
[-6.79008779e-05  2.44734123e-03  1.69204414e+09]
