HokinRight_Hand
Dev2/ai0 Dev2/ai1
[-2.74889718e-02  4.20636676e-03  1.69204414e+09]
[-3.41140867e-02  3.48302916e-03  1.69204414e+09]
[-2.78670801e-02  5.60372348e-03  1.69204414e+09]
[-2.69957871e-02  1.30343733e-02  1.69204414e+09]
[-2.16200735e-02  1.14233032e-02  1.69204414e+09]
[-2.14721181e-02  1.05026918e-02  1.69204414e+09]
[-2.07487805e-02  1.08150421e-02  1.69204414e+09]
[-2.06008251e-02  9.05601656e-03  1.69204414e+09]
[-2.12255257e-02  9.53276180e-03  1.69204414e+09]
[-3.94569213e-02  1.56318129e-02  1.69204414e+09]
[-7.66266109e-02  2.50680806e-02  1.69204414e+09]
[-1.89122051e-01  3.46851827e-02  1.69204414e+09]
