HokinRight_Hand
Dev2/ai0 Dev2/ai1
[-8.07036048e-02  1.49385076e-03  1.69204414e+09]
[-6.44449479e-02  1.44453229e-03  1.69204414e+09]
[-4.92055396e-02  1.52672974e-03  1.69204414e+09]
[-4.54408961e-02  1.65824567e-03  1.69204414e+09]
[-4.67396159e-02  1.62536669e-03  1.69204414e+09]
[-5.06850938e-02  1.97059599e-03  1.69204414e+09]
[-5.89048394e-02  2.43090174e-03  1.69204414e+09]
[-6.36722918e-02  2.23362785e-03  1.69204414e+09]
[-6.77492856e-02  2.11855141e-03  1.69204414e+09]
[-9.34935290e-02  3.45015017e-03  1.69204414e+09]
[-1.49897424e-01  2.49665970e-03  1.69204414e+09]
