HokinRight_Hand
Dev2/ai0 Dev2/ai1
[-1.04458670e-01  1.52672974e-03  1.69204414e+09]
[-1.09933020e-01  1.42809279e-03  1.69204414e+09]
[-1.11544091e-01  1.52672974e-03  1.69204414e+09]
[-1.11297498e-01  1.46097178e-03  1.69204414e+09]
[-1.12119473e-01  1.51029025e-03  1.69204414e+09]
[-1.11757804e-01  1.52672974e-03  1.69204414e+09]
[-1.09259001e-01  1.47741127e-03  1.69204414e+09]
[-1.08815135e-01  1.55960872e-03  1.69204414e+09]
[-1.21473543e-01  1.47741127e-03  1.69204414e+09]
[-1.60418699e-01  1.80620108e-03  1.69204414e+09]
[-2.02010613e-01  1.88839854e-03  1.69204414e+09]
[-2.24088850e-01  1.49385076e-03  1.69204414e+09]
[-2.45772540e-01  1.51029025e-03  1.69204414e+09]
[-2.66897287e-01  1.54316923e-03  1.69204414e+09]
[-2.78224097e-01  1.55960872e-03  1.69204414e+09]
[-2.87249378e-01  1.59248770e-03  1.69204414e+09]
[-2.86542480e-01  1.55960872e-03  1.69204414e+09]
[-2.85342397e-01  1.52672974e-03  1.69204414e+09]
[-2.80837976e-01  1.57604821e-03  1.69204414e+09]
[-2.73078536e-01  1.51029025e-03  1.69204414e+09]
[-2.63494312e-01  1.57604821e-03  1.69204414e+09]
[-2.52233260e-01  1.52672974e-03  1.69204414e+09]
[-2.35925284e-01  1.51029025e-03  1.69204414e+09]
[-2.03375091e-01  1.60892719e-03  1.69204414e+09]
[-1.79850178e-01  1.57604821e-03  1.69204414e+09]
[-1.63229852e-01  1.57604821e-03  1.69204415e+09]
[-1.49617953e-01  1.59248770e-03  1.69204415e+09]
[-1.29413818e-01  1.57604821e-03  1.69204415e+09]
[-9.86062108e-02  1.54316923e-03  1.69204415e+09]
[-6.57272282e-02  1.44453229e-03  1.69204415e+09]
[-4.31722463e-02  1.54316923e-03  1.69204415e+09]
[-2.39380418e-02  1.57604821e-03  1.69204415e+09]
[-2.26064430e-02  1.51029025e-03  1.69204415e+09]
[-2.64532839e-02  1.55960872e-03  1.69204415e+09]
[-5.04385014e-02  1.46097178e-03  1.69204415e+09]
[-9.92637905e-02  1.57604821e-03  1.69204415e+09]
[-1.54960788e-01  1.60892719e-03  1.69204415e+09]
[-1.91686612e-01  1.60892719e-03  1.69204415e+09]
[-2.06054728e-01  1.55960872e-03  1.69204415e+09]
[-2.19732385e-01  1.55960872e-03  1.69204415e+09]
[-2.31174271e-01  1.62536669e-03  1.69204415e+09]
[-2.41514711e-01  1.57604821e-03  1.69204415e+09]
[-2.46693151e-01  1.52672974e-03  1.69204415e+09]
[-2.46939744e-01  1.64180618e-03  1.69204415e+09]
[-2.45410871e-01  1.55960872e-03  1.69204415e+09]
[-2.46446559e-01  1.69112465e-03  1.69204415e+09]
[-2.41366756e-01  1.54316923e-03  1.69204415e+09]
[-2.30352297e-01  1.60892719e-03  1.69204415e+09]
[-2.08783683e-01  1.60892719e-03  1.69204415e+09]
[-1.88941217e-01  1.64180618e-03  1.69204415e+09]
[-1.70117999e-01  1.67468516e-03  1.69204415e+09]
[-1.57065043e-01  1.62536669e-03  1.69204415e+09]
[-1.53431915e-01  1.55960872e-03  1.69204415e+09]
[-1.55848520e-01  1.62536669e-03  1.69204415e+09]
[-1.59662482e-01  1.72400363e-03  1.69204415e+09]
[-1.60648852e-01  1.60892719e-03  1.69204415e+09]
[-1.57459590e-01  1.67468516e-03  1.69204415e+09]
[-1.49996061e-01  1.64180618e-03  1.69204415e+09]
[-1.53037367e-01  1.64180618e-03  1.69204415e+09]
[-1.76069095e-01  1.57604821e-03  1.69204415e+09]
[-2.06712307e-01  1.59248770e-03  1.69204415e+09]
[-2.29037137e-01  1.65824567e-03  1.69204415e+09]
[-2.50556432e-01  1.69112465e-03  1.69204415e+09]
[-2.71089357e-01  1.62536669e-03  1.69204415e+09]
[-2.72536033e-01  1.62536669e-03  1.69204415e+09]
[-2.59022770e-01  1.75688261e-03  1.69204415e+09]
[-2.30122144e-01  1.62536669e-03  1.69204415e+09]
[-1.65777973e-01  1.59248770e-03  1.69204415e+09]
[-9.56799814e-02  1.65824567e-03  1.69204415e+09]
[-5.61758838e-02  1.62536669e-03  1.69204415e+09]
[-3.81582015e-02  8.10252609e-03  1.69204415e+09]
[-2.69957871e-02  3.28603992e-02  1.69204415e+09]
[-2.18666659e-02  6.94711448e-02  1.69204415e+09]
[-1.57676147e-02  1.06969622e-01  1.69204415e+09]
[-1.01946273e-02  1.39371858e-01  1.69204415e+09]
[-1.95844233e-03  1.61844640e-01  1.69204415e+09]
[-1.00779860e-04  1.67203914e-01  1.69204415e+09]
[1.42965766e-05 1.66332621e-01 1.69204415e+09]
[-2.14291431e-06  1.59214322e-01  1.69204415e+09]
[-6.79008779e-05  1.37925182e-01  1.69204415e+09]
[-1.85824052e-05  8.42009283e-02  1.69204415e+09]
[-8.43403688e-05  2.51173991e-02  1.69204415e+09]
[-6.79008779e-05  5.62016297e-03  1.69204415e+09]
[-4.09857940e-02  4.71599097e-03  1.69204415e+09]
[-1.01910549e-01  4.48583810e-03  1.69204415e+09]
[-1.55470412e-01  4.35432217e-03  1.69204415e+09]
[-1.73833324e-01  4.17348777e-03  1.69204415e+09]
[-1.93675790e-01  4.22280625e-03  1.69204415e+09]
[-2.08372696e-01  4.10772981e-03  1.69204415e+09]
[-2.17397977e-01  4.10772981e-03  1.69204415e+09]
[-2.17315780e-01  4.07485083e-03  1.69204415e+09]
[-2.19370716e-01  3.99265337e-03  1.69204415e+09]
[-2.16691079e-01  3.94333490e-03  1.69204415e+09]
[-2.04854645e-01  3.94333490e-03  1.69204415e+09]
[-1.92755179e-01  3.91045592e-03  1.69204415e+09]
[-1.92031841e-01  3.84469796e-03  1.69204415e+09]
[-1.99018625e-01  3.84469796e-03  1.69204415e+09]
[-2.06712307e-01  3.79537948e-03  1.69204415e+09]
[-2.09178231e-01  3.86113745e-03  1.69204415e+09]
[-2.09918008e-01  3.87757694e-03  1.69204415e+09]
[-2.12383932e-01  3.87757694e-03  1.69204415e+09]
[-2.12877117e-01  3.84469796e-03  1.69204415e+09]
[-2.13090830e-01  3.77893999e-03  1.69204415e+09]
[-2.09802932e-01  3.72962152e-03  1.69204415e+09]
[-2.06613670e-01  3.69674254e-03  1.69204415e+09]
[-2.01090001e-01  3.66386356e-03  1.69204415e+09]
[-1.91998962e-01  3.72962152e-03  1.69204415e+09]
[-1.74852572e-01  3.74606101e-03  1.69204415e+09]
[-1.45179290e-01  3.72962152e-03  1.69204415e+09]
[-1.01433803e-01  3.72962152e-03  1.69204415e+09]
[-5.81157438e-02  3.68030305e-03  1.69204415e+09]
[-2.45791819e-02  3.58166610e-03  1.69204415e+09]
[-3.81610481e-03  4.46939861e-03  1.69204415e+09]
[-6.79008779e-05  2.76326412e-02  1.69204415e+09]
[-5.14613870e-05  6.00348773e-02  1.69204415e+09]
[-5.14613870e-05  1.05901056e-01  1.69204415e+09]
[-1.17219351e-04  1.25891476e-01  1.69204415e+09]
[-8.43403688e-05  1.26154508e-01  1.69204415e+09]
[-3.50218961e-05  1.22044635e-01  1.69204415e+09]
[-3.50218961e-05  1.15222247e-01  1.69204415e+09]
[-1.17219351e-04  1.06936743e-01  1.69204415e+09]
[-5.14613870e-05  8.42831258e-02  1.69204415e+09]
[-8.43403688e-05  4.73435905e-02  1.69204415e+09]
[-1.00779860e-04  1.94293353e-02  1.69204415e+09]
[-3.27496090e-02  6.27774261e-03  1.69204415e+09]
[-7.16454451e-02  4.83106741e-03  1.69204415e+09]
[-1.14601836e-01  4.51871708e-03  1.69204415e+09]
[-1.38110309e-01  4.37076166e-03  1.69204415e+09]
[-1.52889412e-01  4.20636676e-03  1.69204415e+09]
[-1.60862565e-01  4.12416930e-03  1.69204415e+09]
[-1.60139227e-01  4.02553236e-03  1.69204415e+09]
[-1.62177724e-01  3.92689541e-03  1.69204415e+09]
[-1.73109986e-01  4.04197185e-03  1.69204415e+09]
[-1.82907923e-01  3.89401643e-03  1.69204415e+09]
[-1.90683803e-01  3.89401643e-03  1.69204415e+09]
[-2.00218708e-01  3.84469796e-03  1.69204415e+09]
[-2.09309747e-01  3.91045592e-03  1.69204415e+09]
[-2.14422429e-01  3.82825846e-03  1.69204415e+09]
[-2.18713136e-01  3.86113745e-03  1.69204415e+09]
[-2.21984595e-01  3.77893999e-03  1.69204415e+09]
[-2.23201118e-01  3.79537948e-03  1.69204415e+09]
[-2.22444901e-01  3.77893999e-03  1.69204415e+09]
[-2.22625735e-01  3.82825846e-03  1.69204415e+09]
[-2.20981786e-01  3.66386356e-03  1.69204415e+09]
[-2.16608881e-01  3.63098457e-03  1.69204415e+09]
[-2.13584015e-01  3.72962152e-03  1.69204415e+09]
[-2.09063155e-01  3.69674254e-03  1.69204415e+09]
[-2.02306524e-01  3.72962152e-03  1.69204415e+09]
[-1.92985332e-01  3.58166610e-03  1.69204415e+09]
[-1.68753521e-01  3.66386356e-03  1.69204415e+09]
[-1.39688500e-01  3.66386356e-03  1.69204415e+09]
[-1.09768625e-01  3.64742406e-03  1.69204415e+09]
[-6.78314831e-02  3.63098457e-03  1.69204415e+09]
[-5.51073169e-02  3.58166610e-03  1.69204415e+09]
[-3.57580358e-02  3.53234763e-03  1.69204415e+09]
[-1.27920669e-02  3.53234763e-03  1.69204415e+09]
[-4.62448660e-04  1.92485009e-02  1.69204415e+09]
[-6.79008779e-05  4.80833676e-02  1.69204415e+09]
[-1.85824052e-05  7.83813487e-02  1.69204415e+09]
[-8.43403688e-05  9.19603678e-02  1.69204415e+09]
[-1.33658842e-04  8.85409538e-02  1.69204415e+09]
[-5.14613870e-05  7.62277754e-02  1.69204415e+09]
[-3.50218961e-05  4.17541637e-02  1.69204415e+09]
[-1.00779860e-04  1.46125645e-02  1.69204415e+09]
[-2.03871117e-02  5.35713112e-03  1.69204415e+09]
[-4.29585329e-02  4.23924574e-03  1.69204415e+09]
[-1.07927402e-01  3.94333490e-03  1.69204415e+09]
[-1.50571443e-01  3.69674254e-03  1.69204415e+09]
[-1.84157325e-01  3.64742406e-03  1.69204415e+09]
[-2.05972530e-01  3.49946865e-03  1.69204415e+09]
[-2.19978977e-01  3.48302916e-03  1.69204415e+09]
[-2.23924455e-01  3.33507374e-03  1.69204415e+09]
[-2.28823424e-01  3.33507374e-03  1.69204415e+09]
[-2.31223590e-01  3.38439221e-03  1.69204415e+09]
[-2.35349902e-01  3.21999730e-03  1.69204415e+09]
[-2.37569233e-01  3.31863425e-03  1.69204415e+09]
[-2.35382781e-01  3.21999730e-03  1.69204415e+09]
[-2.35958163e-01  3.18711832e-03  1.69204415e+09]
[-2.36352711e-01  3.18711832e-03  1.69204415e+09]
[-2.31124953e-01  3.15423934e-03  1.69204415e+09]
[-2.27738417e-01  3.12136036e-03  1.69204415e+09]
[-2.19847461e-01  3.12136036e-03  1.69204415e+09]
[-1.93231924e-01  3.08848137e-03  1.69204415e+09]
[-1.17478747e-01  2.97340494e-03  1.69204415e+09]
[-4.64601446e-02  3.02272341e-03  1.69204415e+09]
[-1.12631942e-02  3.03916290e-03  1.69204415e+09]
[-1.04905381e-02  4.53050937e-02  1.69204415e+09]
[-2.18859521e-03  9.93088200e-02  1.69204415e+09]
[-6.79008779e-05  1.26516176e-01  1.69204415e+09]
[-8.43403688e-05  1.41870660e-01  1.69204415e+09]
[-1.00779860e-04  1.44533857e-01  1.69204415e+09]
[-1.00779860e-04  1.49268431e-01  1.69204415e+09]
[-6.79008779e-05  1.61006226e-01  1.69204415e+09]
[-8.43403688e-05  1.82558398e-01  1.69204415e+09]
[-3.50218961e-05  1.92981034e-01  1.69204415e+09]
[-1.00779860e-04  2.00740473e-01  1.69204415e+09]
[-1.00779860e-04  2.09305447e-01  1.69204415e+09]
[-8.43403688e-05  2.20599376e-01  1.69204415e+09]
[-8.43403688e-05  2.32731720e-01  1.69204415e+09]
[-1.50098332e-04  2.39307515e-01  1.69204415e+09]
[-1.33658842e-04  2.45718916e-01  1.69204415e+09]
[-6.79008779e-05  2.49204088e-01  1.69204415e+09]
[-5.14613870e-05  2.49845228e-01  1.69204415e+09]
[-6.79008779e-05  2.47050515e-01  1.69204415e+09]
[-3.50218961e-05  2.41263815e-01  1.69204415e+09]
[-8.43403688e-05  2.32928993e-01  1.69204415e+09]
[-1.85824052e-05  2.25268191e-01  1.69204415e+09]
[-6.79008779e-05  2.13596154e-01  1.69204415e+09]
[-1.85824052e-05  2.01348734e-01  1.69204415e+09]
[-8.43403688e-05  1.82952945e-01  1.69204415e+09]
[-1.50098332e-04  1.14729062e-01  1.69204415e+09]
[-5.14613870e-05  6.26158773e-02  1.69204415e+09]
[-8.43403688e-05  2.71723354e-02  1.69204415e+09]
[-3.37195389e-02  4.05841134e-03  1.69204415e+09]
[-5.54689857e-02  3.66386356e-03  1.69204415e+09]
[-9.43977010e-02  3.49946865e-03  1.69204415e+09]
[-1.14305925e-01  3.38439221e-03  1.69204415e+09]
[-1.39589863e-01  3.30219476e-03  1.69204415e+09]
[-1.54007297e-01  3.15423934e-03  1.69204415e+09]
[-1.64561451e-01  3.00628392e-03  1.69204415e+09]
[-1.71926343e-01  2.87476799e-03  1.69204415e+09]
[-1.73553853e-01  2.84188901e-03  1.69204415e+09]
[-1.75806063e-01  2.69393359e-03  1.69204415e+09]
[-1.75395076e-01  2.59529665e-03  1.69204415e+09]
[-1.76858190e-01  2.57885716e-03  1.69204415e+09]
[-1.80146089e-01  2.52953868e-03  1.69204416e+09]
[-1.79932375e-01  2.46378072e-03  1.69204416e+09]
[-1.75247120e-01  2.39802276e-03  1.69204416e+09]
[-1.68112381e-01  2.44734123e-03  1.69204416e+09]
[-1.47299985e-01  2.36514378e-03  1.69204416e+09]
[-1.22394155e-01  2.39802276e-03  1.69204416e+09]
[-1.14470320e-01  2.28294632e-03  1.69204416e+09]
[-1.30350869e-01  2.38158327e-03  1.69204416e+09]
[-1.59284374e-01  2.41446225e-03  1.69204416e+09]
[-1.79817299e-01  2.41446225e-03  1.69204416e+09]
[-1.91045472e-01  2.41446225e-03  1.69204416e+09]
[-2.03128498e-01  2.36514378e-03  1.69204416e+09]
[-2.17677448e-01  2.38158327e-03  1.69204416e+09]
[-2.32620946e-01  2.46378072e-03  1.69204416e+09]
[-2.34692322e-01  2.43090174e-03  1.69204416e+09]
[-2.30697526e-01  2.39802276e-03  1.69204416e+09]
[-2.33114131e-01  2.43090174e-03  1.69204416e+09]
[-2.34955354e-01  2.39802276e-03  1.69204416e+09]
[-2.35777329e-01  2.41446225e-03  1.69204416e+09]
[-2.30056386e-01  2.43090174e-03  1.69204416e+09]
[-2.19009047e-01  2.48022021e-03  1.69204416e+09]
[-1.97473313e-01  2.39802276e-03  1.69204416e+09]
[-1.43946328e-01  2.41446225e-03  1.69204416e+09]
[-8.64409872e-02  2.49665970e-03  1.69204416e+09]
[-5.03234250e-02  2.48022021e-03  1.69204416e+09]
[-3.60539467e-02  4.58447504e-03  1.69204416e+09]
[-2.85082203e-02  2.45420169e-02  1.69204416e+09]
[-1.92692263e-02  3.75785331e-02  1.69204416e+09]
[-1.11974362e-02  3.79402019e-02  1.69204416e+09]
[-6.54506030e-03  2.76490807e-02  1.69204416e+09]
[-4.34216852e-03  1.75552333e-02  1.69204416e+09]
[-5.77525096e-04  3.17753928e-02  1.69204416e+09]
[-3.50218961e-05  4.81326861e-02  1.69204416e+09]
[-1.33658842e-04  4.95958007e-02  1.69204416e+09]
[-8.43403688e-05  4.53708516e-02  1.69204416e+09]
[-1.17219351e-04  4.30200045e-02  1.69204416e+09]
[-1.85824052e-05  3.77100490e-02  1.69204416e+09]
[-6.79008779e-05  2.73860488e-02  1.69204416e+09]
[-1.17219351e-04  7.85593373e-03  1.69204416e+09]
[-1.42223026e-02  9.84226540e-04  1.69204416e+09]
[-2.04528697e-02  3.75965377e-04  1.69204416e+09]
[-2.36421309e-02  2.11570467e-04  1.69204416e+09]
[-2.77355642e-02  2.11570467e-04  1.69204416e+09]
[-3.50511377e-02  1.78691486e-04  1.69204416e+09]
[-5.16550238e-02  1.62251995e-04  1.69204416e+09]
[-7.36510630e-02  1.78691486e-04  1.69204416e+09]
[-9.59758922e-02  1.12933522e-04  1.69204416e+09]
[-1.11165982e-01  1.45812504e-04  1.69204416e+09]
[-1.18333601e-01  6.36150493e-05  1.69204416e+09]
[-1.25780690e-01  8.00545402e-05  1.69204416e+09]
[-1.32241410e-01  1.12933522e-04  1.69204416e+09]
[-1.39277513e-01  1.29373013e-04  1.69204416e+09]
[-1.45113532e-01  1.95130977e-04  1.69204416e+09]
[-1.52626380e-01  4.71755584e-05  1.69204416e+09]
[-1.57032164e-01  1.45812504e-04  1.69204416e+09]
[-1.61437947e-01  9.64940311e-05  1.69204416e+09]
[-1.61421508e-01  6.36150493e-05  1.69204416e+09]
[-1.63788795e-01  1.62251995e-04  1.69204416e+09]
[-1.72337330e-01  9.64940311e-05  1.69204416e+09]
[-1.79472070e-01  2.11570467e-04  1.69204416e+09]
[-1.84584752e-01  1.62251995e-04  1.69204416e+09]
[-1.83877853e-01  1.45812504e-04  1.69204416e+09]
[-1.82496936e-01  1.29373013e-04  1.69204416e+09]
[-1.82085949e-01  1.12933522e-04  1.69204416e+09]
[-1.78156910e-01  1.29373013e-04  1.69204416e+09]
[-1.70578305e-01  1.45812504e-04  1.69204416e+09]
[-1.63262731e-01  1.45812504e-04  1.69204416e+09]
[-1.60698170e-01  1.45812504e-04  1.69204416e+09]
[-1.56275947e-01  2.28009958e-04  1.69204416e+09]
[-1.51508494e-01  2.44449449e-04  1.69204416e+09]
[-1.45573838e-01  2.44449449e-04  1.69204416e+09]
[-1.44735424e-01  9.64940311e-05  1.69204416e+09]
[-1.49782348e-01  1.95130977e-04  1.69204416e+09]
[-1.57163679e-01  1.45812504e-04  1.69204416e+09]
[-1.63114775e-01  2.11570467e-04  1.69204416e+09]
[-1.63098336e-01  2.28009958e-04  1.69204416e+09]
[-1.66715024e-01  1.78691486e-04  1.69204416e+09]
[-1.71005731e-01  2.44449449e-04  1.69204416e+09]
[-1.75575910e-01  1.62251995e-04  1.69204416e+09]
[-1.75132044e-01  1.95130977e-04  1.69204416e+09]
[-1.74490904e-01  2.28009958e-04  1.69204416e+09]
[-1.77597968e-01  2.11570467e-04  1.69204416e+09]
[-1.76973267e-01  1.95130977e-04  1.69204416e+09]
[-1.71071489e-01  1.78691486e-04  1.69204416e+09]
[-1.60648852e-01  2.44449449e-04  1.69204416e+09]
[-1.54566240e-01  2.28009958e-04  1.69204416e+09]
[-1.45606717e-01  2.11570467e-04  1.69204416e+09]
[-1.30120716e-01  2.60888940e-04  1.69204416e+09]
[-9.96254593e-02  2.11570467e-04  1.69204416e+09]
[-6.01378012e-02  1.62251995e-04  1.69204416e+09]
[-2.51874431e-02  2.11570467e-04  1.69204416e+09]
[-5.14613870e-05  1.95130977e-04  1.69204416e+09]
[-1.17219351e-04  2.77328431e-04  1.69204416e+09]
[-6.79008779e-05  3.31563100e-02  1.69204416e+09]
[-5.14613870e-05  7.21836608e-02  1.69204416e+09]
[-1.00779860e-04  1.02563839e-01  1.69204416e+09]
[-1.17219351e-04  1.13611176e-01  1.69204416e+09]
[-5.14613870e-05  1.09369788e-01  1.69204416e+09]
[-6.79008779e-05  8.89519410e-02  1.69204416e+09]
[-8.43403688e-05  3.55235967e-02  1.69204416e+09]
[-8.43403688e-05  7.98744966e-03  1.69204416e+09]
[-1.85824052e-05  1.26369789e-03  1.69204416e+09]
[-3.47059084e-02  8.69150104e-04  1.69204416e+09]
[-7.18920374e-02  6.38997231e-04  1.69204416e+09]
[-1.24925837e-01  5.89678758e-04  1.69204416e+09]
[-1.44357316e-01  7.21194686e-04  1.69204416e+09]
[-1.52231832e-01  7.04755195e-04  1.69204416e+09]
[-1.62276361e-01  7.04755195e-04  1.69204416e+09]
[-1.67898667e-01  7.04755195e-04  1.69204416e+09]
[-1.73257942e-01  6.71876213e-04  1.69204416e+09]
[-1.75197802e-01  6.88315704e-04  1.69204416e+09]
[-1.73455216e-01  6.38997231e-04  1.69204416e+09]
[-1.70578305e-01  6.55436722e-04  1.69204416e+09]
[-1.69542617e-01  7.21194686e-04  1.69204416e+09]
[-1.68802840e-01  6.38997231e-04  1.69204416e+09]
[-1.67520559e-01  7.04755195e-04  1.69204416e+09]
[-1.67619196e-01  6.88315704e-04  1.69204416e+09]
[-1.73011349e-01  7.04755195e-04  1.69204416e+09]
[-1.72567483e-01  6.88315704e-04  1.69204416e+09]
[-1.72649681e-01  6.55436722e-04  1.69204416e+09]
[-1.70627623e-01  6.38997231e-04  1.69204416e+09]
[-1.63328489e-01  6.55436722e-04  1.69204416e+09]
[-1.61405068e-01  6.71876213e-04  1.69204416e+09]
[-1.65777973e-01  6.22557740e-04  1.69204416e+09]
[-1.75921139e-01  6.38997231e-04  1.69204416e+09]
[-1.83433987e-01  7.54073667e-04  1.69204416e+09]
[-1.92886695e-01  6.38997231e-04  1.69204416e+09]
[-2.00925606e-01  6.88315704e-04  1.69204416e+09]
[-1.99610447e-01  6.22557740e-04  1.69204416e+09]
[-2.09934448e-01  6.38997231e-04  1.69204416e+09]
[-2.19814582e-01  6.88315704e-04  1.69204416e+09]
[-2.31634577e-01  7.37634176e-04  1.69204416e+09]
[-2.44572457e-01  6.88315704e-04  1.69204416e+09]
[-2.56507528e-01  6.88315704e-04  1.69204416e+09]
[-2.53910088e-01  6.06118249e-04  1.69204416e+09]
[-2.49438547e-01  6.22557740e-04  1.69204416e+09]
[-2.50983859e-01  5.89678758e-04  1.69204416e+09]
[-2.49043999e-01  6.88315704e-04  1.69204416e+09]
[-2.44950565e-01  6.88315704e-04  1.69204416e+09]
[-2.31371545e-01  7.21194686e-04  1.69204416e+09]
[-2.21063984e-01  6.38997231e-04  1.69204416e+09]
[-2.12449690e-01  5.73239267e-04  1.69204416e+09]
[-2.02059931e-01  7.37634176e-04  1.69204416e+09]
[-1.89154930e-01  6.55436722e-04  1.69204416e+09]
[-1.74326509e-01  6.88315704e-04  1.69204416e+09]
[-1.59514527e-01  6.55436722e-04  1.69204416e+09]
[-1.30761856e-01  6.88315704e-04  1.69204416e+09]
[-9.10440448e-02  7.04755195e-04  1.69204416e+09]
[-5.56662596e-02  6.88315704e-04  1.69204416e+09]
[-3.92432079e-02  6.71876213e-04  1.69204416e+09]
[-3.30783988e-02  6.22557740e-04  1.69204416e+09]
[-2.92479974e-02  6.06118249e-04  1.69204416e+09]
[-2.47106978e-02  6.55436722e-04  1.69204416e+09]
[-2.42175131e-02  6.88315704e-04  1.69204416e+09]
[-2.47271373e-02  7.21194686e-04  1.69204416e+09]
[-2.65354813e-02  6.22557740e-04  1.69204416e+09]
[-3.04316407e-02  6.71876213e-04  1.69204416e+09]
[-2.93301948e-02  6.38997231e-04  1.69204416e+09]
[-3.04973987e-02  7.54073667e-04  1.69204416e+09]
[-3.54950040e-02  6.55436722e-04  1.69204416e+09]
[-4.94850109e-02  6.22557740e-04  1.69204416e+09]
[-5.52881513e-02  6.55436722e-04  1.69204416e+09]
[-4.93041765e-02  5.89678758e-04  1.69204416e+09]
[-4.34681572e-02  6.55436722e-04  1.69204416e+09]
[-4.22351953e-02  6.71876213e-04  1.69204416e+09]
[-4.42079343e-02  6.71876213e-04  1.69204416e+09]
[-4.18242081e-02  6.22557740e-04  1.69204416e+09]
[-3.70403161e-02  6.22557740e-04  1.69204416e+09]
[-3.68266028e-02  7.21194686e-04  1.69204416e+09]
[-3.70074372e-02  6.55436722e-04  1.69204416e+09]
[-3.54950040e-02  6.38997231e-04  1.69204416e+09]
[-3.05467172e-02  6.71876213e-04  1.69204416e+09]
[-2.75711693e-02  7.04755195e-04  1.69204416e+09]
[-2.84095833e-02  5.73239267e-04  1.69204416e+09]
[-2.98069401e-02  6.88315704e-04  1.69204416e+09]
[-3.12207363e-02  6.55436722e-04  1.69204416e+09]
[-3.02179273e-02  6.88315704e-04  1.69204416e+09]
[-3.15330866e-02  6.55436722e-04  1.69204416e+09]
[-3.36373415e-02  7.37634176e-04  1.69204416e+09]
[-3.56100804e-02  6.71876213e-04  1.69204416e+09]
[-3.41962842e-02  6.71876213e-04  1.69204416e+09]
[-3.29304434e-02  6.71876213e-04  1.69204416e+09]
[-3.53306091e-02  6.38997231e-04  1.69204416e+09]
[-3.82732780e-02  6.06118249e-04  1.69204416e+09]
[-4.13310233e-02  6.22557740e-04  1.69204416e+09]
[-4.51449853e-02  6.55436722e-04  1.69204416e+09]
[-5.22304059e-02  7.04755195e-04  1.69204416e+09]
[-6.60231391e-02  6.55436722e-04  1.69204416e+09]
[-8.29886940e-02  6.38997231e-04  1.69204416e+09]
[-9.11755607e-02  7.21194686e-04  1.69204416e+09]
[-9.88528032e-02  7.54073667e-04  1.69204416e+09]
[-1.11609849e-01  7.21194686e-04  1.69204416e+09]
[-1.18777467e-01  6.88315704e-04  1.69204416e+09]
[-1.22772263e-01  7.04755195e-04  1.69204416e+09]
[-1.23659996e-01  7.70513158e-04  1.69204416e+09]
[-1.25303945e-01  6.55436722e-04  1.69204416e+09]
[-1.28361690e-01  7.04755195e-04  1.69204416e+09]
[-1.30301550e-01  7.04755195e-04  1.69204416e+09]
[-1.27046531e-01  7.04755195e-04  1.69204416e+09]
[-1.22114684e-01  6.55436722e-04  1.69204416e+09]
[-1.18629511e-01  7.37634176e-04  1.69204417e+09]
[-1.15966314e-01  7.37634176e-04  1.69204417e+09]
[-1.14996384e-01  6.71876213e-04  1.69204417e+09]
[-1.12448263e-01  7.37634176e-04  1.69204417e+09]
[-1.14223728e-01  7.21194686e-04  1.69204417e+09]
[-1.18317161e-01  6.55436722e-04  1.69204417e+09]
[-1.18629511e-01  7.04755195e-04  1.69204417e+09]
[-1.13270237e-01  7.04755195e-04  1.69204417e+09]
[-9.43319431e-02  6.88315704e-04  1.69204417e+09]
[-7.55909230e-02  7.37634176e-04  1.69204417e+09]
