HokinRight_Hand
Dev2/ai0 Dev2/ai1
[-4.96686917e-03  1.89364346e-01  1.69204396e+09]
[-5.72308576e-03  2.01693963e-01  1.69204396e+09]
[-6.46286285e-03  2.11985084e-01  1.69204396e+09]
[-5.70664626e-03  2.13776988e-01  1.69204396e+09]
[-4.98330866e-03  2.12363192e-01  1.69204396e+09]
[-5.72308576e-03  2.12050842e-01  1.69204396e+09]
[-6.28202845e-03  2.13629033e-01  1.69204396e+09]
[-5.92035965e-03  2.19202020e-01  1.69204396e+09]
[-5.11482459e-03  2.37564929e-01  1.69204396e+09]
[-3.30648059e-03  2.66202520e-01  1.69204396e+09]
[-2.92837230e-03  2.86883397e-01  1.69204396e+09]
[-1.21866524e-03  3.09980879e-01  1.69204396e+09]
[-5.14613870e-05  3.38914378e-01  1.69204396e+09]
[-1.17219351e-04  3.55945688e-01  1.69204396e+09]
[-5.14613870e-05  3.62505044e-01  1.69204396e+09]
[1.42965766e-05 3.51885135e-01 1.69204396e+09]
[-5.14613870e-05  3.48909587e-01  1.69204396e+09]
[-3.50218961e-05  3.48268447e-01  1.69204396e+09]
[-6.79008779e-05  3.53348249e-01  1.69204396e+09]
[-1.33658842e-04  3.63047547e-01  1.69204396e+09]
[-3.50218961e-05  3.62981789e-01  1.69204396e+09]
[-1.50098332e-04  3.65414834e-01  1.69204396e+09]
[-1.00779860e-04  3.70938502e-01  1.69204396e+09]
[-1.33658842e-04  3.74883979e-01  1.69204396e+09]
[-5.14613870e-05  3.76379972e-01  1.69204396e+09]
[-1.33658842e-04  3.83744863e-01  1.69204396e+09]
[-6.79008779e-05  3.95860765e-01  1.69204396e+09]
[-1.66537823e-04  4.26750563e-01  1.69204396e+09]
[-8.43403688e-05  4.53662004e-01  1.69204396e+09]
[-8.43403688e-05  5.31519413e-01  1.69204396e+09]
[-3.50218961e-05  5.75001854e-01  1.69204396e+09]
[-1.00779860e-04  5.86608131e-01  1.69204396e+09]
[-8.43403688e-05  6.01370789e-01  1.69204396e+09]
[-5.14613870e-05  6.07058851e-01  1.69204396e+09]
[-1.50098332e-04  6.17465046e-01  1.69204396e+09]
[-6.79008779e-05  6.41729726e-01  1.69204396e+09]
[-6.79008779e-05  6.44392922e-01  1.69204396e+09]
[-8.43403688e-05  6.52152359e-01  1.69204396e+09]
[-1.33658842e-04  6.57182841e-01  1.69204396e+09]
[-1.85824052e-05  6.71024888e-01  1.69204396e+09]
[-1.17219351e-04  6.72307167e-01  1.69204396e+09]
[-1.33658842e-04  6.69315181e-01  1.69204396e+09]
[-8.43403688e-05  6.75529306e-01  1.69204396e+09]
[-1.17219351e-04  6.91376969e-01  1.69204396e+09]
[-8.43403688e-05  7.27412319e-01  1.69204396e+09]
[-1.99416805e-04  7.64006609e-01  1.69204396e+09]
[-6.79008779e-05  7.77141756e-01  1.69204396e+09]
[-8.43403688e-05  7.70730358e-01  1.69204396e+09]
[-3.50218961e-05  7.59551509e-01  1.69204396e+09]
[-6.79008779e-05  7.47764399e-01  1.69204396e+09]
[-4.56217305e-02  7.39659734e-01  1.69204397e+09]
[-1.36170449e-01  7.22661308e-01  1.69204397e+09]
[-2.07008218e-01  7.15822482e-01  1.69204397e+09]
[-2.50342719e-01  7.15164903e-01  1.69204397e+09]
[-2.85934219e-01  7.16480062e-01  1.69204397e+09]
[-3.15032119e-01  7.07339709e-01  1.69204397e+09]
[-3.41976447e-01  6.99991259e-01  1.69204397e+09]
[-3.50294830e-01  6.95536159e-01  1.69204397e+09]
[-3.61112015e-01  6.88286346e-01  1.69204397e+09]
[-3.76154151e-01  6.85031328e-01  1.69204397e+09]
[-3.85820572e-01  6.84160036e-01  1.69204397e+09]
[-3.86116483e-01  6.79162432e-01  1.69204397e+09]
[-3.94977369e-01  6.72455123e-01  1.69204397e+09]
[-3.95815783e-01  6.70794735e-01  1.69204397e+09]
[-3.96933668e-01  6.60026872e-01  1.69204397e+09]
[-4.04742427e-01  6.54141537e-01  1.69204397e+09]
[-4.07126154e-01  6.52086601e-01  1.69204397e+09]
[-4.06435695e-01  6.44195648e-01  1.69204397e+09]
[-4.05679478e-01  6.22692802e-01  1.69204397e+09]
[-4.00468159e-01  6.05694374e-01  1.69204397e+09]
[-3.89798929e-01  5.86739647e-01  1.69204397e+09]
[-3.84373897e-01  5.79062407e-01  1.69204397e+09]
[-3.66076742e-01  5.72831842e-01  1.69204397e+09]
[-3.55341754e-01  5.75264886e-01  1.69204397e+09]
[-3.45954804e-01  5.73752453e-01  1.69204397e+09]
[-3.38606351e-01  5.70283722e-01  1.69204397e+09]
[-3.29071445e-01  5.66568398e-01  1.69204397e+09]
[-3.24928693e-01  5.64579220e-01  1.69204397e+09]
[-3.19273508e-01  5.65302557e-01  1.69204397e+09]
[-3.11842858e-01  5.62343450e-01  1.69204397e+09]
[-3.09787921e-01  5.47005409e-01  1.69204397e+09]
[-3.08489201e-01  5.36418380e-01  1.69204397e+09]
[-3.04198494e-01  5.21836556e-01  1.69204397e+09]
[-3.06006838e-01  5.13320902e-01  1.69204397e+09]
[-3.06006838e-01  5.00432344e-01  1.69204397e+09]
[-3.02603863e-01  5.00448784e-01  1.69204397e+09]
[-2.91983952e-01  5.03703802e-01  1.69204397e+09]
[-2.81824346e-01  5.05660101e-01  1.69204397e+09]
[-2.73440205e-01  5.06087528e-01  1.69204397e+09]
[-2.66486300e-01  5.08060266e-01  1.69204397e+09]
[-2.56819878e-01  5.09079514e-01  1.69204397e+09]
[-2.48550814e-01  5.08339737e-01  1.69204397e+09]
[-2.43799801e-01  5.04443579e-01  1.69204397e+09]
[-2.39196743e-01  5.00646058e-01  1.69204397e+09]
[-2.37306202e-01  4.94136021e-01  1.69204397e+09]
[-2.37536354e-01  4.87330073e-01  1.69204397e+09]
[-2.36796577e-01  4.86804010e-01  1.69204397e+09]
[-2.33673074e-01  4.85883398e-01  1.69204397e+09]
[-2.35514297e-01  4.85636806e-01  1.69204397e+09]
[-2.34412851e-01  4.85702564e-01  1.69204397e+09]
[-2.32653825e-01  4.84584679e-01  1.69204397e+09]
[-2.27524704e-01  4.82842093e-01  1.69204397e+09]
[-2.25732799e-01  4.75247050e-01  1.69204397e+09]
[-2.26932882e-01  4.74079847e-01  1.69204397e+09]
[-2.22132551e-01  4.72945522e-01  1.69204397e+09]
[-2.20028296e-01  4.71876955e-01  1.69204397e+09]
[-2.18746015e-01  4.69394593e-01  1.69204397e+09]
[-2.20126933e-01  4.69723383e-01  1.69204397e+09]
[-2.20028296e-01  4.68687695e-01  1.69204397e+09]
[-2.22362704e-01  4.65794345e-01  1.69204397e+09]
[-2.21557168e-01  4.61585837e-01  1.69204397e+09]
[-2.22116111e-01  4.61076212e-01  1.69204397e+09]
[-2.20817391e-01  4.63427059e-01  1.69204397e+09]
[-2.12285295e-01  4.67273899e-01  1.69204397e+09]
[-2.07024658e-01  4.68260268e-01  1.69204397e+09]
[-2.02405161e-01  4.66583441e-01  1.69204397e+09]
[-2.03062740e-01  4.67750644e-01  1.69204397e+09]
[-2.00580377e-01  4.67142383e-01  1.69204397e+09]
[-1.96125275e-01  4.64347670e-01  1.69204397e+09]
[-1.96421186e-01  4.57475965e-01  1.69204397e+09]
[-1.99166581e-01  4.53957914e-01  1.69204397e+09]
[-1.99906358e-01  4.52494800e-01  1.69204397e+09]
[-1.99922797e-01  4.47480756e-01  1.69204397e+09]
[-2.03046301e-01  4.29857626e-01  1.69204397e+09]
[-2.06021849e-01  4.22591372e-01  1.69204397e+09]
[-2.08274059e-01  4.21950232e-01  1.69204397e+09]
[-2.06153365e-01  4.21391290e-01  1.69204397e+09]
[-2.02733950e-01  4.17478692e-01  1.69204397e+09]
[-2.01336594e-01  4.10048043e-01  1.69204397e+09]
[-2.01780460e-01  4.02189968e-01  1.69204397e+09]
[-2.01106441e-01  3.76938915e-01  1.69204397e+09]
[-2.02602434e-01  3.67256056e-01  1.69204397e+09]
[-2.01172199e-01  3.62455726e-01  1.69204397e+09]
[-2.04246384e-01  3.66499840e-01  1.69204397e+09]
[-2.02750390e-01  3.74588068e-01  1.69204397e+09]
[-1.99117262e-01  3.78517106e-01  1.69204397e+09]
[-1.97341797e-01  3.79552793e-01  1.69204397e+09]
[-1.97966498e-01  3.78862335e-01  1.69204397e+09]
[-1.98640517e-01  3.79010290e-01  1.69204397e+09]
[-1.97013007e-01  3.78862335e-01  1.69204397e+09]
[-1.94777236e-01  3.77399220e-01  1.69204397e+09]
[-1.95401937e-01  3.75064813e-01  1.69204397e+09]
[-1.97013007e-01  3.73338667e-01  1.69204397e+09]
[-1.96454065e-01  3.70741228e-01  1.69204397e+09]
[-1.96207472e-01  3.67288935e-01  1.69204397e+09]
[-1.96634899e-01  3.63327019e-01  1.69204397e+09]
[-2.01895536e-01  3.65628547e-01  1.69204397e+09]
[-2.00876288e-01  3.67699922e-01  1.69204397e+09]
[-1.97637708e-01  3.69113718e-01  1.69204397e+09]
[-1.94760797e-01  3.69195916e-01  1.69204397e+09]
[-1.96125275e-01  3.70198725e-01  1.69204397e+09]
[-1.95418377e-01  3.70132967e-01  1.69204397e+09]
[-1.94826555e-01  3.71365928e-01  1.69204397e+09]
[-1.94464886e-01  3.71086457e-01  1.69204397e+09]
[-1.95632090e-01  3.70527514e-01  1.69204397e+09]
[-1.97752784e-01  3.69705540e-01  1.69204397e+09]
[-1.97391116e-01  3.69639782e-01  1.69204397e+09]
[-1.97456874e-01  3.68850687e-01  1.69204397e+09]
[-1.97341797e-01  3.66779311e-01  1.69204397e+09]
[-1.99955676e-01  3.65562789e-01  1.69204397e+09]
[-1.99824160e-01  3.64461343e-01  1.69204397e+09]
[-1.97637708e-01  3.63918840e-01  1.69204397e+09]
[-1.97867861e-01  3.62735197e-01  1.69204397e+09]
[-2.00810530e-01  3.63557171e-01  1.69204397e+09]
[-1.99281657e-01  3.64559980e-01  1.69204397e+09]
[-1.94333370e-01  3.66302566e-01  1.69204397e+09]
[-1.91292064e-01  3.64625738e-01  1.69204397e+09]
[-1.95023829e-01  3.61880344e-01  1.69204397e+09]
[-1.96191033e-01  3.60039121e-01  1.69204397e+09]
[-1.96569141e-01  3.58362293e-01  1.69204397e+09]
[-2.00070753e-01  3.53611281e-01  1.69204397e+09]
[-2.04756008e-01  3.46723135e-01  1.69204397e+09]
[-2.12383932e-01  3.42810537e-01  1.69204397e+09]
[-2.08586409e-01  3.44931231e-01  1.69204397e+09]
[-2.03457288e-01  3.50980963e-01  1.69204397e+09]
[-1.98196651e-01  3.55057956e-01  1.69204397e+09]
[-1.97703466e-01  3.57195089e-01  1.69204397e+09]
[-1.97325358e-01  3.57375924e-01  1.69204397e+09]
[-1.95697848e-01  3.56734784e-01  1.69204397e+09]
[-1.97473313e-01  3.56093644e-01  1.69204397e+09]
[-2.00991364e-01  3.56734784e-01  1.69204397e+09]
[-1.99067944e-01  3.55912809e-01  1.69204397e+09]
[-1.96865052e-01  3.52082409e-01  1.69204397e+09]
[-1.97128084e-01  3.49748001e-01  1.69204397e+09]
[-1.97785663e-01  3.45029868e-01  1.69204397e+09]
[-2.07895951e-01  3.35100417e-01  1.69204397e+09]
[-2.24466958e-01  3.32700252e-01  1.69204397e+09]
[-2.20373525e-01  3.31056303e-01  1.69204397e+09]
[-2.21146181e-01  3.36678608e-01  1.69204397e+09]
[-2.24532716e-01  3.42596824e-01  1.69204397e+09]
[-2.20258449e-01  3.49008224e-01  1.69204397e+09]
[-2.19863901e-01  3.52016651e-01  1.69204397e+09]
[-2.25979392e-01  3.54400376e-01  1.69204397e+09]
[-2.40840692e-01  3.55616899e-01  1.69204397e+09]
[-2.52479853e-01  3.53430447e-01  1.69204397e+09]
[-2.56967834e-01  3.52065969e-01  1.69204397e+09]
[-2.63773783e-01  3.50093231e-01  1.69204397e+09]
[-2.65647886e-01  3.52230364e-01  1.69204397e+09]
[-2.61784605e-01  3.53644160e-01  1.69204397e+09]
[-2.57543216e-01  3.55304548e-01  1.69204397e+09]
[-2.55767751e-01  3.57293726e-01  1.69204397e+09]
[-2.58019961e-01  3.59545936e-01  1.69204397e+09]
[-2.63297038e-01  3.60236395e-01  1.69204397e+09]
[-2.84027237e-01  3.57951306e-01  1.69204397e+09]
[-2.96471933e-01  3.54893561e-01  1.69204397e+09]
[-3.07617908e-01  3.51819377e-01  1.69204397e+09]
[-3.16429476e-01  3.51770058e-01  1.69204397e+09]
[-3.11251036e-01  3.51112479e-01  1.69204397e+09]
[-3.08883749e-01  3.50405581e-01  1.69204397e+09]
[-2.98806341e-01  3.50980963e-01  1.69204397e+09]
[-2.86493161e-01  3.53085217e-01  1.69204397e+09]
[-2.78109020e-01  3.53940071e-01  1.69204397e+09]
[-2.71303071e-01  3.53677039e-01  1.69204397e+09]
[-2.71944211e-01  3.53446886e-01  1.69204397e+09]
[-2.75544460e-01  3.53068778e-01  1.69204397e+09]
[-2.77237727e-01  3.52444077e-01  1.69204397e+09]
[-2.78454250e-01  3.51556345e-01  1.69204397e+09]
[-2.77106211e-01  3.50685052e-01  1.69204397e+09]
[-2.69609803e-01  3.50783689e-01  1.69204397e+09]
[-2.56047222e-01  3.52509835e-01  1.69204397e+09]
[-2.39607730e-01  3.53167415e-01  1.69204397e+09]
[-2.32341475e-01  3.53315370e-01  1.69204397e+09]
[-2.31223590e-01  3.53545523e-01  1.69204397e+09]
[-2.34347093e-01  3.54762045e-01  1.69204397e+09]
[-2.34232017e-01  3.54893561e-01  1.69204397e+09]
[-2.32440112e-01  3.54597650e-01  1.69204397e+09]
[-2.32555188e-01  3.53709918e-01  1.69204397e+09]
[-2.31470182e-01  3.52855065e-01  1.69204397e+09]
[-2.29333048e-01  3.52772867e-01  1.69204397e+09]
[-2.26439697e-01  3.51720740e-01  1.69204397e+09]
[-2.25732799e-01  3.50323383e-01  1.69204397e+09]
[-2.24368322e-01  3.49254817e-01  1.69204397e+09]
[-2.19420034e-01  3.46673817e-01  1.69204397e+09]
[-2.17233582e-01  3.43764027e-01  1.69204397e+09]
[-2.17447295e-01  3.41396741e-01  1.69204397e+09]
[-2.18219952e-01  3.41446060e-01  1.69204397e+09]
[-2.15622512e-01  3.41281665e-01  1.69204397e+09]
[-2.14422429e-01  3.40804920e-01  1.69204397e+09]
[-2.11414002e-01  3.38651347e-01  1.69204397e+09]
[-2.13682652e-01  3.38667786e-01  1.69204397e+09]
[-2.13156588e-01  3.38865060e-01  1.69204397e+09]
[-2.12893556e-01  3.38980136e-01  1.69204397e+09]
[-2.09901569e-01  3.36284060e-01  1.69204397e+09]
[-2.12729161e-01  3.31138500e-01  1.69204397e+09]
[-2.10476951e-01  3.12085133e-01  1.69204397e+09]
[-2.06926021e-01  2.70641182e-01  1.69204397e+09]
[-2.04032670e-01  2.44568152e-01  1.69204397e+09]
[-1.93314122e-01  2.24857204e-01  1.69204397e+09]
[-1.86064306e-01  2.22933784e-01  1.69204397e+09]
[-1.77219859e-01  2.24939402e-01  1.69204397e+09]
[-1.72633241e-01  2.26994338e-01  1.69204398e+09]
[-1.65728655e-01  2.28473892e-01  1.69204398e+09]
[-1.55092304e-01  2.31959064e-01  1.69204398e+09]
[-1.34148391e-01  2.37548490e-01  1.69204398e+09]
[-1.10228931e-01  2.45866872e-01  1.69204398e+09]
[-7.19249164e-02  2.54300330e-01  1.69204398e+09]
[-2.77848827e-02  2.63374928e-01  1.69204398e+09]
[-5.36141695e-03  2.68208137e-01  1.69204398e+09]
[-1.33658842e-04  2.69227386e-01  1.69204398e+09]
[-6.79008779e-05  2.68602685e-01  1.69204398e+09]
[-1.85824052e-05  2.68125940e-01  1.69204398e+09]
[-1.33658842e-04  2.68931475e-01  1.69204398e+09]
[-1.00779860e-04  2.66284717e-01  1.69204398e+09]
[-2.23791368e-03  2.61172036e-01  1.69204398e+09]
[-6.93439163e-02  2.38090993e-01  1.69204398e+09]
[-1.58659673e-01  1.07413489e-01  1.69204398e+09]
[-2.26094468e-01  8.61215031e-03  1.69204398e+09]
[-2.36681501e-01  2.77613105e-03  1.69204398e+09]
[-2.50030368e-01  2.56241767e-03  1.69204398e+09]
[-2.51641438e-01  2.43090174e-03  1.69204398e+09]
[-2.56984273e-01  2.38158327e-03  1.69204398e+09]
[-2.55899267e-01  2.39802276e-03  1.69204398e+09]
[-2.54995095e-01  2.26650683e-03  1.69204398e+09]
[-2.49931731e-01  2.38158327e-03  1.69204398e+09]
[-2.48550814e-01  2.23362785e-03  1.69204398e+09]
[-2.45558826e-01  2.23362785e-03  1.69204398e+09]
[-2.39344699e-01  2.36514378e-03  1.69204398e+09]
[-2.38309011e-01  2.34870428e-03  1.69204398e+09]
[-2.39262501e-01  2.28294632e-03  1.69204398e+09]
[-2.39328259e-01  2.26650683e-03  1.69204398e+09]
[-2.44523138e-01  2.34870428e-03  1.69204398e+09]
[-2.50441356e-01  2.41446225e-03  1.69204398e+09]
[-2.59631031e-01  2.29938581e-03  1.69204398e+09]
[-2.67160319e-01  2.31582530e-03  1.69204398e+09]
[-2.75199230e-01  2.29938581e-03  1.69204398e+09]
[-2.71220873e-01  2.34870428e-03  1.69204398e+09]
[-2.52019547e-01  2.29938581e-03  1.69204398e+09]
[-2.00547498e-01  2.33226479e-03  1.69204398e+09]
[-1.22262639e-01  2.38158327e-03  1.69204398e+09]
[-5.71129348e-02  2.39802276e-03  1.69204398e+09]
[-2.10639775e-03  2.31582530e-03  1.69204398e+09]
[-2.14291431e-06  3.74798961e-02  1.69204398e+09]
[-1.00779860e-04  1.00574661e-01  1.69204398e+09]
[-5.14613870e-05  1.45996972e-01  1.69204398e+09]
[-1.00779860e-04  1.76837455e-01  1.69204398e+09]
[-1.00779860e-04  1.98323868e-01  1.69204398e+09]
[-5.14613870e-05  2.10094543e-01  1.69204398e+09]
[-1.33658842e-04  2.28375255e-01  1.69204398e+09]
[-6.79008779e-05  2.74455143e-01  1.69204398e+09]
[-8.43403688e-05  2.73666048e-01  1.69204398e+09]
[-1.85824052e-05  2.66054564e-01  1.69204398e+09]
[-3.50218961e-05  2.61056960e-01  1.69204398e+09]
[-2.14291430e-06  2.52557744e-01  1.69204398e+09]
[-6.79008779e-05  2.43516025e-01  1.69204398e+09]
[-3.50218961e-05  2.36101815e-01  1.69204398e+09]
[-1.66537823e-04  2.02433741e-01  1.69204398e+09]
[-1.33658842e-04  1.04733852e-01  1.69204398e+09]
[-1.17219351e-04  3.95841509e-02  1.69204398e+09]
[-3.50218961e-05  4.45295912e-03  1.69204398e+09]
[-1.00779860e-04  4.38720115e-03  1.69204398e+09]
[-3.41140867e-02  4.45295912e-03  1.69204398e+09]
[-7.51634962e-02  4.43651963e-03  1.69204398e+09]
[-1.03307905e-01  4.45295912e-03  1.69204398e+09]
[-1.24991595e-01  4.35432217e-03  1.69204398e+09]
[-1.40855704e-01  4.35432217e-03  1.69204398e+09]
[-1.47497258e-01  4.46939861e-03  1.69204398e+09]
[-1.45031335e-01  4.45295912e-03  1.69204398e+09]
[-1.42746245e-01  4.37076166e-03  1.69204398e+09]
[-1.46642405e-01  4.42008014e-03  1.69204398e+09]
[-1.55848520e-01  4.38720115e-03  1.69204398e+09]
[-1.60122788e-01  4.42008014e-03  1.69204398e+09]
[-1.68556247e-01  4.45295912e-03  1.69204398e+09]
[-1.71482477e-01  4.38720115e-03  1.69204398e+09]
[-1.77006146e-01  4.46939861e-03  1.69204398e+09]
[-1.74737496e-01  4.45295912e-03  1.69204398e+09]
[-1.54730635e-01  4.37076166e-03  1.69204398e+09]
[-1.19698078e-01  4.42008014e-03  1.69204398e+09]
[-5.99405273e-02  4.40364065e-03  1.69204398e+09]
[-2.92837230e-03  4.33788268e-03  1.69204398e+09]
[-6.79008779e-05  4.37076166e-03  1.69204398e+09]
[-1.17219351e-04  4.43651963e-03  1.69204398e+09]
[-1.00779860e-04  4.38720115e-03  1.69204398e+09]
[-6.79008779e-05  1.72922015e-02  1.69204398e+09]
[-5.14613870e-05  3.27782018e-02  1.69204398e+09]
[-5.14613870e-05  5.76018327e-02  1.69204398e+09]
[-3.50218961e-05  6.32405779e-02  1.69204398e+09]
[-8.43403688e-05  6.83039410e-02  1.69204398e+09]
[-8.43403688e-05  6.67750684e-02  1.69204398e+09]
[-1.00779860e-04  6.09390493e-02  1.69204398e+09]
[-6.79008779e-05  4.06527178e-02  1.69204398e+09]
[-6.79008779e-05  7.90525220e-03  1.69204398e+09]
[-8.43403688e-05  4.96258334e-03  1.69204398e+09]
[-2.76533667e-02  4.96258334e-03  1.69204398e+09]
[-6.32777440e-02  5.06122028e-03  1.69204398e+09]
[-9.90007586e-02  5.07765977e-03  1.69204398e+09]
[-1.22739384e-01  4.94614384e-03  1.69204398e+09]
[-1.38866525e-01  4.96258334e-03  1.69204398e+09]
[-1.48582265e-01  4.96258334e-03  1.69204398e+09]
[-1.55075864e-01  5.01190181e-03  1.69204398e+09]
[-1.58462399e-01  4.99546232e-03  1.69204398e+09]
[-1.60862565e-01  4.99546232e-03  1.69204398e+09]
[-1.61487266e-01  5.07765977e-03  1.69204398e+09]
[-1.55634807e-01  4.96258334e-03  1.69204398e+09]
[-1.46412252e-01  5.01190181e-03  1.69204398e+09]
[-1.34493621e-01  4.99546232e-03  1.69204398e+09]
[-1.30202913e-01  4.96258334e-03  1.69204398e+09]
[-1.34049754e-01  5.07765977e-03  1.69204398e+09]
[-1.39606302e-01  4.99546232e-03  1.69204398e+09]
[-1.48072641e-01  4.92970435e-03  1.69204398e+09]
[-1.56851329e-01  5.02834130e-03  1.69204398e+09]
[-1.63640839e-01  4.92970435e-03  1.69204398e+09]
[-1.69559056e-01  4.88038588e-03  1.69204398e+09]
[-1.80787229e-01  5.01190181e-03  1.69204398e+09]
[-1.94284052e-01  4.96258334e-03  1.69204398e+09]
[-2.04312142e-01  4.94614384e-03  1.69204398e+09]
[-2.12367493e-01  5.02834130e-03  1.69204398e+09]
[-2.18746015e-01  4.92970435e-03  1.69204398e+09]
[-2.12235977e-01  4.86394639e-03  1.69204398e+09]
[-1.95944440e-01  4.94614384e-03  1.69204398e+09]
[-1.75806063e-01  4.92970435e-03  1.69204398e+09]
[-1.59580285e-01  4.89682537e-03  1.69204398e+09]
[-1.48237036e-01  4.86394639e-03  1.69204398e+09]
[-1.30219353e-01  4.89682537e-03  1.69204398e+09]
[-9.60745291e-02  4.84750690e-03  1.69204398e+09]
[-5.15892658e-02  4.83106741e-03  1.69204398e+09]
[3.07360675e-05 1.96759276e-02 1.69204398e+09]
[-1.17219351e-04  5.48071193e-02  1.69204398e+09]
[-8.43403688e-05  9.22233996e-02  1.69204398e+09]
[-3.50218961e-05  1.18049839e-01  1.69204398e+09]
[-8.43403688e-05  1.38385488e-01  1.69204398e+09]
[-1.00779860e-04  1.49399946e-01  1.69204398e+09]
[-3.50218961e-05  1.57833405e-01  1.69204398e+09]
[-1.00779860e-04  1.63652984e-01  1.69204398e+09]
[-1.85824052e-05  1.71050755e-01  1.69204398e+09]
[-1.17219351e-04  1.74272895e-01  1.69204398e+09]
[-5.14613870e-05  1.74223576e-01  1.69204398e+09]
[-1.85824052e-05  1.71412423e-01  1.69204398e+09]
[-1.33658842e-04  1.68305360e-01  1.69204398e+09]
[-3.50218961e-05  1.64984583e-01  1.69204398e+09]
[-5.14613870e-05  1.64113290e-01  1.69204398e+09]
[-1.85824052e-05  1.65033901e-01  1.69204398e+09]
[-6.79008779e-05  1.66644971e-01  1.69204398e+09]
[-6.79008779e-05  1.66858685e-01  1.69204398e+09]
[-5.14613870e-05  1.69719156e-01  1.69204398e+09]
[-6.79008779e-05  1.72727583e-01  1.69204398e+09]
[-5.14613870e-05  1.76179875e-01  1.69204398e+09]
[-5.14613870e-05  1.79303379e-01  1.69204398e+09]
[-1.85824052e-05  1.81818620e-01  1.69204398e+09]
[-5.14613870e-05  2.04768148e-01  1.69204398e+09]
[-6.79008779e-05  2.32501567e-01  1.69204398e+09]
[-6.79008779e-05  2.25185994e-01  1.69204398e+09]
[-2.14291431e-06  2.12182358e-01  1.69204398e+09]
[-5.14613870e-05  1.76130557e-01  1.69204398e+09]
[-8.43403688e-05  8.85573933e-02  1.69204398e+09]
[-8.43403688e-05  3.56222337e-02  1.69204398e+09]
[-3.50218961e-05  1.12260294e-02  1.69204398e+09]
[-3.50218961e-05  4.53515657e-03  1.69204398e+09]
[-2.28723216e-03  4.35432217e-03  1.69204398e+09]
[-7.23030247e-02  4.28856421e-03  1.69204398e+09]
[-1.12234549e-01  4.30500370e-03  1.69204398e+09]
[-1.30531703e-01  4.22280625e-03  1.69204398e+09]
[-1.44390195e-01  4.20636676e-03  1.69204398e+09]
[-1.45672475e-01  4.25568523e-03  1.69204398e+09]
[-1.39918653e-01  4.17348777e-03  1.69204398e+09]
[-1.40987220e-01  4.18992726e-03  1.69204398e+09]
[-1.40198124e-01  4.09129032e-03  1.69204398e+09]
[-1.42137984e-01  4.12416930e-03  1.69204398e+09]
[-1.46543768e-01  4.09129032e-03  1.69204398e+09]
[-1.51508494e-01  4.04197185e-03  1.69204398e+09]
[-1.53974418e-01  4.17348777e-03  1.69204398e+09]
[-1.42039347e-01  4.14060879e-03  1.69204398e+09]
[-9.79321917e-02  4.07485083e-03  1.69204398e+09]
[-3.49360613e-02  3.97621388e-03  1.69204398e+09]
[-1.99416805e-04  4.02553236e-03  1.69204398e+09]
[-1.33658842e-04  4.05841134e-03  1.69204398e+09]
[-5.14613870e-05  3.23672145e-02  1.69204398e+09]
[-1.66537823e-04  5.01218644e-02  1.69204398e+09]
[-1.00779860e-04  5.82758518e-02  1.69204398e+09]
[-5.14613870e-05  5.93937371e-02  1.69204398e+09]
[-1.17219351e-04  5.89991894e-02  1.69204398e+09]
[-1.17219351e-04  5.70100110e-02  1.69204398e+09]
[-1.00779860e-04  5.46262849e-02  1.69204398e+09]
[-8.43403688e-05  4.66531319e-02  1.69204398e+09]
[-1.00779860e-04  2.36378449e-02  1.69204398e+09]
[-4.16433737e-02  6.57365344e-03  1.69204398e+09]
[-8.19036876e-02  3.18711832e-03  1.69204398e+09]
[-1.14404562e-01  3.08848137e-03  1.69204398e+09]
[-1.29907003e-01  2.92408647e-03  1.69204398e+09]
[-1.39014481e-01  2.95696545e-03  1.69204398e+09]
[-1.48352112e-01  3.10492087e-03  1.69204398e+09]
[-1.54467603e-01  3.17067883e-03  1.69204398e+09]
[-1.58018533e-01  3.17067883e-03  1.69204398e+09]
[-1.62407877e-01  3.21999730e-03  1.69204398e+09]
[-1.65531381e-01  3.20355781e-03  1.69204398e+09]
[-1.67684954e-01  3.10492087e-03  1.69204398e+09]
[-1.68753521e-01  3.31863425e-03  1.69204398e+09]
[-1.68539808e-01  3.23643679e-03  1.69204398e+09]
[-1.68309655e-01  3.25287628e-03  1.69204398e+09]
[-1.67734273e-01  3.28575527e-03  1.69204398e+09]
[-1.68161699e-01  3.31863425e-03  1.69204398e+09]
[-1.70841336e-01  3.31863425e-03  1.69204399e+09]
[-1.76217050e-01  3.23643679e-03  1.69204399e+09]
[-1.83384669e-01  3.35151323e-03  1.69204399e+09]
[-1.94086778e-01  3.31863425e-03  1.69204399e+09]
[-2.09211110e-01  3.40083170e-03  1.69204399e+09]
[-2.21820200e-01  3.38439221e-03  1.69204399e+09]
[-2.38078858e-01  3.28575527e-03  1.69204399e+09]
[-2.44424502e-01  3.36795272e-03  1.69204399e+09]
[-2.46693151e-01  3.43371068e-03  1.69204399e+09]
[-2.47876795e-01  3.38439221e-03  1.69204399e+09]
[-2.47498686e-01  3.38439221e-03  1.69204399e+09]
[-2.41120164e-01  3.40083170e-03  1.69204399e+09]
[-2.33475800e-01  3.43371068e-03  1.69204399e+09]
[-2.31914048e-01  3.35151323e-03  1.69204399e+09]
[-2.21590047e-01  3.48302916e-03  1.69204399e+09]
[-2.09490581e-01  3.43371068e-03  1.69204399e+09]
[-2.02125689e-01  2.42461061e-02  1.69204399e+09]
[-2.05282072e-01  8.81792850e-02  1.69204399e+09]
[-2.14504626e-01  1.57981360e-01  1.69204399e+09]
[-2.41613348e-01  1.99211601e-01  1.69204399e+09]
[-2.75988326e-01  2.07118995e-01  1.69204399e+09]
[-3.13141578e-01  2.19382854e-01  1.69204399e+09]
[-3.48256333e-01  2.41707681e-01  1.69204399e+09]
[-3.53303257e-01  2.55418215e-01  1.69204399e+09]
[-3.31488051e-01  3.06512146e-01  1.69204399e+09]
[-3.22692923e-01  3.49863078e-01  1.69204399e+09]
[-3.46382230e-01  3.94808638e-01  1.69204399e+09]
[-3.60454436e-01  4.24942219e-01  1.69204399e+09]
[-3.93612891e-01  4.37173198e-01  1.69204399e+09]
[-4.22858747e-01  4.40066548e-01  1.69204399e+09]
[-5.06091896e-01  4.51722144e-01  1.69204399e+09]
[-5.59027060e-01  4.47825986e-01  1.69204399e+09]
[-5.74907609e-01  4.73307191e-01  1.69204399e+09]
[-5.69992201e-01  4.73093478e-01  1.69204399e+09]
[-5.65833010e-01  4.77959566e-01  1.69204399e+09]
[-5.60802525e-01  4.70348083e-01  1.69204399e+09]
[-5.52681416e-01  4.67569810e-01  1.69204399e+09]
[-5.51168983e-01  4.66353288e-01  1.69204399e+09]
[-5.53733544e-01  4.70660433e-01  1.69204399e+09]
[-5.53667786e-01  4.67224581e-01  1.69204399e+09]
[-5.39759975e-01  4.55125118e-01  1.69204399e+09]
[-5.18010527e-01  4.41973528e-01  1.69204399e+09]
[-4.96918659e-01  4.34723714e-01  1.69204399e+09]
[-4.87663225e-01  4.17577329e-01  1.69204399e+09]
[-5.00749061e-01  4.06990299e-01  1.69204399e+09]
[-4.85526091e-01  3.93723632e-01  1.69204399e+09]
[-4.27889232e-01  3.76610125e-01  1.69204399e+09]
[-3.14982801e-01  3.50175428e-01  1.69204399e+09]
[-2.41448954e-01  3.51359071e-01  1.69204399e+09]
[-2.40051597e-01  3.60121318e-01  1.69204399e+09]
[-2.30401615e-01  3.63244821e-01  1.69204399e+09]
[-1.97604829e-01  3.60466548e-01  1.69204399e+09]
[-9.86884083e-02  3.44668199e-01  1.69204399e+09]
[-9.19181835e-03  3.19861011e-01  1.69204399e+09]
[-9.93159544e-03  3.04095542e-01  1.69204399e+09]
[-1.05740950e-01  2.78367742e-01  1.69204399e+09]
[-2.12334614e-01  1.58638940e-01  1.69204399e+09]
[-3.05267061e-01  6.71531767e-02  1.69204399e+09]
[-3.34611554e-01  2.46570933e-02  1.69204399e+09]
[-3.58613213e-01  1.32809657e-02  1.69204399e+09]
[-3.36534975e-01  6.45392977e-02  1.69204399e+09]
[-2.97261028e-01  1.99967817e-01  1.69204399e+09]
[-2.97145952e-01  2.99854153e-01  1.69204399e+09]
[-3.12385361e-01  3.45802524e-01  1.69204399e+09]
[-3.41022956e-01  3.58395172e-01  1.69204399e+09]
[-4.08770103e-01  3.48021855e-01  1.69204399e+09]
[-4.85279499e-01  3.24891495e-01  1.69204399e+09]
[-5.31359395e-01  3.20502151e-01  1.69204399e+09]
[-5.45415161e-01  3.18003349e-01  1.69204399e+09]
[-5.37343370e-01  3.22113221e-01  1.69204399e+09]
[-5.23599955e-01  3.27028628e-01  1.69204399e+09]
[-5.15215814e-01  3.30842590e-01  1.69204399e+09]
[-5.16004909e-01  3.28310908e-01  1.69204399e+09]
[-5.08442743e-01  3.24513386e-01  1.69204399e+09]
[-5.03806806e-01  3.24283234e-01  1.69204399e+09]
[-5.05911061e-01  3.21061094e-01  1.69204399e+09]
[-5.05121966e-01  3.14731891e-01  1.69204399e+09]
[-5.06634399e-01  3.07843745e-01  1.69204399e+09]
[-4.95159634e-01  3.09980879e-01  1.69204399e+09]
[-4.67689242e-01  3.12594757e-01  1.69204399e+09]
[-4.18452964e-01  3.19943209e-01  1.69204399e+09]
[-3.79787278e-01  3.32026233e-01  1.69204399e+09]
[-3.77551507e-01  3.32552296e-01  1.69204399e+09]
[-3.92363490e-01  3.24990132e-01  1.69204399e+09]
[-4.29155073e-01  3.12989305e-01  1.69204399e+09]
[-4.62017618e-01  2.97832096e-01  1.69204399e+09]
[-4.92841665e-01  2.84022926e-01  1.69204399e+09]
[-4.89274295e-01  2.90434326e-01  1.69204399e+09]
[-4.74544511e-01  3.05065471e-01  1.69204399e+09]
[-4.40975068e-01  3.21028215e-01  1.69204399e+09]
[-3.92462127e-01  3.35642920e-01  1.69204399e+09]
[-3.81069559e-01  3.42531066e-01  1.69204399e+09]
[-3.92462127e-01  3.38667786e-01  1.69204399e+09]
[-4.23220416e-01  3.28080756e-01  1.69204399e+09]
[-4.59239343e-01  3.14123630e-01  1.69204399e+09]
[-4.84983588e-01  3.04095542e-01  1.69204399e+09]
[-4.79640753e-01  2.99196574e-01  1.69204399e+09]
[-4.57496757e-01  3.06364191e-01  1.69204399e+09]
[-4.20064034e-01  3.10934369e-01  1.69204399e+09]
[-4.08227600e-01  3.11723464e-01  1.69204399e+09]
[-4.14606122e-01  3.10753535e-01  1.69204399e+09]
[-4.27971430e-01  3.05344943e-01  1.69204399e+09]
[-4.44641074e-01  3.03832510e-01  1.69204399e+09]
[-4.48471476e-01  3.07712229e-01  1.69204399e+09]
[-4.60406547e-01  3.14238706e-01  1.69204399e+09]
[-4.61688828e-01  3.24694221e-01  1.69204399e+09]
[-4.64434223e-01  3.26535444e-01  1.69204399e+09]
[-4.83783505e-01  3.30694634e-01  1.69204399e+09]
[-5.03165666e-01  3.33735940e-01  1.69204399e+09]
[-4.95011678e-01  3.34820946e-01  1.69204399e+09]
[-4.97855710e-01  3.32026233e-01  1.69204399e+09]
[-5.12486858e-01  3.32322144e-01  1.69204399e+09]
[-5.14722629e-01  3.29215080e-01  1.69204399e+09]
[-5.10842909e-01  3.36432016e-01  1.69204399e+09]
[-4.95422665e-01  3.40772041e-01  1.69204399e+09]
[-4.72341619e-01  3.49665804e-01  1.69204399e+09]
[-4.52548470e-01  3.55929249e-01  1.69204399e+09]
[-4.42355985e-01  3.60844656e-01  1.69204399e+09]
[-4.28250901e-01  3.60515866e-01  1.69204399e+09]
[-4.02605293e-01  3.64576420e-01  1.69204399e+09]
[-3.86971336e-01  3.67272496e-01  1.69204399e+09]
[-3.85952088e-01  3.63803764e-01  1.69204399e+09]
[-3.91722350e-01  3.58756841e-01  1.69204399e+09]
[-3.83650559e-01  3.55041516e-01  1.69204399e+09]
[-3.68033041e-01  3.56685465e-01  1.69204399e+09]
[-3.51626428e-01  3.62291331e-01  1.69204399e+09]
[-3.25750668e-01  3.65727184e-01  1.69204399e+09]
[-3.21772311e-01  3.64970967e-01  1.69204399e+09]
[-3.25323241e-01  3.62587242e-01  1.69204399e+09]
[-3.27575452e-01  3.58493809e-01  1.69204399e+09]
[-3.18846081e-01  3.54203103e-01  1.69204399e+09]
[-3.18056986e-01  3.53841434e-01  1.69204399e+09]
[-3.15541744e-01  3.51786498e-01  1.69204399e+09]
[-3.16100686e-01  3.48284887e-01  1.69204399e+09]
[-3.05480774e-01  3.42103639e-01  1.69204399e+09]
[-3.06154794e-01  3.40772041e-01  1.69204399e+09]
[-3.08275488e-01  3.42448868e-01  1.69204399e+09]
[-2.93759417e-01  3.30448042e-01  1.69204399e+09]
[-2.78881676e-01  3.28261590e-01  1.69204399e+09]
[-2.78306294e-01  3.26765596e-01  1.69204399e+09]
[-2.84027237e-01  3.18217062e-01  1.69204399e+09]
[-2.92099028e-01  3.09849363e-01  1.69204399e+09]
