HokinRight_Hand
Dev2/ai0 Dev2/ai1
[-4.34023992e-02  2.42132271e-02  1.69204418e+09]
[-5.75896801e-02  3.41098005e-02  1.69204418e+09]
[-6.30804701e-02  3.80552783e-02  1.69204418e+09]
[-6.35243364e-02  3.96005904e-02  1.69204418e+09]
[-6.19461452e-02  3.92882401e-02  1.69204418e+09]
[-5.95131005e-02  3.90416477e-02  1.69204418e+09]
[-5.74088457e-02  3.80552783e-02  1.69204418e+09]
[-5.59292915e-02  3.75620936e-02  1.69204418e+09]
[-5.65375526e-02  3.91238452e-02  1.69204418e+09]
[-9.19975353e-02  7.22658582e-02  1.69204418e+09]
[-1.62144845e-01  1.50567150e-01  1.69204418e+09]
[-2.17562372e-01  2.23015981e-01  1.69204418e+09]
[-2.56671923e-01  2.69178067e-01  1.69204418e+09]
[-2.87545289e-01  3.10309668e-01  1.69204418e+09]
[-2.90027652e-01  3.54614090e-01  1.69204418e+09]
[-2.89320754e-01  3.72927680e-01  1.69204418e+09]
[-2.94959500e-01  3.84468200e-01  1.69204418e+09]
[-2.92444257e-01  3.90978237e-01  1.69204418e+09]
[-2.91161977e-01  3.92129002e-01  1.69204418e+09]
[-3.00647564e-01  3.88709588e-01  1.69204418e+09]
[-3.10215348e-01  3.88134206e-01  1.69204418e+09]
[-3.19783132e-01  3.88808225e-01  1.69204418e+09]
[-3.35367771e-01  3.88643830e-01  1.69204418e+09]
[-3.46776778e-01  3.86736850e-01  1.69204418e+09]
[-3.60257162e-01  3.84122971e-01  1.69204418e+09]
[-3.71830564e-01  3.78895214e-01  1.69204418e+09]
[-3.75019826e-01  3.68817808e-01  1.69204418e+09]
[-3.91919623e-01  3.58773280e-01  1.69204418e+09]
[-3.77370673e-01  3.42136518e-01  1.69204418e+09]
[-3.46678141e-01  3.26666959e-01  1.69204418e+09]
[-3.49686568e-01  3.18036228e-01  1.69204418e+09]
[-3.58892684e-01  3.23905125e-01  1.69204418e+09]
[-3.22133980e-01  3.15389470e-01  1.69204418e+09]
[-3.01535296e-01  3.12183770e-01  1.69204418e+09]
[-3.37389828e-01  3.27620450e-01  1.69204418e+09]
[-3.16593871e-01  3.17658120e-01  1.69204418e+09]
[-2.80788658e-01  3.03684554e-01  1.69204418e+09]
[-2.54501910e-01  2.94248288e-01  1.69204418e+09]
[-2.35645813e-01  2.74800372e-01  1.69204418e+09]
[-2.17677448e-01  2.57242998e-01  1.69204418e+09]
[-1.86541051e-01  2.50782279e-01  1.69204418e+09]
[-1.65975247e-01  2.45488763e-01  1.69204418e+09]
[-1.61848935e-01  2.43565343e-01  1.69204418e+09]
[-1.50242654e-01  2.43417388e-01  1.69204418e+09]
[-1.36745831e-01  2.42907763e-01  1.69204418e+09]
[-1.37551366e-01  2.37071745e-01  1.69204418e+09]
[-1.44127163e-01  2.27668357e-01  1.69204418e+09]
[-1.57229437e-01  2.11574097e-01  1.69204418e+09]
[-1.76249929e-01  2.05886033e-01  1.69204418e+09]
[-1.73882642e-01  2.08631428e-01  1.69204419e+09]
[-1.73718248e-01  2.09354766e-01  1.69204419e+09]
[-1.78140471e-01  2.12428950e-01  1.69204419e+09]
[-1.83401108e-01  2.14730479e-01  1.69204419e+09]
[-1.88217879e-01  2.17147084e-01  1.69204419e+09]
[-1.95253982e-01  2.18626638e-01  1.69204419e+09]
[-1.97013007e-01  2.23065300e-01  1.69204419e+09]
[-1.92064720e-01  2.31613834e-01  1.69204419e+09]
[-1.89927586e-01  2.30331554e-01  1.69204419e+09]
[-1.87461663e-01  2.27109414e-01  1.69204419e+09]
[-1.83302471e-01  2.22785829e-01  1.69204419e+09]
[-1.81099579e-01  2.22424160e-01  1.69204419e+09]
[-1.80376242e-01  2.19744523e-01  1.69204419e+09]
[-1.81296853e-01  2.17295039e-01  1.69204419e+09]
[-1.79389872e-01  2.15536014e-01  1.69204419e+09]
[-1.78748732e-01  2.17492313e-01  1.69204419e+09]
[-1.81888675e-01  2.21207638e-01  1.69204419e+09]
[-1.92738739e-01  2.23081739e-01  1.69204419e+09]
[-1.98065135e-01  2.22457039e-01  1.69204419e+09]
[-2.00432422e-01  2.21717262e-01  1.69204419e+09]
[-2.05430027e-01  2.20319905e-01  1.69204419e+09]
[-2.12942875e-01  2.21273396e-01  1.69204419e+09]
[-2.19814582e-01  2.23196816e-01  1.69204419e+09]
[-2.25321812e-01  2.26435395e-01  1.69204419e+09]
[-2.28001449e-01  2.29526019e-01  1.69204419e+09]
[-2.27639780e-01  2.30956255e-01  1.69204419e+09]
[-2.26308182e-01  2.32222095e-01  1.69204419e+09]
[-2.24203927e-01  2.31285045e-01  1.69204419e+09]
[-2.21672245e-01  2.28753363e-01  1.69204419e+09]
[-2.18203512e-01  2.24133867e-01  1.69204419e+09]
[-2.15721149e-01  2.17804663e-01  1.69204419e+09]
[-2.16378729e-01  2.11754931e-01  1.69204419e+09]
[-2.14241595e-01  2.00608957e-01  1.69204419e+09]
[-2.17924041e-01  1.91879588e-01  1.69204419e+09]
[-2.21129742e-01  1.81933697e-01  1.69204419e+09]
[-2.20242009e-01  1.79155423e-01  1.69204419e+09]
[-2.18811773e-01  1.80437703e-01  1.69204419e+09]
[-2.17858283e-01  1.80437703e-01  1.69204419e+09]
[-2.15556754e-01  1.81785741e-01  1.69204419e+09]
[-2.11200289e-01  1.82426882e-01  1.69204419e+09]
[-2.04213505e-01  1.82607716e-01  1.69204419e+09]
[-1.89763191e-01  1.87605321e-01  1.69204419e+09]
[-1.81116019e-01  1.91271327e-01  1.69204419e+09]
[-1.77170541e-01  1.91189130e-01  1.69204419e+09]
[-1.81280414e-01  1.92767321e-01  1.69204419e+09]
[-1.81674961e-01  1.93359142e-01  1.69204419e+09]
[-1.83861414e-01  1.91928907e-01  1.69204419e+09]
[-1.84420357e-01  1.90367155e-01  1.69204419e+09]
[-1.83680579e-01  1.89791773e-01  1.69204419e+09]
[-1.82809286e-01  1.92438531e-01  1.69204419e+09]
[-1.75411515e-01  1.93211187e-01  1.69204419e+09]
[-1.72600362e-01  1.95101728e-01  1.69204419e+09]
[-1.74934770e-01  1.97452575e-01  1.69204419e+09]
[-1.85702637e-01  2.04011932e-01  1.69204419e+09]
[-1.98541880e-01  2.17163523e-01  1.69204419e+09]
[-2.20899589e-01  2.77052582e-01  1.69204419e+09]
[-2.30878360e-01  3.25006571e-01  1.69204419e+09]
[-2.30582449e-01  3.40969314e-01  1.69204419e+09]
[-2.34314214e-01  3.37023837e-01  1.69204419e+09]
[-2.34610125e-01  3.26420367e-01  1.69204419e+09]
[-2.31634577e-01  3.11460433e-01  1.69204419e+09]
[-2.27360309e-01  2.94840109e-01  1.69204419e+09]
[-2.19206321e-01  2.79189716e-01  1.69204419e+09]
[-2.07008218e-01  2.65446303e-01  1.69204419e+09]
[-1.88727503e-01  2.49499999e-01  1.69204419e+09]
[-1.77943197e-01  2.40967904e-01  1.69204419e+09]
[-1.75000528e-01  2.40145929e-01  1.69204419e+09]
[-1.74063477e-01  2.46508012e-01  1.69204419e+09]
[-1.79751541e-01  2.54678438e-01  1.69204419e+09]
[-1.78452821e-01  2.58130731e-01  1.69204419e+09]
[-1.79258356e-01  2.58936265e-01  1.69204419e+09]
[-1.81822917e-01  2.58886947e-01  1.69204419e+09]
[-1.81379051e-01  2.56766253e-01  1.69204419e+09]
[-1.80096770e-01  2.54349648e-01  1.69204419e+09]
[-1.77482891e-01  2.51045311e-01  1.69204419e+09]
[-1.81724280e-01  2.46573770e-01  1.69204419e+09]
[-1.87001357e-01  2.41444649e-01  1.69204419e+09]
[-1.87099994e-01  2.38386904e-01  1.69204419e+09]
[-1.87576739e-01  2.35855223e-01  1.69204419e+09]
[-1.87790452e-01  2.37219700e-01  1.69204419e+09]
[-1.85883471e-01  2.40704872e-01  1.69204419e+09]
[-1.86310898e-01  2.45373687e-01  1.69204419e+09]
[-1.88004166e-01  2.47823171e-01  1.69204419e+09]
[-1.93955262e-01  2.48891738e-01  1.69204419e+09]
[-2.02224326e-01  2.52574183e-01  1.69204419e+09]
[-2.18976168e-01  2.52952291e-01  1.69204419e+09]
[-2.37141807e-01  2.52097438e-01  1.69204419e+09]
[-2.43471011e-01  2.51012432e-01  1.69204419e+09]
[-2.49126196e-01  2.49121890e-01  1.69204419e+09]
[-2.52545610e-01  2.49072572e-01  1.69204419e+09]
[-2.55241687e-01  2.49664394e-01  1.69204419e+09]
[-2.56573286e-01  2.49006814e-01  1.69204419e+09]
[-2.56228057e-01  2.48842419e-01  1.69204419e+09]
[-2.59220044e-01  2.48760222e-01  1.69204419e+09]
[-2.59926942e-01  2.48579387e-01  1.69204419e+09]
[-2.57987082e-01  2.49335604e-01  1.69204419e+09]
[-2.57839127e-01  2.49499999e-01  1.69204419e+09]
[-2.56408891e-01  2.50404171e-01  1.69204419e+09]
[-2.57576095e-01  2.49582196e-01  1.69204419e+09]
[-2.58151477e-01  2.48530069e-01  1.69204419e+09]
[-2.59894063e-01  2.47149152e-01  1.69204419e+09]
[-2.63740904e-01  2.46918999e-01  1.69204419e+09]
[-2.65467051e-01  2.47872489e-01  1.69204419e+09]
[-2.66108191e-01  2.48036884e-01  1.69204419e+09]
[-2.68985102e-01  2.47362865e-01  1.69204419e+09]
[-2.69264574e-01  2.46508012e-01  1.69204419e+09]
[-2.67949414e-01  2.45094216e-01  1.69204419e+09]
[-2.65532809e-01  2.43368069e-01  1.69204419e+09]
[-2.64250529e-01  2.41756999e-01  1.69204419e+09]
[-2.63954618e-01  2.39669184e-01  1.69204419e+09]
[-2.62590140e-01  2.34490745e-01  1.69204419e+09]
[-2.60305051e-01  2.11935765e-01  1.69204419e+09]
[-2.60321490e-01  2.02450180e-01  1.69204419e+09]
[-2.59877624e-01  2.01661085e-01  1.69204419e+09]
[-2.63740904e-01  2.02269346e-01  1.69204419e+09]
[-2.65894478e-01  2.03535186e-01  1.69204419e+09]
[-2.65582128e-01  2.06855963e-01  1.69204419e+09]
[-2.66650695e-01  2.14352370e-01  1.69204419e+09]
[-2.67291835e-01  2.19859599e-01  1.69204419e+09]
[-2.65664325e-01  2.24511975e-01  1.69204419e+09]
[-2.63066885e-01  2.25777816e-01  1.69204419e+09]
[-2.60781796e-01  2.24692809e-01  1.69204419e+09]
[-2.61669528e-01  2.24347580e-01  1.69204419e+09]
[-2.61899681e-01  2.24807886e-01  1.69204419e+09]
[-2.64135452e-01  2.25925771e-01  1.69204419e+09]
[-2.66108191e-01  2.29032835e-01  1.69204419e+09]
[-2.69494727e-01  2.31975503e-01  1.69204419e+09]
[-2.74377256e-01  2.43581783e-01  1.69204419e+09]
[-2.80722900e-01  2.48924617e-01  1.69204419e+09]
[-2.77303485e-01  2.49532878e-01  1.69204419e+09]
[-2.75067714e-01  2.47773852e-01  1.69204419e+09]
[-2.72585351e-01  2.45817553e-01  1.69204419e+09]
[-2.70398899e-01  2.43729738e-01  1.69204419e+09]
[-2.67982293e-01  2.41444649e-01  1.69204419e+09]
[-2.66535618e-01  2.39981534e-01  1.69204419e+09]
[-2.67308274e-01  2.39718503e-01  1.69204419e+09]
[-2.67209637e-01  2.39997974e-01  1.69204419e+09]
[-2.66913726e-01  2.39866458e-01  1.69204419e+09]
[-2.69297453e-01  2.40507598e-01  1.69204419e+09]
[-2.70530415e-01  2.41378891e-01  1.69204419e+09]
[-2.70300262e-01  2.42431018e-01  1.69204419e+09]
[-2.68508357e-01  2.42102229e-01  1.69204419e+09]
[-2.66963045e-01  2.41247375e-01  1.69204419e+09]
[-2.64743713e-01  2.40869267e-01  1.69204419e+09]
[-2.60781796e-01  2.39521229e-01  1.69204419e+09]
[-2.54518350e-01  2.38699254e-01  1.69204419e+09]
[-2.53071674e-01  2.38847210e-01  1.69204419e+09]
[-2.51871591e-01  2.39044484e-01  1.69204419e+09]
[-2.56556847e-01  2.41691241e-01  1.69204419e+09]
