HokinRight_Hand
Dev2/ai0 Dev2/ai1
[-1.75855381e-01  1.64343443e-01  1.69204419e+09]
[-1.73488095e-01  1.63324194e-01  1.69204419e+09]
[-1.71055050e-01  1.62617296e-01  1.69204419e+09]
[-1.68769961e-01  1.60102054e-01  1.69204419e+09]
[-1.68605566e-01  1.56847035e-01  1.69204419e+09]
[-1.67224648e-01  1.54972934e-01  1.69204419e+09]
[-1.67569878e-01  1.56485367e-01  1.69204419e+09]
[-1.68030183e-01  1.57636131e-01  1.69204419e+09]
[-1.65514941e-01  1.57521054e-01  1.69204419e+09]
[-1.65597139e-01  1.59493793e-01  1.69204419e+09]
[-1.69904285e-01  1.65444889e-01  1.69204419e+09]
[-1.79702222e-01  1.73039933e-01  1.69204419e+09]
[-1.89697433e-01  1.82130971e-01  1.69204419e+09]
[-1.92936013e-01  1.89117754e-01  1.69204419e+09]
[-1.94645720e-01  1.88986238e-01  1.69204419e+09]
[-1.90831758e-01  1.86947741e-01  1.69204419e+09]
[-1.85949229e-01  1.84399620e-01  1.69204419e+09]
[-1.82759968e-01  1.81999455e-01  1.69204419e+09]
[-1.90157739e-01  1.83807799e-01  1.69204419e+09]
[-2.03884715e-01  1.87687518e-01  1.69204419e+09]
[-2.20159812e-01  1.95808626e-01  1.69204420e+09]
[-2.25157417e-01  2.01841919e-01  1.69204420e+09]
[-2.20751633e-01  2.01940556e-01  1.69204420e+09]
[-2.17480174e-01  2.00378804e-01  1.69204420e+09]
[-2.06169804e-01  1.96416887e-01  1.69204420e+09]
[-1.99643326e-01  1.93918085e-01  1.69204420e+09]
[-1.92640102e-01  1.90663066e-01  1.69204420e+09]
[-1.92146918e-01  1.86635391e-01  1.69204420e+09]
[-1.98295288e-01  1.85846295e-01  1.69204420e+09]
[-1.98870670e-01  1.85731219e-01  1.69204420e+09]
[-2.02553116e-01  1.86306601e-01  1.69204420e+09]
[-2.04608052e-01  1.86487436e-01  1.69204420e+09]
[-2.05314951e-01  1.86734028e-01  1.69204420e+09]
[-2.01994173e-01  1.84268104e-01  1.69204420e+09]
[-1.94859434e-01  1.81325436e-01  1.69204420e+09]
[-1.84436796e-01  1.77971780e-01  1.69204420e+09]
[-1.80770789e-01  1.76081239e-01  1.69204420e+09]
[-1.88086363e-01  1.75308583e-01  1.69204420e+09]
[-2.09293308e-01  1.77692309e-01  1.69204420e+09]
[-2.19781703e-01  1.81440512e-01  1.69204420e+09]
[-2.22675054e-01  1.83594085e-01  1.69204420e+09]
[-2.20406404e-01  1.84317423e-01  1.69204420e+09]
[-2.20307767e-01  1.84366741e-01  1.69204420e+09]
[-2.18450104e-01  1.83807799e-01  1.69204420e+09]
[-2.15688270e-01  1.83643404e-01  1.69204420e+09]
[-2.13945684e-01  1.83544767e-01  1.69204420e+09]
[-2.12170219e-01  1.83018703e-01  1.69204420e+09]
[-2.09835811e-01  1.82163850e-01  1.69204420e+09]
[-2.09112473e-01  1.81522710e-01  1.69204420e+09]
[-2.14816977e-01  1.80223990e-01  1.69204420e+09]
[-2.27771296e-01  1.79813003e-01  1.69204420e+09]
[-2.31272908e-01  1.79106105e-01  1.69204420e+09]
[-2.34840278e-01  1.79023907e-01  1.69204420e+09]
[-2.36434908e-01  1.80815812e-01  1.69204420e+09]
[-2.35366342e-01  1.81374754e-01  1.69204420e+09]
[-2.34199138e-01  1.82114531e-01  1.69204420e+09]
[-2.31503061e-01  1.81785741e-01  1.69204420e+09]
[-2.26143787e-01  1.81325436e-01  1.69204420e+09]
[-2.20998226e-01  1.80454143e-01  1.69204420e+09]
[-2.17184264e-01  1.79928079e-01  1.69204420e+09]
[-2.19584429e-01  1.79960958e-01  1.69204420e+09]
[-2.23760060e-01  1.80914449e-01  1.69204420e+09]
[-2.32374354e-01  1.81835060e-01  1.69204420e+09]
[-2.34034743e-01  1.81555589e-01  1.69204420e+09]
[-2.37059609e-01  1.82952945e-01  1.69204420e+09]
[-2.32867539e-01  1.82163850e-01  1.69204420e+09]
[-2.28659029e-01  1.81177480e-01  1.69204420e+09]
[-2.23053162e-01  1.80733614e-01  1.69204420e+09]
[-2.19222761e-01  1.80059595e-01  1.69204420e+09]
[-2.21885958e-01  1.81802181e-01  1.69204420e+09]
[-2.21672245e-01  1.82081652e-01  1.69204420e+09]
[-2.20669436e-01  1.82196729e-01  1.69204420e+09]
[-2.17036308e-01  1.81900818e-01  1.69204420e+09]
[-2.13978563e-01  1.81045964e-01  1.69204420e+09]
[-2.07830193e-01  1.79303379e-01  1.69204420e+09]
[-2.04591613e-01  1.78070417e-01  1.69204420e+09]
[-2.04525855e-01  1.77840264e-01  1.69204420e+09]
[-2.05594422e-01  1.77593672e-01  1.69204420e+09]
[-2.08668607e-01  1.78432086e-01  1.69204420e+09]
[-2.09901569e-01  1.78777315e-01  1.69204420e+09]
[-2.09671416e-01  1.78744436e-01  1.69204420e+09]
[-2.10098843e-01  1.78958149e-01  1.69204420e+09]
[-2.10674225e-01  1.78727996e-01  1.69204420e+09]
