HokinRight_Hand
Dev2/ai0 Dev2/ai1
[-2.15178646e-01  1.80815812e-01  1.69204420e+09]
[-2.13518257e-01  1.79993837e-01  1.69204420e+09]
[-2.12203098e-01  1.79352697e-01  1.69204420e+09]
[-2.09852250e-01  1.78678678e-01  1.69204420e+09]
[-2.06975339e-01  1.76903213e-01  1.69204420e+09]
[-2.07764435e-01  1.75522296e-01  1.69204420e+09]
[-2.10181040e-01  1.75242825e-01  1.69204420e+09]
[-2.07649358e-01  1.74190697e-01  1.69204420e+09]
[-2.06778065e-01  1.73122130e-01  1.69204420e+09]
[-2.07073976e-01  1.72826220e-01  1.69204420e+09]
[-2.06005409e-01  1.72546748e-01  1.69204420e+09]
[-2.08931639e-01  1.72776901e-01  1.69204420e+09]
[-2.09391945e-01  1.73056372e-01  1.69204420e+09]
[-2.12844238e-01  1.73993423e-01  1.69204420e+09]
[-2.11414002e-01  1.74651003e-01  1.69204420e+09]
[-2.10065964e-01  1.74618124e-01  1.69204420e+09]
[-2.0564374e-01  1.7376327e-01  1.6920442e+09]
[-2.01862657e-01  1.73056372e-01  1.69204420e+09]
[-1.96338988e-01  1.71297347e-01  1.69204420e+09]
[-1.93429198e-01  1.68634150e-01  1.69204420e+09]
[-1.91933204e-01  1.66776487e-01  1.69204420e+09]
[-1.90387892e-01  1.64672233e-01  1.69204420e+09]
[-1.91456459e-01  1.64179048e-01  1.69204420e+09]
[-1.88891898e-01  1.62765252e-01  1.69204420e+09]
[-1.86590370e-01  1.61746003e-01  1.69204420e+09]
[-1.85982108e-01  1.60891150e-01  1.69204420e+09]
[-1.90207058e-01  1.60562360e-01  1.69204420e+09]
[-1.92475708e-01  1.60808952e-01  1.69204420e+09]
[-1.93692230e-01  1.61154182e-01  1.69204420e+09]
[-1.94201854e-01  1.61154182e-01  1.69204420e+09]
[-1.95007389e-01  1.61384335e-01  1.69204420e+09]
[-1.95073147e-01  1.61400774e-01  1.69204420e+09]
[-1.96832173e-01  1.61795322e-01  1.69204420e+09]
[-1.98081574e-01  1.62140551e-01  1.69204420e+09]
[-1.97785663e-01  1.62124112e-01  1.69204420e+09]
[-1.98377485e-01  1.62140551e-01  1.69204420e+09]
[-1.99051504e-01  1.62140551e-01  1.69204420e+09]
[-1.99150141e-01  1.62206309e-01  1.69204420e+09]
[-2.00169390e-01  1.62156991e-01  1.69204420e+09]
[-2.00679014e-01  1.62124112e-01  1.69204420e+09]
[-1.99972116e-01  1.61992596e-01  1.69204420e+09]
[-1.99939237e-01  1.62403583e-01  1.69204420e+09]
[-1.99495370e-01  1.62403583e-01  1.69204420e+09]
[-1.99495370e-01  1.62518659e-01  1.69204420e+09]
[-1.99429613e-01  1.62831010e-01  1.69204420e+09]
[-1.96832173e-01  1.62420022e-01  1.69204420e+09]
[-1.95007389e-01  1.62600857e-01  1.69204420e+09]
[-1.94514204e-01  1.62913207e-01  1.69204420e+09]
[-1.96717096e-01  1.63406392e-01  1.69204420e+09]
[-1.99446052e-01  1.63603666e-01  1.69204420e+09]
[-2.00794090e-01  1.64146169e-01  1.69204420e+09]
[-2.01632504e-01  1.63751621e-01  1.69204420e+09]
[-2.00925606e-01  1.64162608e-01  1.69204420e+09]
[-2.00794090e-01  1.63768061e-01  1.69204420e+09]
[-2.01073562e-01  1.63702303e-01  1.69204420e+09]
[-2.01057122e-01  1.63899577e-01  1.69204420e+09]
[-2.00761211e-01  1.63685863e-01  1.69204420e+09]
[-2.01007804e-01  1.63603666e-01  1.69204420e+09]
[-2.03457288e-01  1.64359882e-01  1.69204420e+09]
[-2.05068358e-01  1.64737991e-01  1.69204420e+09]
[-2.04460097e-01  1.64770870e-01  1.69204420e+09]
[-2.04279263e-01  1.64803749e-01  1.69204420e+09]
[-2.03983352e-01  1.64507838e-01  1.69204420e+09]
[-2.03999791e-01  1.64705112e-01  1.69204420e+09]
[-2.05035479e-01  1.64902385e-01  1.69204420e+09]
[-2.06942460e-01  1.65313373e-01  1.69204420e+09]
[-2.07830193e-01  1.65905194e-01  1.69204420e+09]
[-2.07616479e-01  1.66316182e-01  1.69204420e+09]
[-2.06186244e-01  1.66316182e-01  1.69204420e+09]
[-2.06120486e-01  1.65822997e-01  1.69204420e+09]
[-2.03128498e-01  1.65773678e-01  1.69204420e+09]
[-2.01139320e-01  1.65198296e-01  1.69204420e+09]
[-1.96947249e-01  1.64425640e-01  1.69204420e+09]
[-1.95862243e-01  1.64425640e-01  1.69204420e+09]
[-1.93018211e-01  1.63636545e-01  1.69204420e+09]
[-1.91078351e-01  1.63143360e-01  1.69204420e+09]
[-1.90338574e-01  1.62502220e-01  1.69204420e+09]
[-1.90437211e-01  1.62420022e-01  1.69204420e+09]
[-1.92278434e-01  1.62518659e-01  1.69204420e+09]
[-1.92607223e-01  1.62387144e-01  1.69204420e+09]
[-1.93807306e-01  1.62929647e-01  1.69204420e+09]
[-1.95862243e-01  1.63274876e-01  1.69204420e+09]
[-1.97308918e-01  1.63768061e-01  1.69204420e+09]
[-1.96634899e-01  1.63948895e-01  1.69204420e+09]
[-1.98213090e-01  1.65231175e-01  1.69204420e+09]
[-1.99725523e-01  1.66480576e-01  1.69204420e+09]
[-2.00103632e-01  1.66973761e-01  1.69204420e+09]
[-2.00679014e-01  1.67368309e-01  1.69204420e+09]
[-2.01468109e-01  1.67335430e-01  1.69204420e+09]
[-2.02470918e-01  1.67286111e-01  1.69204420e+09]
[-2.02109250e-01  1.67401188e-01  1.69204420e+09]
[-2.01681823e-01  1.67466946e-01  1.69204420e+09]
[-2.00514619e-01  1.66677850e-01  1.69204420e+09]
[-1.98229530e-01  1.65658602e-01  1.69204420e+09]
[-1.98558319e-01  1.66562774e-01  1.69204420e+09]
[-2.00613256e-01  1.67302551e-01  1.69204420e+09]
[-2.01336594e-01  1.67877933e-01  1.69204420e+09]
[-2.02224326e-01  1.67582022e-01  1.69204420e+09]
[-2.04739568e-01  1.67910812e-01  1.69204420e+09]
[-2.08471333e-01  1.68354678e-01  1.69204420e+09]
[-2.09145352e-01  1.68732787e-01  1.69204420e+09]
[-2.10674225e-01  1.68650589e-01  1.69204420e+09]
[-2.09901569e-01  1.68535513e-01  1.69204420e+09]
[-2.08652167e-01  1.68042328e-01  1.69204420e+09]
[-2.06679428e-01  1.67565583e-01  1.69204420e+09]
[-2.09046715e-01  1.68009449e-01  1.69204420e+09]
[-2.10887938e-01  1.68058768e-01  1.69204421e+09]
[-2.10871499e-01  1.68091646e-01  1.69204421e+09]
[-2.09507021e-01  1.68239602e-01  1.69204421e+09]
[-2.10181040e-01  1.68124525e-01  1.69204421e+09]
[-2.10016645e-01  1.68847863e-01  1.69204421e+09]
[-2.07484963e-01  1.70080825e-01  1.69204421e+09]
[-2.05084798e-01  1.71363105e-01  1.69204421e+09]
[-2.01665383e-01  1.73089251e-01  1.69204421e+09]
[-2.03260014e-01  1.74963353e-01  1.69204421e+09]
[-2.01106441e-01  1.77314200e-01  1.69204421e+09]
[-2.03079180e-01  1.79023907e-01  1.69204421e+09]
[-2.00054313e-01  1.81637786e-01  1.69204421e+09]
[-2.00892727e-01  1.85221595e-01  1.69204421e+09]
[-2.05512224e-01  1.88756085e-01  1.69204421e+09]
[-2.06975339e-01  1.90958977e-01  1.69204421e+09]
[-2.10772862e-01  1.89726015e-01  1.69204421e+09]
[-2.11085212e-01  1.88246461e-01  1.69204421e+09]
[-2.15671830e-01  1.89380786e-01  1.69204421e+09]
[-2.25667041e-01  1.90843900e-01  1.69204421e+09]
[-2.48106948e-01  1.91961786e-01  1.69204421e+09]
[-2.76136281e-01  1.98817053e-01  1.69204421e+09]
[-2.95962309e-01  2.11804250e-01  1.69204421e+09]
