HokinRight_Hand
Dev2/ai0 Dev2/ai1
[-6.23270997e-03  1.78691486e-04  1.69204423e+09]
[-1.18221369e-02  1.60892719e-03  1.69204423e+09]
[-1.71320925e-02  5.47220755e-03  1.69204423e+09]
[-1.84472518e-02  6.44213751e-03  1.69204423e+09]
[-1.86116467e-02  7.05039868e-03  1.69204423e+09]
[-1.87924811e-02  7.32987002e-03  1.69204423e+09]
[-1.87102836e-02  7.18191460e-03  1.69204423e+09]
[-1.88089206e-02  7.13259613e-03  1.69204423e+09]
[-1.88417995e-02  7.41206748e-03  1.69204423e+09]
[-2.45627424e-02  7.83949424e-03  1.69204423e+09]
[-8.48627961e-02  7.88881271e-03  1.69204423e+09]
[-1.81329732e-01  5.07765977e-03  1.69204423e+09]
