HokinRight_Hand
Dev2/ai0 Dev2/ai1
[-2.67916535e-01  2.38403343e-01  1.69204399e+09]
[-2.72716867e-01  2.39948655e-01  1.69204399e+09]
[-2.69083739e-01  2.35148325e-01  1.69204399e+09]
[-2.68820707e-01  2.30693223e-01  1.69204399e+09]
[-2.69872835e-01  2.31416560e-01  1.69204399e+09]
[-2.61422936e-01  2.33734528e-01  1.69204399e+09]
[-2.70513975e-01  2.37466293e-01  1.69204399e+09]
[-2.57839127e-01  2.40310324e-01  1.69204399e+09]
[-2.49586502e-01  2.40819948e-01  1.69204399e+09]
[-2.41794183e-01  2.40688432e-01  1.69204399e+09]
[-2.37010291e-01  2.42233744e-01  1.69204399e+09]
[-2.40331068e-01  2.50831597e-01  1.69204399e+09]
[-2.45986253e-01  2.51291903e-01  1.69204399e+09]
[-2.57559656e-01  2.52376909e-01  1.69204399e+09]
[-2.64217650e-01  2.50519247e-01  1.69204399e+09]
[-2.69297453e-01  2.49401362e-01  1.69204399e+09]
[-2.62918930e-01  2.47757413e-01  1.69204399e+09]
[-2.54732063e-01  2.41280254e-01  1.69204399e+09]
[-2.46380801e-01  2.31597395e-01  1.69204399e+09]
[-2.30845481e-01  2.17722466e-01  1.69204399e+09]
[-2.34001864e-01  2.04883224e-01  1.69204399e+09]
[-2.46693151e-01  2.07661498e-01  1.69204399e+09]
[-2.59515955e-01  2.12823498e-01  1.69204399e+09]
[-2.67127440e-01  2.14894874e-01  1.69204399e+09]
[-2.63658707e-01  2.16637459e-01  1.69204399e+09]
[-2.63954618e-01  2.20369224e-01  1.69204399e+09]
[-2.66354784e-01  2.26073726e-01  1.69204399e+09]
[-2.69215255e-01  2.29394503e-01  1.69204400e+09]
[-2.68080930e-01  2.37416974e-01  1.69204400e+09]
[-2.70316701e-01  2.42940642e-01  1.69204400e+09]
[-2.76613027e-01  2.48678024e-01  1.69204400e+09]
[-2.70727689e-01  2.50732960e-01  1.69204400e+09]
[-2.71862013e-01  2.53971540e-01  1.69204400e+09]
[-2.71911332e-01  2.60169227e-01  1.69204400e+09]
[-2.7069481e-01  2.6810950e-01  1.6920440e+09]
[-2.72831943e-01  2.70756258e-01  1.69204400e+09]
[-2.77319925e-01  2.60645972e-01  1.69204400e+09]
[-2.97030876e-01  2.48760222e-01  1.69204400e+09]
[-3.28496063e-01  2.46803922e-01  1.69204400e+09]
[-3.58678971e-01  2.43631101e-01  1.69204400e+09]
[-3.58481697e-01  2.35345598e-01  1.69204400e+09]
[-3.50212632e-01  2.11820689e-01  1.69204400e+09]
[-3.71008590e-01  2.16473065e-01  1.69204400e+09]
[-3.76910367e-01  2.31433000e-01  1.69204400e+09]
[-3.47861785e-01  2.27520401e-01  1.69204400e+09]
[-3.36978841e-01  2.20418542e-01  1.69204400e+09]
[-3.36584293e-01  2.14779797e-01  1.69204400e+09]
[-2.91178416e-01  1.87276531e-01  1.69204400e+09]
[-2.69609803e-01  2.01578887e-01  1.69204400e+09]
[-2.68902905e-01  2.15799046e-01  1.69204400e+09]
[-2.55093732e-01  2.17048447e-01  1.69204400e+09]
[-2.35958163e-01  2.18675956e-01  1.69204400e+09]
[-2.28017889e-01  2.15585332e-01  1.69204400e+09]
[-2.19683066e-01  2.11902887e-01  1.69204400e+09]
[-2.23776500e-01  2.12149479e-01  1.69204400e+09]
[-2.31552379e-01  2.11278186e-01  1.69204400e+09]
[-2.43273737e-01  2.16325109e-01  1.69204400e+09]
[-2.52594929e-01  2.22374841e-01  1.69204400e+09]
[-2.52578489e-01  2.25038039e-01  1.69204400e+09]
[-2.42566839e-01  2.21898096e-01  1.69204400e+09]
[-2.16576002e-01  2.16851173e-01  1.69204400e+09]
[-2.07879511e-01  2.05902473e-01  1.69204400e+09]
[-2.15901983e-01  1.94427709e-01  1.69204400e+09]
[-2.19337837e-01  1.78464965e-01  1.69204400e+09]
[-2.36500666e-01  1.70327417e-01  1.69204400e+09]
[-2.52200381e-01  1.76656621e-01  1.69204400e+09]
[-2.60765356e-01  1.81884378e-01  1.69204400e+09]
[-2.72190803e-01  1.80947328e-01  1.69204400e+09]
[-2.99480360e-01  1.84629773e-01  1.69204400e+09]
[-3.23761490e-01  1.76475786e-01  1.69204400e+09]
[-3.69068729e-01  1.72694704e-01  1.69204400e+09]
[-3.32984045e-01  1.71659016e-01  1.69204400e+09]
[-3.09113902e-01  1.78185493e-01  1.69204400e+09]
[-3.00269455e-01  1.74420850e-01  1.69204400e+09]
[-3.30435923e-01  1.85122958e-01  1.69204400e+09]
[-3.57446009e-01  2.05705199e-01  1.69204400e+09]
[-3.99251637e-01  2.50108260e-01  1.69204400e+09]
[-4.80594244e-01  3.23674973e-01  1.69204400e+09]
[-5.26493305e-01  3.65858700e-01  1.69204400e+09]
[-5.44593186e-01  3.84073653e-01  1.69204400e+09]
[-5.43508180e-01  4.02042013e-01  1.69204400e+09]
[-5.1242110e-01  4.2203243e-01  1.6920440e+09]
[-4.79377721e-01  4.41842012e-01  1.69204400e+09]
[-4.67607045e-01  4.48187654e-01  1.69204400e+09]
[-4.31571678e-01  4.89204175e-01  1.69204400e+09]
[-3.75660966e-01  4.83894220e-01  1.69204400e+09]
[-3.33016923e-01  4.76940317e-01  1.69204400e+09]
[-3.18336457e-01  4.62013263e-01  1.69204400e+09]
[-3.15311591e-01  4.44373693e-01  1.69204400e+09]
[-3.10313985e-01  4.39606242e-01  1.69204400e+09]
[-3.01831207e-01  4.32997568e-01  1.69204400e+09]
[-2.88778251e-01  4.14996329e-01  1.69204400e+09]
[-2.62902490e-01  3.93871587e-01  1.69204400e+09]
[-2.44999884e-01  3.61387159e-01  1.69204400e+09]
[-2.27919252e-01  3.23707852e-01  1.69204400e+09]
[-2.22987404e-01  3.07679350e-01  1.69204400e+09]
[-2.28445315e-01  3.09339738e-01  1.69204400e+09]
[-2.32703144e-01  3.15373031e-01  1.69204400e+09]
[-2.19551550e-01  3.24102399e-01  1.69204400e+09]
[-2.08454893e-01  3.21011775e-01  1.69204400e+09]
[-2.05331390e-01  3.11427554e-01  1.69204400e+09]
[-2.05282072e-01  3.00215822e-01  1.69204400e+09]
[-1.94974510e-01  2.74981207e-01  1.69204400e+09]
[-1.84601191e-01  2.45044897e-01  1.69204400e+09]
[-1.76956827e-01  2.31038452e-01  1.69204400e+09]
[-1.73520974e-01  2.28769803e-01  1.69204400e+09]
[-1.79126840e-01  2.33290662e-01  1.69204400e+09]
[-1.79439191e-01  2.38288267e-01  1.69204400e+09]
[-1.80326923e-01  2.44091407e-01  1.69204400e+09]
[-1.83401108e-01  2.50667202e-01  1.69204400e+09]
[-1.86787643e-01  2.54053737e-01  1.69204400e+09]
[-1.84140885e-01  2.54382527e-01  1.69204400e+09]
[-1.77926757e-01  2.53116686e-01  1.69204400e+09]
[-1.77302057e-01  2.55056546e-01  1.69204400e+09]
[-1.76315687e-01  2.56897769e-01  1.69204400e+09]
[-1.77630847e-01  2.58591036e-01  1.69204400e+09]
[-1.79192598e-01  2.62996819e-01  1.69204400e+09]
[-1.81674961e-01  2.66498430e-01  1.69204400e+09]
[-1.88448032e-01  2.77677283e-01  1.69204400e+09]
[-2.01073562e-01  2.96632014e-01  1.69204400e+09]
[-2.12745601e-01  3.08599962e-01  1.69204400e+09]
[-2.32308596e-01  3.21932387e-01  1.69204400e+09]
[-2.70250943e-01  3.45342218e-01  1.69204400e+09]
[-3.11612705e-01  4.03883235e-01  1.69204400e+09]
[-3.39559841e-01  4.45886126e-01  1.69204400e+09]
[-3.57248735e-01  4.54401781e-01  1.69204400e+09]
[-3.71994959e-01  4.49667208e-01  1.69204400e+09]
[-3.79557125e-01  4.38899344e-01  1.69204400e+09]
[-3.76466501e-01  4.25764194e-01  1.69204400e+09]
[-3.67901526e-01  4.12398890e-01  1.69204400e+09]
[-3.66964475e-01  4.09867209e-01  1.69204400e+09]
[-3.69940023e-01  4.10459031e-01  1.69204400e+09]
[-3.72126475e-01  4.13007151e-01  1.69204400e+09]
[-3.70087978e-01  4.11872826e-01  1.69204400e+09]
[-3.70005781e-01  4.11281005e-01  1.69204400e+09]
[-3.73178602e-01  4.09686375e-01  1.69204400e+09]
[-3.77403552e-01  4.10212438e-01  1.69204400e+09]
[-3.78274845e-01  4.11363202e-01  1.69204400e+09]
[-3.71567532e-01  4.11971463e-01  1.69204400e+09]
[-3.67178188e-01  4.03192777e-01  1.69204400e+09]
[-3.65863029e-01  3.92622186e-01  1.69204400e+09]
[-3.62016187e-01  3.86473818e-01  1.69204400e+09]
[-3.51889460e-01  3.77530736e-01  1.69204400e+09]
[-3.38441956e-01  3.65283318e-01  1.69204400e+09]
[-3.27756286e-01  3.53167415e-01  1.69204400e+09]
[-3.18435094e-01  3.36974519e-01  1.69204400e+09]
[-3.16889782e-01  3.35511404e-01  1.69204400e+09]
[-3.09672845e-01  3.28919169e-01  1.69204400e+09]
[-3.05530093e-01  3.29626067e-01  1.69204400e+09]
[-2.99431041e-01  3.21570718e-01  1.69204400e+09]
[-2.95436245e-01  3.15159317e-01  1.69204400e+09]
[-2.89452270e-01  3.10934369e-01  1.69204400e+09]
[-2.79868046e-01  3.05657293e-01  1.69204400e+09]
[-2.73242931e-01  3.01826892e-01  1.69204400e+09]
[-2.72125045e-01  2.98292402e-01  1.69204400e+09]
[-2.73242931e-01  2.98752708e-01  1.69204400e+09]
[-2.72749746e-01  2.95201778e-01  1.69204400e+09]
[-2.67653504e-01  2.88954772e-01  1.69204400e+09]
[-2.66075312e-01  2.78186907e-01  1.69204400e+09]
[-2.64990306e-01  2.77069022e-01  1.69204400e+09]
[-2.63806662e-01  2.75901818e-01  1.69204400e+09]
[-2.60716038e-01  2.71413838e-01  1.69204400e+09]
[-2.60502325e-01  2.70854895e-01  1.69204400e+09]
[-2.56688362e-01  2.63226972e-01  1.69204400e+09]
[-2.57329503e-01  2.61319991e-01  1.69204400e+09]
[-2.54058044e-01  2.55451094e-01  1.69204400e+09]
[-2.48139827e-01  2.50256215e-01  1.69204400e+09]
[-2.47597323e-01  2.47066954e-01  1.69204400e+09]
[-2.47038381e-01  2.45406566e-01  1.69204400e+09]
