HokinRight_Hand
Dev2/ai0 Dev2/ai1
[-1.94744357e-01  2.28375255e-01  1.69204400e+09]
[-1.82053070e-01  2.21667943e-01  1.69204400e+09]
[-1.57821259e-01  1.87999869e-01  1.69204400e+09]
[-1.18843225e-01  1.43974915e-01  1.69204400e+09]
[-7.00672539e-02  8.64531385e-02  1.69204400e+09]
[-2.18502264e-02  5.29494568e-02  1.69204400e+09]
[-8.07677969e-04  1.63715900e-02  1.69204400e+09]
[-1.17219351e-04  5.29137315e-03  1.69204400e+09]
[-2.48735278e-04  5.17629672e-03  1.69204400e+09]
[-1.82977314e-04  5.02834130e-03  1.69204400e+09]
[-9.17016245e-02  4.79025332e-02  1.69204400e+09]
[-1.24662805e-01  6.83203805e-02  1.69204400e+09]
[-1.40411838e-01  1.15370202e-01  1.69204400e+09]
[-1.95056708e-01  2.28128663e-01  1.69204400e+09]
[-2.37815826e-01  3.31664564e-01  1.69204400e+09]
[-3.04379328e-01  3.78845895e-01  1.69204400e+09]
[-4.04282121e-01  3.86802608e-01  1.69204400e+09]
[-4.71042899e-01  3.81821443e-01  1.69204400e+09]
[-5.34548656e-01  3.84484640e-01  1.69204400e+09]
[-5.48275632e-01  3.88775346e-01  1.69204400e+09]
[-5.39891491e-01  3.82035156e-01  1.69204400e+09]
[-5.24832917e-01  3.81426895e-01  1.69204400e+09]
[-5.09100323e-01  3.80440526e-01  1.69204400e+09]
[-4.86693295e-01  3.86556015e-01  1.69204400e+09]
[-4.42503940e-01  3.95022351e-01  1.69204400e+09]
[-3.67786449e-01  3.96156676e-01  1.69204400e+09]
[-3.07387756e-01  3.92276957e-01  1.69204400e+09]
[-2.11923626e-01  3.79914462e-01  1.69204400e+09]
[-1.12234549e-01  3.33982532e-01  1.69204401e+09]
[-6.42805530e-02  2.02285785e-01  1.69204401e+09]
[-2.51381246e-02  8.31816799e-02  1.69204401e+09]
[-7.74798987e-04  3.33700234e-02  1.69204401e+09]
[-5.14613870e-05  6.44213751e-03  1.69204401e+09]
[-1.44195765e-02  1.30508128e-02  1.69204401e+09]
[-1.00200841e-01  2.52160360e-02  1.69204401e+09]
[-1.28920633e-01  2.37858003e-02  1.69204401e+09]
[-1.28558964e-01  2.15664691e-02  1.69204401e+09]
[-1.50752278e-01  4.09979471e-02  1.69204401e+09]
[-1.88595987e-01  9.93416989e-02  1.69204401e+09]
[-2.51624999e-01  1.87802595e-01  1.69204401e+09]
[-2.91605843e-01  2.46787483e-01  1.69204401e+09]
[-3.00696882e-01  3.05196987e-01  1.69204401e+09]
[-3.06516462e-01  3.42942053e-01  1.69204401e+09]
[-3.03951902e-01  3.74029125e-01  1.69204401e+09]
[-3.08702915e-01  3.93904466e-01  1.69204401e+09]
[-3.32819650e-01  4.15653909e-01  1.69204401e+09]
[-3.73573150e-01  4.51853660e-01  1.69204401e+09]
[-4.07816612e-01  4.76134783e-01  1.69204401e+09]
[-4.50164744e-01  4.77581457e-01  1.69204401e+09]
[-4.55951445e-01  4.80392610e-01  1.69204401e+09]
[-4.76336415e-01  4.88431519e-01  1.69204401e+09]
[-4.85328817e-01  5.01994095e-01  1.69204401e+09]
[-4.76188460e-01  5.02470841e-01  1.69204401e+09]
[-4.68807128e-01  5.06876623e-01  1.69204401e+09]
[-4.51068916e-01  5.44210697e-01  1.69204401e+09]
[-4.36108978e-01  5.56178643e-01  1.69204401e+09]
[-4.17910460e-01  5.54945681e-01  1.69204401e+09]
[-4.13258084e-01  5.53416809e-01  1.69204401e+09]
[-4.16184314e-01  5.50802931e-01  1.69204401e+09]
[-4.16677498e-01  5.46298512e-01  1.69204401e+09]
[-4.17894021e-01  5.43109251e-01  1.69204401e+09]
[-4.13504676e-01  5.31979719e-01  1.69204401e+09]
[-4.08802982e-01  5.20915945e-01  1.69204401e+09]
[-4.03114918e-01  5.09408304e-01  1.69204401e+09]
[-3.90029082e-01  5.03506528e-01  1.69204401e+09]
[-3.75052705e-01  4.99972039e-01  1.69204401e+09]
[-3.73392316e-01  4.96092320e-01  1.69204401e+09]
[-3.49407097e-01  4.95171708e-01  1.69204401e+09]
[-3.43686154e-01  4.97604753e-01  1.69204401e+09]
[-3.31504490e-01  5.00004918e-01  1.69204401e+09]
[-3.22660044e-01  4.98213014e-01  1.69204401e+09]
[-3.25454757e-01  4.97654071e-01  1.69204401e+09]
[-3.17152814e-01  4.97637631e-01  1.69204401e+09]
[-3.01601054e-01  4.95829288e-01  1.69204401e+09]
[-2.86328766e-01  4.88300003e-01  1.69204401e+09]
[-2.86164371e-01  4.81921482e-01  1.69204401e+09]
[-2.76596587e-01  4.76627967e-01  1.69204401e+09]
[-2.68360402e-01  4.74951140e-01  1.69204401e+09]
[-2.69248134e-01  4.68112313e-01  1.69204401e+09]
[-2.63921739e-01  4.64692900e-01  1.69204401e+09]
[-2.51838712e-01  4.60961136e-01  1.69204401e+09]
[-2.51641438e-01  4.57295130e-01  1.69204401e+09]
[-2.49405668e-01  4.54319583e-01  1.69204401e+09]
[-2.50950980e-01  4.48910992e-01  1.69204401e+09]
[-2.51477044e-01  4.42614668e-01  1.69204401e+09]
[-2.53071674e-01  4.37617064e-01  1.69204401e+09]
[-2.47860355e-01  4.32307110e-01  1.69204401e+09]
[-2.51937349e-01  4.24810703e-01  1.69204401e+09]
[-2.55027974e-01  4.16015577e-01  1.69204401e+09]
[-2.56852757e-01  4.10853578e-01  1.69204401e+09]
[-2.56688362e-01  3.96518345e-01  1.69204401e+09]
[-2.31930488e-01  3.69310992e-01  1.69204401e+09]
[-1.06842396e-01  3.63409216e-01  1.69204401e+09]
[-8.43403688e-05  3.42383110e-01  1.69204401e+09]
[-5.09838511e-03  3.42284474e-01  1.69204401e+09]
[-7.30756808e-02  3.36103226e-01  1.69204401e+09]
[-1.28706920e-01  3.12759152e-01  1.69204401e+09]
[-1.74622420e-01  2.94264727e-01  1.69204401e+09]
[-2.04229944e-01  2.49960304e-01  1.69204401e+09]
[-2.11841429e-01  2.26090166e-01  1.69204401e+09]
[-2.12893556e-01  2.24758567e-01  1.69204401e+09]
[-2.08323378e-01  2.28325936e-01  1.69204401e+09]
[-1.96848612e-01  2.29673975e-01  1.69204401e+09]
[-1.84880662e-01  2.32912554e-01  1.69204401e+09]
[-1.78321305e-01  2.36841592e-01  1.69204401e+09]
[-1.70446789e-01  2.37252579e-01  1.69204401e+09]
[-1.51968800e-01  2.39619866e-01  1.69204401e+09]
[-1.41398207e-01  2.37022426e-01  1.69204401e+09]
[-1.37748640e-01  2.37022426e-01  1.69204401e+09]
[-1.35447111e-01  2.33422178e-01  1.69204401e+09]
[-1.44028526e-01  2.25432586e-01  1.69204401e+09]
[-1.57525348e-01  2.14911313e-01  1.69204401e+09]
[-1.84995739e-01  1.98734855e-01  1.69204401e+09]
[-2.17611690e-01  1.73335844e-01  1.69204401e+09]
[-2.37717189e-01  1.53657774e-01  1.69204401e+09]
[-2.51789394e-01  1.11950788e-01  1.69204401e+09]
[-2.56145859e-01  7.79210430e-02  1.69204401e+09]
[-2.55044413e-01  6.02321512e-02  1.69204401e+09]
[-2.55997904e-01  4.21980299e-02  1.69204401e+09]
[-2.53120993e-01  3.48988961e-02  1.69204401e+09]
[-2.39130985e-01  2.22569277e-02  1.69204401e+09]
[-2.08652167e-01  1.76209913e-02  1.69204401e+09]
[-1.52379787e-01  2.01526729e-02  1.69204401e+09]
[-8.19036876e-02  4.99903485e-02  1.69204401e+09]
[-4.03939723e-02  9.79443423e-02  1.69204401e+09]
[-1.36797994e-02  1.27338151e-01  1.69204401e+09]
[-7.36703485e-03  1.33305686e-01  1.69204401e+09]
[-6.61081827e-03  1.37530635e-01  1.69204401e+09]
[-7.25195841e-03  1.35377061e-01  1.69204401e+09]
[-1.37126784e-02  1.30346577e-01  1.69204401e+09]
[-1.97130926e-02  1.28061488e-01  1.69204401e+09]
[-2.15049971e-02  1.30921960e-01  1.69204401e+09]
[-2.27872774e-02  1.34226297e-01  1.69204401e+09]
[-2.24913666e-02  1.36692221e-01  1.69204401e+09]
[-2.24420481e-02  1.33091972e-01  1.69204401e+09]
[-2.25735640e-02  1.31480902e-01  1.69204401e+09]
[-2.28694748e-02  1.31497342e-01  1.69204401e+09]
[-2.24256086e-02  1.34029023e-01  1.69204401e+09]
[-2.20475003e-02  1.36314112e-01  1.69204401e+09]
[-2.23434111e-02  1.35245546e-01  1.69204401e+09]
[-2.46449399e-02  1.37349800e-01  1.69204401e+09]
[-2.56806278e-02  1.36494947e-01  1.69204401e+09]
[-2.70779846e-02  1.30921960e-01  1.69204401e+09]
[-2.84260228e-02  1.20252731e-01  1.69204401e+09]
[-3.26016535e-02  1.01774743e-01  1.69204401e+09]
[-3.49853798e-02  9.03164187e-02  1.69204401e+09]
[-3.54456855e-02  8.01403742e-02  1.69204401e+09]
[-4.02131379e-02  6.49831639e-02  1.69204401e+09]
[-6.01378012e-02  3.99786987e-02  1.69204401e+09]
[-7.99638277e-02  2.95560616e-02  1.69204401e+09]
[-9.22276882e-02  2.61366475e-02  1.69204401e+09]
[-9.84582554e-02  2.53639914e-02  1.69204401e+09]
[-1.04212077e-01  2.46077749e-02  1.69204401e+09]
[-1.09242562e-01  2.42789851e-02  1.69204401e+09]
[-1.10672798e-01  2.45584564e-02  1.69204401e+09]
[-1.03784651e-01  2.53804309e-02  1.69204401e+09]
[-8.60957579e-02  3.22685776e-02  1.69204401e+09]
[-5.59457310e-02  6.26980747e-02  1.69204401e+09]
[-2.31982647e-02  1.24395482e-01  1.69204401e+09]
[-7.56430874e-03  1.91189130e-01  1.69204401e+09]
[-3.63811714e-04  2.17410115e-01  1.69204401e+09]
[-1.66537823e-04  2.20829529e-01  1.69204401e+09]
[-2.14291431e-06  2.17574510e-01  1.69204401e+09]
[-1.00779860e-04  2.13842746e-01  1.69204401e+09]
[-5.14613870e-05  2.07710817e-01  1.69204401e+09]
[-1.66537823e-04  2.02318664e-01  1.69204401e+09]
[-3.50218961e-05  1.96252492e-01  1.69204401e+09]
[-3.50218961e-05  1.90252079e-01  1.69204401e+09]
[-8.43403688e-05  1.85468187e-01  1.69204401e+09]
[-8.43403688e-05  1.80158232e-01  1.69204401e+09]
[-1.00779860e-04  1.65905194e-01  1.69204401e+09]
[-2.92837230e-03  1.28143686e-01  1.69204401e+09]
[-1.77403537e-02  6.29282276e-02  1.69204401e+09]
[-3.84541124e-02  3.19891062e-02  1.69204401e+09]
[-6.05981070e-02  9.18753249e-03  1.69204401e+09]
[-7.31414388e-02  7.80661526e-03  1.69204401e+09]
[-9.28195099e-02  7.44494646e-03  1.69204401e+09]
[-1.03636695e-01  7.29699104e-03  1.69204401e+09]
[-1.16426620e-01  7.28055155e-03  1.69204401e+09]
[-1.23873709e-01  7.16547511e-03  1.69204401e+09]
[-1.37567806e-01  7.13259613e-03  1.69204401e+09]
[-1.48286354e-01  7.00108020e-03  1.69204401e+09]
[-1.54862151e-01  7.00108020e-03  1.69204401e+09]
[-1.62013329e-01  6.85312479e-03  1.69204401e+09]
[-1.69049432e-01  6.83668530e-03  1.69204401e+09]
[-1.75345757e-01  6.88600377e-03  1.69204401e+09]
[-1.76775993e-01  6.78736682e-03  1.69204401e+09]
[-1.72830515e-01  6.75448784e-03  1.69204401e+09]
[-1.63509323e-01  6.78736682e-03  1.69204401e+09]
[-1.57952775e-01  6.80380631e-03  1.69204401e+09]
[-1.58807629e-01  6.75448784e-03  1.69204401e+09]
[-1.60796807e-01  6.73804835e-03  1.69204401e+09]
[-1.61585903e-01  6.75448784e-03  1.69204401e+09]
[-1.66090323e-01  6.65585090e-03  1.69204401e+09]
[-1.71466037e-01  6.65585090e-03  1.69204401e+09]
[-1.77252738e-01  6.62297191e-03  1.69204401e+09]
[-1.81510567e-01  6.59009293e-03  1.69204401e+09]
[-1.91818128e-01  6.63941141e-03  1.69204401e+09]
[-2.25930073e-01  6.55721395e-03  1.69204401e+09]
[-2.60305051e-01  6.60653242e-03  1.69204401e+09]
[-2.74410135e-01  6.63941141e-03  1.69204401e+09]
[-2.85671187e-01  6.73804835e-03  1.69204401e+09]
[-2.87463091e-01  6.54077446e-03  1.69204401e+09]
[-2.86542480e-01  6.59009293e-03  1.69204401e+09]
[-2.85934219e-01  6.44213751e-03  1.69204401e+09]
[-2.82744957e-01  6.54077446e-03  1.69204401e+09]
[-2.72273001e-01  6.55721395e-03  1.69204401e+09]
[-2.60420127e-01  6.52433497e-03  1.69204401e+09]
[-2.42879189e-01  6.62297191e-03  1.69204401e+09]
[-2.12137340e-01  6.60653242e-03  1.69204401e+09]
[-1.75641668e-01  6.52433497e-03  1.69204401e+09]
[-1.38060990e-01  6.54077446e-03  1.69204401e+09]
[-8.76739491e-02  6.52433497e-03  1.69204401e+09]
[-4.71999217e-02  5.00067880e-02  1.69204401e+09]
[-2.61080546e-02  1.02777552e-01  1.69204401e+09]
[-1.06056146e-02  1.36133278e-01  1.69204401e+09]
[-3.68458888e-03  1.60282889e-01  1.69204401e+09]
[-1.03783084e-03  1.64211927e-01  1.69204401e+09]
[-7.58359496e-04  1.52868679e-01  1.69204401e+09]
[-1.66537823e-04  1.35788049e-01  1.69204401e+09]
[-2.81614260e-04  1.04914686e-01  1.69204401e+09]
[-2.98053751e-04  6.84847754e-02  1.69204401e+09]
[-7.08756350e-03  4.40556924e-02  1.69204401e+09]
[-3.23221822e-02  2.70572590e-02  1.69204401e+09]
[-5.88062024e-02  9.41768536e-03  1.69204401e+09]
[-7.86815473e-02  7.01751970e-03  1.69204401e+09]
[-9.90993956e-02  6.55721395e-03  1.69204401e+09]
[-1.13845619e-01  6.37637955e-03  1.69204401e+09]
[-1.21226951e-01  6.26130311e-03  1.69204402e+09]
[-1.28608283e-01  6.24486362e-03  1.69204402e+09]
[-1.30778296e-01  6.11334770e-03  1.69204402e+09]
[-1.32241410e-01  6.04758973e-03  1.69204402e+09]
[-1.30186474e-01  5.99827126e-03  1.69204402e+09]
[-1.28147977e-01  5.99827126e-03  1.69204402e+09]
[-1.25879327e-01  5.96539228e-03  1.69204402e+09]
[-1.25665614e-01  5.98183177e-03  1.69204402e+09]
[-1.27326002e-01  5.89963432e-03  1.69204402e+09]
[-1.31337238e-01  5.91607381e-03  1.69204402e+09]
[-1.39655621e-01  5.76811839e-03  1.69204402e+09]
[-1.57065043e-01  5.78455788e-03  1.69204402e+09]
[-1.85472484e-01  5.85031584e-03  1.69204402e+09]
[-2.35037552e-01  5.93251330e-03  1.69204402e+09]
[-2.78059702e-01  5.86675533e-03  1.69204402e+09]
[-3.26095897e-01  5.85031584e-03  1.69204402e+09]
[-3.34381401e-01  5.89963432e-03  1.69204402e+09]
[-3.42765542e-01  5.76811839e-03  1.69204402e+09]
[-3.51034607e-01  5.75167890e-03  1.69204402e+09]
[-3.38507714e-01  5.78455788e-03  1.69204402e+09]
[-3.24435509e-01  5.76811839e-03  1.69204402e+09]
[-3.09146781e-01  5.73523941e-03  1.69204402e+09]
[-2.94663589e-01  5.76811839e-03  1.69204402e+09]
[-2.77829549e-01  5.76811839e-03  1.69204402e+09]
[-2.49849534e-01  5.73523941e-03  1.69204402e+09]
[-2.07073976e-01  5.73523941e-03  1.69204402e+09]
[-1.31386557e-01  5.73523941e-03  1.69204402e+09]
[-6.88342921e-02  3.45372273e-02  1.69204402e+09]
[-3.79444882e-02  1.17194985e-01  1.69204402e+09]
[-1.73622454e-02  1.72152200e-01  1.69204402e+09]
[-9.89871646e-03  2.05425728e-01  1.69204402e+09]
[-4.99974815e-03  2.24906523e-01  1.69204402e+09]
[-1.85980539e-03  2.29493140e-01  1.69204402e+09]
[-8.73435933e-04  2.32008382e-01  1.69204402e+09]
[-7.74798987e-04  2.39817140e-01  1.69204402e+09]
[-1.72828946e-03  2.48217719e-01  1.69204402e+09]
[-2.45162706e-03  2.57226559e-01  1.69204402e+09]
[-2.00776081e-03  3.02089924e-01  1.69204402e+09]
[-1.49813659e-03  3.35692239e-01  1.69204402e+09]
[-2.71465892e-03  3.33998971e-01  1.69204402e+09]
[-3.37223855e-03  3.29724704e-01  1.69204402e+09]
[-3.63527041e-03  3.22294056e-01  1.69204402e+09]
[-4.12845513e-03  3.19022597e-01  1.69204402e+09]
[-4.45724495e-03  3.14057872e-01  1.69204402e+09]
[-6.21627048e-03  2.98555434e-01  1.69204402e+09]
[-7.07112401e-03  2.46014827e-01  1.69204402e+09]
[-9.50416867e-03  1.14350954e-01  1.69204402e+09]
[-4.41092973e-02  3.57373101e-02  1.69204402e+09]
[-9.93624274e-02  1.57604821e-03  1.69204402e+09]
[-1.43617538e-01  1.74044312e-03  1.69204402e+09]
[-1.72518165e-01  1.87195905e-03  1.69204402e+09]
[-1.97933619e-01  1.83908007e-03  1.69204402e+09]
[-2.12071582e-01  1.85551956e-03  1.69204402e+09]
[-2.16904792e-01  1.95415650e-03  1.69204402e+09]
[-2.16888353e-01  1.90483803e-03  1.69204402e+09]
[-2.22313385e-01  1.92127752e-03  1.69204402e+09]
[-2.24006653e-01  1.88839854e-03  1.69204402e+09]
[-2.23447710e-01  1.90483803e-03  1.69204402e+09]
[-2.20258449e-01  1.85551956e-03  1.69204402e+09]
[-2.20389965e-01  1.87195905e-03  1.69204402e+09]
[-2.14964932e-01  1.98703548e-03  1.69204402e+09]
[-2.10115282e-01  1.83908007e-03  1.69204402e+09]
[-2.02290084e-01  1.83908007e-03  1.69204402e+09]
[-1.93051090e-01  1.95415650e-03  1.69204402e+09]
[-1.84272401e-01  1.88839854e-03  1.69204402e+09]
[-1.70939973e-01  1.85551956e-03  1.69204402e+09]
[-1.55470412e-01  1.85551956e-03  1.69204402e+09]
[-1.45097093e-01  1.90483803e-03  1.69204402e+09]
[-1.50456367e-01  1.90483803e-03  1.69204402e+09]
[-1.56917087e-01  1.92127752e-03  1.69204402e+09]
[-1.72057859e-01  1.87195905e-03  1.69204402e+09]
[-1.81033821e-01  1.82264058e-03  1.69204402e+09]
[-1.91653733e-01  1.82264058e-03  1.69204402e+09]
[-2.07172613e-01  1.88839854e-03  1.69204402e+09]
[-2.13567575e-01  1.82264058e-03  1.69204402e+09]
[-2.18943289e-01  1.80620108e-03  1.69204402e+09]
[-2.15474556e-01  1.82264058e-03  1.69204402e+09]
[-2.00531058e-01  1.82264058e-03  1.69204402e+09]
[-1.60632412e-01  1.82264058e-03  1.69204402e+09]
[-1.13040084e-01  1.78976159e-03  1.69204402e+09]
[-7.91418531e-02  1.80620108e-03  1.69204402e+09]
[-6.00062853e-02  1.62400741e-02  1.69204402e+09]
[-3.66457684e-02  4.04390044e-02  1.69204402e+09]
[-2.70451056e-02  5.15027817e-02  1.69204402e+09]
[-3.47223479e-02  6.49667244e-02  1.69204402e+09]
[-9.84089369e-02  9.23220366e-02  1.69204402e+09]
[-1.69970043e-01  1.32911138e-01  1.69204402e+09]
[-2.11940066e-01  1.72875538e-01  1.69204402e+09]
[-2.50161884e-01  2.18889670e-01  1.69204402e+09]
[-2.51674317e-01  2.41970713e-01  1.69204402e+09]
[-2.47712400e-01  2.51867285e-01  1.69204402e+09]
[-2.44934126e-01  2.55697686e-01  1.69204402e+09]
[-2.39854323e-01  2.59856877e-01  1.69204402e+09]
[-2.37930902e-01  2.59182858e-01  1.69204402e+09]
[-2.32242838e-01  2.61813176e-01  1.69204402e+09]
[-2.28494634e-01  2.72745436e-01  1.69204402e+09]
[-2.26604092e-01  2.82461174e-01  1.69204402e+09]
[-2.30533131e-01  2.88412269e-01  1.69204402e+09]
[-2.36599303e-01  2.93492071e-01  1.69204402e+09]
[-2.38062418e-01  2.94182530e-01  1.69204402e+09]
[-2.40429705e-01  2.95859358e-01  1.69204402e+09]
[-2.44605336e-01  2.98128007e-01  1.69204402e+09]
[-2.48353540e-01  2.99245892e-01  1.69204402e+09]
[-2.44276546e-01  3.01251510e-01  1.69204402e+09]
[-2.43405253e-01  2.98736268e-01  1.69204402e+09]
[-2.36895214e-01  2.97453988e-01  1.69204402e+09]
[-2.30155023e-01  2.92982447e-01  1.69204402e+09]
[-2.21031105e-01  2.87327263e-01  1.69204402e+09]
[-2.16986990e-01  2.83463983e-01  1.69204402e+09]
[-2.16296531e-01  2.82115945e-01  1.69204402e+09]
[-2.14537505e-01  2.79863735e-01  1.69204402e+09]
[-2.13057951e-01  2.74783933e-01  1.69204402e+09]
[-2.12646964e-01  2.71693309e-01  1.69204402e+09]
[-2.14537505e-01  2.70164437e-01  1.69204402e+09]
[-2.14521066e-01  2.68060182e-01  1.69204402e+09]
[-2.14800537e-01  2.66975176e-01  1.69204402e+09]
[-2.14258034e-01  2.66629946e-01  1.69204402e+09]
[-2.14208716e-01  2.66646386e-01  1.69204402e+09]
[-2.10279677e-01  2.66876539e-01  1.69204402e+09]
[-2.09638537e-01  2.67830029e-01  1.69204402e+09]
[-2.08405575e-01  2.68109500e-01  1.69204402e+09]
[-2.07616479e-01  2.68569806e-01  1.69204402e+09]
[-2.09539900e-01  2.68586246e-01  1.69204402e+09]
[-2.13600454e-01  2.65512061e-01  1.69204402e+09]
[-2.18614499e-01  2.59018463e-01  1.69204402e+09]
[-2.21228379e-01  2.55697686e-01  1.69204402e+09]
[-2.18630939e-01  2.52607062e-01  1.69204402e+09]
[-2.13551136e-01  2.51094629e-01  1.69204402e+09]
[-2.11233168e-01  2.49615075e-01  1.69204402e+09]
[-1.97539071e-01  2.49401362e-01  1.69204402e+09]
[-1.86557491e-01  2.48562948e-01  1.69204402e+09]
[-1.82694210e-01  2.47066954e-01  1.69204402e+09]
[-1.86672567e-01  2.48234158e-01  1.69204402e+09]
[-1.93100408e-01  2.49286285e-01  1.69204402e+09]
[-1.91144109e-01  2.47954687e-01  1.69204402e+09]
[-1.88201440e-01  2.46425814e-01  1.69204402e+09]
[-1.92064720e-01  2.46360056e-01  1.69204402e+09]
[-1.88727503e-01  2.44946260e-01  1.69204402e+09]
[-1.85817713e-01  2.43203674e-01  1.69204402e+09]
[-1.84798465e-01  2.39734942e-01  1.69204402e+09]
[-1.91061911e-01  2.38485541e-01  1.69204402e+09]
[-1.90667363e-01  2.39143120e-01  1.69204402e+09]
[-1.88382274e-01  2.39784261e-01  1.69204402e+09]
