HokinRight_Hand
Dev2/ai0 Dev2/ai1
[-1.98163772e-01  2.16325109e-01  1.69204402e+09]
[-1.97670587e-01  2.12922135e-01  1.69204402e+09]
[-1.96010198e-01  2.12889256e-01  1.69204402e+09]
[-1.92541465e-01  2.12511148e-01  1.69204402e+09]
[-1.85702637e-01  2.10390453e-01  1.69204402e+09]
[-1.68424731e-01  2.08384836e-01  1.69204402e+09]
[-1.62111966e-01  2.09732874e-01  1.69204402e+09]
[-1.62703788e-01  2.09272568e-01  1.69204402e+09]
[-1.78304866e-01  2.03551626e-01  1.69204402e+09]
[-2.02142129e-01  1.66908003e-01  1.69204402e+09]
[-2.23908016e-01  1.27946412e-01  1.69204402e+09]
[-2.32275717e-01  1.16964832e-01  1.69204402e+09]
[-2.33804590e-01  1.13644055e-01  1.69204402e+09]
[-2.32423672e-01  1.09139635e-01  1.69204402e+09]
[-2.38259692e-01  9.22891576e-02  1.69204402e+09]
[-2.51312649e-01  6.53941512e-02  1.69204402e+09]
[-2.66930166e-01  2.90299979e-02  1.69204402e+09]
[-2.74722485e-01  8.06964711e-03  1.69204402e+09]
[-2.68130249e-01  2.29938581e-03  1.69204402e+09]
[-2.53334706e-01  2.15143039e-03  1.69204402e+09]
[-2.16888353e-01  2.15143039e-03  1.69204402e+09]
[-1.33227780e-01  8.62394251e-02  1.69204402e+09]
[-6.23735720e-02  1.60332207e-01  1.69204402e+09]
[-2.19981818e-02  2.02137830e-01  1.69204402e+09]
[-7.25480514e-04  2.39619866e-01  1.69204402e+09]
[-1.17219351e-04  2.50157578e-01  1.69204402e+09]
[-1.82977314e-04  2.51078190e-01  1.69204403e+09]
[-1.82977314e-04  2.51078190e-01  1.69204403e+09]
[-1.99416805e-04  2.53396158e-01  1.69204403e+09]
[-1.50098332e-04  2.65216150e-01  1.69204403e+09]
[-1.82977314e-04  2.73403016e-01  1.69204403e+09]
[-8.43403688e-05  2.74488022e-01  1.69204403e+09]
[-1.99416805e-04  2.74274309e-01  1.69204403e+09]
[-1.50098332e-04  2.76312805e-01  1.69204403e+09]
[-1.82977314e-04  2.76148411e-01  1.69204403e+09]
[-1.50098332e-04  2.72926271e-01  1.69204403e+09]
[-1.50098332e-04  2.67040934e-01  1.69204403e+09]
[-1.50098332e-04  2.65002437e-01  1.69204403e+09]
[-1.66537823e-04  2.62552953e-01  1.69204403e+09]
[-1.66537823e-04  2.53675629e-01  1.69204403e+09]
[-2.32295787e-04  2.12675543e-01  1.69204403e+09]
[-1.33658842e-04  9.41139410e-02  1.69204403e+09]
[-1.64909523e-02  2.12869977e-02  1.69204403e+09]
[-6.23242535e-02  4.71755584e-05  1.69204403e+09]
[-1.13040084e-01  1.29373013e-04  1.69204403e+09]
[-1.43535341e-01  2.44449449e-04  1.69204403e+09]
[-1.71630432e-01  1.95130977e-04  1.69204403e+09]
[-1.83318911e-01  2.93767922e-04  1.69204403e+09]
[-1.88760382e-01  3.26646904e-04  1.69204403e+09]
[-1.93708669e-01  3.26646904e-04  1.69204403e+09]
[-2.04180626e-01  3.10207413e-04  1.69204403e+09]
[-2.08339817e-01  3.59525886e-04  1.69204403e+09]
[-2.04246384e-01  2.93767922e-04  1.69204403e+09]
[-2.06646549e-01  3.75965377e-04  1.69204403e+09]
[-2.06958900e-01  3.26646904e-04  1.69204403e+09]
[-2.12153779e-01  2.93767922e-04  1.69204403e+09]
[-2.11792110e-01  3.26646904e-04  1.69204403e+09]
[-2.10296117e-01  2.44449449e-04  1.69204403e+09]
[-2.08290499e-01  2.11570467e-04  1.69204403e+09]
[-2.05495785e-01  2.93767922e-04  1.69204403e+09]
[-2.05430027e-01  2.60888940e-04  1.69204403e+09]
[-2.04213505e-01  2.77328431e-04  1.69204403e+09]
[-2.03457288e-01  2.60888940e-04  1.69204403e+09]
[-2.05725938e-01  3.75965377e-04  1.69204403e+09]
[-2.05956091e-01  2.44449449e-04  1.69204403e+09]
[-2.07484963e-01  3.43086395e-04  1.69204403e+09]
[-2.09391945e-01  3.10207413e-04  1.69204403e+09]
[-2.10542709e-01  3.26646904e-04  1.69204403e+09]
[-2.11496199e-01  2.77328431e-04  1.69204403e+09]
[-2.09293308e-01  2.93767922e-04  1.69204403e+09]
[-2.04164186e-01  2.11570467e-04  1.69204403e+09]
[-1.95517013e-01  2.93767922e-04  1.69204403e+09]
[-1.86573930e-01  3.10207413e-04  1.69204403e+09]
[-1.77302057e-01  2.93767922e-04  1.69204403e+09]
[-1.68079502e-01  2.77328431e-04  1.69204403e+09]
[-1.49009692e-01  2.60888940e-04  1.69204403e+09]
[-1.14733352e-01  3.10207413e-04  1.69204403e+09]
[-6.05323490e-02  4.89682536e-03  1.69204403e+09]
[-8.46848074e-03  5.60236416e-02  1.69204403e+09]
[-8.43403688e-05  7.92033232e-02  1.69204403e+09]
[-8.43403688e-05  8.61079092e-02  1.69204403e+09]
[-1.00779860e-04  9.62510747e-02  1.69204403e+09]
[-1.00779860e-04  1.05227036e-01  1.69204403e+09]
[-6.79008779e-05  1.13824890e-01  1.69204403e+09]
[-1.00779860e-04  1.12493291e-01  1.69204403e+09]
[-8.43403688e-05  1.06657272e-01  1.69204403e+09]
[-8.43403688e-05  9.40975015e-02  1.69204403e+09]
[-1.17219351e-04  5.48071193e-02  1.69204403e+09]
[-1.46525761e-03  9.63139874e-03  1.69204403e+09]
[-3.66293289e-02  2.56241767e-03  1.69204403e+09]
[-1.02535249e-01  2.26650683e-03  1.69204403e+09]
[-1.44801182e-01  2.08567243e-03  1.69204403e+09]
[-1.65925928e-01  2.06923294e-03  1.69204403e+09]
[-1.80244726e-01  1.90483803e-03  1.69204403e+09]
[-1.87494542e-01  1.78976159e-03  1.69204403e+09]
[-1.94448447e-01  1.83908007e-03  1.69204403e+09]
[-1.93363440e-01  1.88839854e-03  1.69204403e+09]
[-1.92229115e-01  1.75688261e-03  1.69204403e+09]
[-1.91752370e-01  1.78976159e-03  1.69204403e+09]
[-1.90848198e-01  1.74044312e-03  1.69204403e+09]
[-1.91768809e-01  1.72400363e-03  1.69204403e+09]
[-1.86836962e-01  1.77332210e-03  1.69204403e+09]
[-1.83055879e-01  1.69112465e-03  1.69204403e+09]
[-1.74507343e-01  1.75688261e-03  1.69204403e+09]
[-1.52626380e-01  1.77332210e-03  1.69204403e+09]
[-1.28411009e-01  1.78976159e-03  1.69204403e+09]
[-1.16985562e-01  1.69112465e-03  1.69204403e+09]
[-1.17067760e-01  1.74044312e-03  1.69204403e+09]
[-1.10080976e-01  1.72400363e-03  1.69204403e+09]
[-7.89938977e-02  1.65824567e-03  1.69204403e+09]
[-4.50299088e-02  1.70756414e-03  1.69204403e+09]
[-2.10282519e-02  1.65824567e-03  1.69204403e+09]
[-3.30648059e-03  1.62536669e-03  1.69204403e+09]
[-2.15856296e-04  1.60892719e-03  1.69204403e+09]
[-2.15856296e-04  1.69112465e-03  1.69204403e+09]
[-1.99416805e-04  1.62536669e-03  1.69204403e+09]
[-2.32295787e-04  1.70756414e-03  1.69204403e+09]
[-2.98053751e-04  1.69112465e-03  1.69204403e+09]
[-2.15856296e-04  1.62536669e-03  1.69204403e+09]
[-2.32295787e-04  1.57604821e-03  1.69204403e+09]
[-2.65174769e-04  1.65824567e-03  1.69204403e+09]
[-1.95815766e-02  1.60892719e-03  1.69204403e+09]
[-4.65752210e-02  1.67468516e-03  1.69204403e+09]
[-6.83411073e-02  1.70756414e-03  1.69204403e+09]
[-8.95809301e-02  1.65824567e-03  1.69204403e+09]
[-1.04475109e-01  1.60892719e-03  1.69204403e+09]
[-1.14125091e-01  1.67468516e-03  1.69204403e+09]
[-1.15177218e-01  1.62536669e-03  1.69204403e+09]
[-1.19813155e-01  1.70756414e-03  1.69204403e+09]
[-1.29167225e-01  1.64180618e-03  1.69204403e+09]
[-1.45984825e-01  1.60892719e-03  1.69204403e+09]
[-1.58330883e-01  1.64180618e-03  1.69204403e+09]
[-1.67487680e-01  1.72400363e-03  1.69204403e+09]
[-1.70298833e-01  1.77332210e-03  1.69204403e+09]
[-1.73718248e-01  1.65824567e-03  1.69204403e+09]
[-1.75164923e-01  1.64180618e-03  1.69204403e+09]
[-1.74934770e-01  1.67468516e-03  1.69204403e+09]
[-1.81033821e-01  1.65824567e-03  1.69204403e+09]
[-1.80836547e-01  1.74044312e-03  1.69204403e+09]
[-1.71515356e-01  1.67468516e-03  1.69204403e+09]
[-1.51689329e-01  1.67468516e-03  1.69204403e+09]
[-1.36038933e-01  1.74044312e-03  1.69204403e+09]
[-1.25830009e-01  1.75688261e-03  1.69204403e+09]
[-1.16295104e-01  1.74044312e-03  1.69204403e+09]
[-1.09242562e-01  1.70756414e-03  1.69204403e+09]
[-1.03669574e-01  1.69112465e-03  1.69204403e+09]
[-1.00924179e-01  1.78976159e-03  1.69204403e+09]
[-9.90336376e-02  1.75688261e-03  1.69204403e+09]
[-9.07152550e-02  1.67468516e-03  1.69204403e+09]
[-7.04453622e-02  1.72400363e-03  1.69204403e+09]
[-4.95672084e-02  1.70756414e-03  1.69204403e+09]
[-3.20920293e-02  1.75688261e-03  1.69204403e+09]
[-2.01405193e-02  1.72400363e-03  1.69204403e+09]
[-9.96447442e-03  1.65824567e-03  1.69204403e+09]
[-4.76959528e-03  1.72400363e-03  1.69204403e+09]
[-4.27641055e-03  3.27946413e-02  1.69204403e+09]
[-3.38867804e-03  6.03472276e-02  1.69204403e+09]
[-3.15852517e-03  8.98725525e-02  1.69204403e+09]
[-2.23791368e-03  1.10372597e-01  1.69204403e+09]
[-9.39193896e-04  1.30691807e-01  1.69204403e+09]
[-3.30932732e-04  1.41229520e-01  1.69204403e+09]
[-2.48735278e-04  1.49876692e-01  1.69204403e+09]
[-5.77525096e-04  1.51652157e-01  1.69204403e+09]
[-3.24072262e-03  1.46013412e-01  1.69204403e+09]
[-4.52300292e-03  1.38681399e-01  1.69204403e+09]
[-4.75315579e-03  1.31102794e-01  1.69204403e+09]
[-4.50656343e-03  1.25842157e-01  1.69204403e+09]
[-4.98330866e-03  1.20877431e-01  1.69204403e+09]
[-4.12845513e-03  1.21173342e-01  1.69204403e+09]
[-5.26278001e-03  1.24083132e-01  1.69204403e+09]
[-4.27641055e-03  1.26779208e-01  1.69204403e+09]
[-4.96686917e-03  1.29491724e-01  1.69204403e+09]
[-4.49012394e-03  1.28949221e-01  1.69204403e+09]
[-3.91474175e-03  1.26976482e-01  1.69204403e+09]
[-4.07913666e-03  1.19775985e-01  1.69204403e+09]
[-3.32292008e-03  1.09813654e-01  1.69204403e+09]
[-2.10639775e-03  1.11490482e-01  1.69204403e+09]
[-1.15290728e-03  1.20597960e-01  1.69204403e+09]
[-5.44646114e-04  1.27157316e-01  1.69204403e+09]
[-2.15856296e-04  1.21058266e-01  1.69204403e+09]
[-1.99416805e-04  1.05703782e-01  1.69204403e+09]
[-2.32295787e-04  6.66271130e-02  1.69204403e+09]
[-1.25154422e-03  2.75504437e-02  1.69204403e+09]
[-3.48374243e-02  4.58447505e-03  1.69204403e+09]
[-7.83198785e-02  3.53234763e-03  1.69204403e+09]
[-1.04606625e-01  3.25287628e-03  1.69204403e+09]
[-1.28000021e-01  3.23643679e-03  1.69204403e+09]
[-1.38948723e-01  3.12136036e-03  1.69204403e+09]
[-1.49617953e-01  3.05560239e-03  1.69204403e+09]
[-1.66534190e-01  2.97340494e-03  1.69204403e+09]
[-1.74770375e-01  2.97340494e-03  1.69204403e+09]
[-1.80852987e-01  2.94052596e-03  1.69204403e+09]
[-1.86639688e-01  2.94052596e-03  1.69204403e+09]
[-1.88563109e-01  2.85832850e-03  1.69204403e+09]
[-1.87149312e-01  2.84188901e-03  1.69204403e+09]
[-1.86984917e-01  2.87476799e-03  1.69204403e+09]
[-1.83187395e-01  2.79257054e-03  1.69204403e+09]
[-1.79406312e-01  2.82544952e-03  1.69204403e+09]
[-1.64577890e-01  2.75969156e-03  1.69204403e+09]
[-1.30268671e-01  2.69393359e-03  1.69204403e+09]
[-9.14385926e-02  2.75969156e-03  1.69204403e+09]
[-4.82027306e-02  2.71037308e-03  1.69204403e+09]
[-8.33696482e-03  2.69393359e-03  1.69204403e+09]
[-2.41874808e-03  3.02272341e-03  1.69204403e+09]
[-1.00779860e-04  4.04718834e-02  1.69204403e+09]
[-6.79008779e-05  6.50324824e-02  1.69204403e+09]
[-8.43403688e-05  8.13733359e-02  1.69204403e+09]
[-5.14613870e-05  1.01577470e-01  1.69204403e+09]
[-1.17219351e-04  1.16471648e-01  1.69204403e+09]
[1.42965766e-05 1.30313699e-01 1.69204403e+09]
[-1.17219351e-04  1.33601597e-01  1.69204403e+09]
[-3.50218961e-05  1.41525431e-01  1.69204403e+09]
[-6.79008779e-05  1.44172189e-01  1.69204403e+09]
[-3.50218961e-05  1.40489743e-01  1.69204403e+09]
[-1.17219351e-04  1.36873055e-01  1.69204403e+09]
[-8.43403688e-05  1.29097176e-01  1.69204403e+09]
[-1.85824052e-05  1.13627616e-01  1.69204403e+09]
[-5.14613870e-05  8.89190620e-02  1.69204403e+09]
[-8.43403688e-05  3.28110808e-02  1.69204403e+09]
[-8.43403688e-05  2.87476799e-03  1.69204403e+09]
[-1.33658842e-04  2.38158327e-03  1.69204403e+09]
[-8.43403688e-05  2.34870428e-03  1.69204403e+09]
[-6.44449479e-02  2.20074887e-03  1.69204403e+09]
[-9.52032361e-02  2.08567243e-03  1.69204403e+09]
[-1.10080976e-01  2.13499090e-03  1.69204403e+09]
[-1.21572180e-01  2.05279345e-03  1.69204403e+09]
[-1.29824805e-01  2.08567243e-03  1.69204404e+09]
[-1.40641990e-01  1.92127752e-03  1.69204404e+09]
[-1.47332864e-01  1.93771701e-03  1.69204404e+09]
[-1.43091475e-01  1.95415650e-03  1.69204404e+09]
[-1.42039347e-01  1.95415650e-03  1.69204404e+09]
[-1.41743436e-01  1.93771701e-03  1.69204404e+09]
[-1.49338481e-01  1.90483803e-03  1.69204404e+09]
[-1.55026546e-01  1.88839854e-03  1.69204404e+09]
[-1.53711386e-01  1.88839854e-03  1.69204404e+09]
[-1.49453558e-01  1.85551956e-03  1.69204404e+09]
[-1.43650417e-01  1.87195905e-03  1.69204404e+09]
[-1.41957150e-01  1.82264058e-03  1.69204404e+09]
[-1.39392589e-01  1.82264058e-03  1.69204404e+09]
[-1.31189283e-01  1.77332210e-03  1.69204404e+09]
[-1.21950289e-01  1.85551956e-03  1.69204404e+09]
[-1.13582587e-01  1.85551956e-03  1.69204404e+09]
[-9.09618473e-02  1.80620108e-03  1.69204404e+09]
[-4.85315204e-02  1.82264058e-03  1.69204404e+09]
[-1.82664174e-02  1.82264058e-03  1.69204404e+09]
[-3.50218961e-05  1.74044312e-03  1.69204404e+09]
[-8.43403688e-05  1.75688261e-03  1.69204404e+09]
[-1.00779860e-04  1.75688261e-03  1.69204404e+09]
[-1.33658842e-04  1.65824567e-03  1.69204404e+09]
[-3.50218961e-05  1.77332210e-03  1.69204404e+09]
[-8.43403688e-05  1.77332210e-03  1.69204404e+09]
[-3.72211505e-02  1.60892719e-03  1.69204404e+09]
[-6.98699800e-02  1.75688261e-03  1.69204404e+09]
[-8.21502800e-02  1.64180618e-03  1.69204404e+09]
[-7.63307001e-02  1.70756414e-03  1.69204404e+09]
[-7.59032733e-02  1.74044312e-03  1.69204404e+09]
[-8.35311973e-02  1.70756414e-03  1.69204404e+09]
[-9.92473510e-02  1.70756414e-03  1.69204404e+09]
[-1.16426620e-01  1.70756414e-03  1.69204404e+09]
[-1.28016461e-01  1.72400363e-03  1.69204404e+09]
[-1.33030506e-01  1.74044312e-03  1.69204404e+09]
[-1.31518073e-01  1.70756414e-03  1.69204404e+09]
[-1.33836041e-01  1.75688261e-03  1.69204404e+09]
[-1.31830423e-01  1.67468516e-03  1.69204404e+09]
[-1.28920633e-01  1.72400363e-03  1.69204404e+09]
[-1.26980773e-01  1.74044312e-03  1.69204404e+09]
[-1.24761442e-01  1.65824567e-03  1.69204404e+09]
[-1.18185645e-01  1.67468516e-03  1.69204404e+09]
[-1.08091797e-01  1.70756414e-03  1.69204404e+09]
[-1.03817530e-01  1.69112465e-03  1.69204404e+09]
[-1.07056109e-01  1.69112465e-03  1.69204404e+09]
[-1.16656772e-01  1.72400363e-03  1.69204404e+09]
[-1.32767474e-01  1.70756414e-03  1.69204404e+09]
[-1.44455952e-01  1.72400363e-03  1.69204404e+09]
[-1.55256698e-01  1.74044312e-03  1.69204404e+09]
[-1.59777559e-01  1.67468516e-03  1.69204404e+09]
[-1.56358144e-01  1.70756414e-03  1.69204404e+09]
[-1.46527328e-01  1.74044312e-03  1.69204404e+09]
[-1.40329640e-01  1.69112465e-03  1.69204404e+09]
[-1.35956735e-01  1.70756414e-03  1.69204404e+09]
[-1.33211340e-01  1.74044312e-03  1.69204404e+09]
[-1.28756238e-01  1.72400363e-03  1.69204404e+09]
[-1.19681639e-01  1.67468516e-03  1.69204404e+09]
[-1.08157555e-01  1.64180618e-03  1.69204404e+09]
[-9.51867966e-02  1.62536669e-03  1.69204404e+09]
[-7.74485855e-02  1.78976159e-03  1.69204404e+09]
[-3.83554754e-02  1.62536669e-03  1.69204404e+09]
[-1.61786020e-02  1.64180618e-03  1.69204404e+09]
[-2.08995826e-03  1.70756414e-03  1.69204404e+09]
[-3.47087550e-03  3.30741126e-02  1.69204404e+09]
[-4.53944241e-03  6.72189346e-02  1.69204404e+09]
[-5.19702205e-03  9.54619792e-02  1.69204404e+09]
[-3.32292008e-03  1.19644469e-01  1.69204404e+09]
[-1.33374168e-03  1.26960043e-01  1.69204404e+09]
[-1.99416805e-04  1.29097176e-01  1.69204404e+09]
[-1.82977314e-04  1.29590361e-01  1.69204404e+09]
[-1.66537823e-04  1.29475285e-01  1.69204404e+09]
[-2.32295787e-04  1.26877845e-01  1.69204404e+09]
[-5.11767132e-04  1.22126832e-01  1.69204404e+09]
[-2.81614260e-04  1.20647278e-01  1.69204404e+09]
[-2.15856296e-04  1.18493705e-01  1.69204404e+09]
[-3.30932732e-04  1.11917909e-01  1.69204404e+09]
[-6.79008779e-05  1.12180941e-01  1.69204404e+09]
[-6.79008779e-05  1.15468839e-01  1.69204404e+09]
[-1.00779860e-04  1.21271979e-01  1.69204404e+09]
[-8.43403688e-05  1.23721463e-01  1.69204404e+09]
[-1.50098332e-04  1.21995316e-01  1.69204404e+09]
[-1.50098332e-04  1.23310476e-01  1.69204404e+09]
[-1.33658842e-04  1.28324520e-01  1.69204404e+09]
[-1.50098332e-04  1.34275616e-01  1.69204404e+09]
[-1.66537823e-04  1.33502960e-01  1.69204404e+09]
[-1.00779860e-04  1.27666941e-01  1.69204404e+09]
[-1.17219351e-04  1.08958801e-01  1.69204404e+09]
[-1.66537823e-04  4.28062911e-02  1.69204404e+09]
[-6.59722551e-04  4.46939861e-03  1.69204404e+09]
[-1.33658842e-04  2.29938581e-03  1.69204404e+09]
[-1.17219351e-04  2.25006734e-03  1.69204404e+09]
[-1.50098332e-04  2.34870428e-03  1.69204404e+09]
[-8.43403688e-05  2.29938581e-03  1.69204404e+09]
[-7.74798987e-04  2.31582530e-03  1.69204404e+09]
[-1.05427033e-03  2.33226479e-03  1.69204404e+09]
[-1.56389455e-03  2.20074887e-03  1.69204404e+09]
[-2.71465892e-03  2.26650683e-03  1.69204404e+09]
[-5.27921950e-03  1.06999656e-02  1.69204404e+09]
[-3.25716212e-03  5.11246734e-02  1.69204404e+09]
[-2.55026401e-03  6.54763486e-02  1.69204404e+09]
[-8.24117460e-04  5.95745715e-02  1.69204404e+09]
[-8.43403688e-05  2.67449087e-02  1.69204404e+09]
[-1.00779860e-04 -7.25480514e-04  1.69204404e+09]
[-3.05960356e-02 -7.58359496e-04  1.69204404e+09]
[-8.49614330e-02 -6.76162042e-04  1.69204404e+09]
[-1.24712123e-01 -6.26843569e-04  1.69204404e+09]
[-1.39787137e-01 -5.61085605e-04  1.69204404e+09]
[-1.43979207e-01 -5.44646114e-04  1.69204404e+09]
[-1.46083462e-01 -5.44646114e-04  1.69204404e+09]
