HokinRight_Hand
Dev2/ai0 Dev2/ai1
[-1.55667686e-01  2.82544952e-03  1.69204405e+09]
[-1.77269178e-01  2.66105461e-03  1.69204405e+09]
[-1.91670172e-01  2.64461512e-03  1.69204405e+09]
[-1.98476122e-01  2.64461512e-03  1.69204405e+09]
[-2.04920403e-01  2.64461512e-03  1.69204405e+09]
[-2.09079594e-01  2.64461512e-03  1.69204405e+09]
[-2.14833416e-01  2.59529665e-03  1.69204405e+09]
[-2.21573608e-01  2.52953868e-03  1.69204405e+09]
[-2.34856717e-01  2.46378072e-03  1.69204405e+09]
[-2.48715209e-01  2.52953868e-03  1.69204405e+09]
[-2.61801044e-01  2.44734123e-03  1.69204405e+09]
[-2.68311083e-01  2.51309919e-03  1.69204405e+09]
[-2.75297867e-01  2.49665970e-03  1.69204405e+09]
[-2.83040868e-01  2.46378072e-03  1.69204405e+09]
[-2.92312741e-01  2.49665970e-03  1.69204405e+09]
[-3.01699691e-01  2.49665970e-03  1.69204405e+09]
[-3.02916214e-01  2.46378072e-03  1.69204405e+09]
[-3.00614685e-01  2.39802276e-03  1.69204405e+09]
[-2.95123895e-01  2.43090174e-03  1.69204405e+09]
[-2.72947020e-01  2.41446225e-03  1.69204406e+09]
[-2.32407233e-01  2.41446225e-03  1.69204406e+09]
[-1.98098014e-01  8.82586369e-03  1.69204406e+09]
[-1.63920311e-01  9.63139874e-03  1.69204406e+09]
[-1.25912206e-01  5.47220755e-03  1.69204406e+09]
[-7.11029419e-02 -2.17215571e-03  1.69204406e+09]
[-9.20825784e-03  5.51852275e-02  1.69204406e+09]
[-1.85824052e-05  1.32434393e-01  1.69204406e+09]
[-6.79008779e-05  1.80980206e-01  1.69204406e+09]
[-5.14613870e-05  2.09486282e-01  1.69204406e+09]
[-1.85824052e-05  2.32583764e-01  1.69204406e+09]
[-1.85824052e-05  2.40162369e-01  1.69204406e+09]
[-8.43403688e-05  2.43269432e-01  1.69204406e+09]
[-1.85824052e-05  2.59100660e-01  1.69204406e+09]
[-6.79008779e-05  2.65627138e-01  1.69204406e+09]
[-5.14613870e-05  2.56897769e-01  1.69204406e+09]
[-5.14613870e-05  2.50930234e-01  1.69204406e+09]
[-1.17219351e-04  2.40655553e-01  1.69204406e+09]
[-8.43403688e-05  2.29378064e-01  1.69204406e+09]
[-1.00779860e-04  2.25564102e-01  1.69204406e+09]
[-5.14613870e-05  2.19662326e-01  1.69204406e+09]
[-8.43403688e-05  2.11343944e-01  1.69204406e+09]
[-1.17219351e-04  1.95266123e-01  1.69204406e+09]
[-1.17219351e-04  1.41919978e-01  1.69204406e+09]
[-1.00779860e-04  5.78484250e-02  1.69204406e+09]
[-5.14613870e-05  1.13246663e-02  1.69204406e+09]
[-6.12063681e-02  1.51029025e-03  1.69204406e+09]
[-9.96090198e-02  1.36233483e-03  1.69204406e+09]
[-1.28591843e-01  1.41165330e-03  1.69204406e+09]
[-1.46198539e-01  1.21437941e-03  1.69204406e+09]
[-1.59826877e-01  1.23081890e-03  1.69204406e+09]
[-1.71663311e-01  1.16506094e-03  1.69204406e+09]
[-1.79504949e-01  1.04998450e-03  1.69204406e+09]
[-1.83072318e-01  1.01710552e-03  1.69204406e+09]
[-1.88086363e-01  9.84226540e-04  1.69204406e+09]
[-1.94481326e-01  9.84226540e-04  1.69204406e+09]
[-2.03095619e-01  8.69150104e-04  1.69204406e+09]
[-2.08504212e-01  8.69150104e-04  1.69204406e+09]
[-2.15622512e-01  7.37634176e-04  1.69204406e+09]
[-2.20932468e-01  7.04755195e-04  1.69204406e+09]
[-2.20422843e-01  6.88315704e-04  1.69204406e+09]
[-2.13337423e-01  7.04755195e-04  1.69204406e+09]
[-2.00925606e-01  6.88315704e-04  1.69204406e+09]
[-1.91883886e-01  7.86952649e-04  1.69204406e+09]
[-1.58133609e-01  7.37634176e-04  1.69204406e+09]
[-1.37567806e-01  8.19831631e-04  1.69204406e+09]
[-1.25468340e-01  8.52710613e-04  1.69204406e+09]
[-1.24597047e-01  8.52710613e-04  1.69204406e+09]
[-1.03653135e-01  9.02029085e-04  1.69204406e+09]
[-4.38133865e-02  9.34908067e-04  1.69204406e+09]
[-5.14613870e-05  8.69150104e-04  1.69204406e+09]
[-5.14613870e-05  4.75901829e-02  1.69204406e+09]
[-1.17219351e-04  8.78340557e-02  1.69204406e+09]
[-5.14613870e-05  1.08103947e-01  1.69204406e+09]
[-3.50218961e-05  1.21387055e-01  1.69204406e+09]
[-8.43403688e-05  1.21485692e-01  1.69204406e+09]
[-6.79008779e-05  1.25990113e-01  1.69204406e+09]
[-6.79008779e-05  1.35409940e-01  1.69204406e+09]
[-5.14613870e-05  1.47575163e-01  1.69204406e+09]
[-1.17219351e-04  1.56320972e-01  1.69204406e+09]
[-3.50218961e-05  1.63718742e-01  1.69204406e+09]
[-6.79008779e-05  1.68042328e-01  1.69204406e+09]
[-1.00779860e-04  1.75160627e-01  1.69204406e+09]
[-3.50218961e-05  1.77626551e-01  1.69204406e+09]
[-8.43403688e-05  1.79303379e-01  1.69204406e+09]
[-1.85824052e-05  1.81999455e-01  1.69204406e+09]
[-1.85824052e-05  1.83150219e-01  1.69204406e+09]
[-6.79008779e-05  1.76936092e-01  1.69204406e+09]
[-8.43403688e-05  1.72776901e-01  1.69204406e+09]
[1.42965766e-05 1.62748812e-01 1.69204406e+09]
[-3.50218961e-05  1.45125679e-01  1.69204406e+09]
[-8.43403688e-05  8.49900238e-02  1.69204406e+09]
[-5.14613870e-05  1.18014115e-02  1.69204406e+09]
[-1.66537823e-04  3.79537948e-03  1.69204406e+09]
[-5.14613870e-05  3.43371068e-03  1.69204406e+09]
[-4.98302403e-02  2.82544952e-03  1.69204406e+09]
[-9.47429303e-02  2.98984443e-03  1.69204406e+09]
[-1.21407785e-01  2.95696545e-03  1.69204406e+09]
[-1.40214564e-01  2.90764697e-03  1.69204406e+09]
[-1.53497673e-01  2.80901003e-03  1.69204406e+09]
[-1.64232661e-01  2.75969156e-03  1.69204406e+09]
[-1.73718248e-01  2.74325207e-03  1.69204406e+09]
[-1.71630432e-01  2.72681258e-03  1.69204406e+09]
[-1.58281565e-01  2.61173614e-03  1.69204406e+09]
[-1.23775072e-01  2.66105461e-03  1.69204406e+09]
[-4.72492401e-02  2.62817563e-03  1.69204406e+09]
[-1.00779860e-04  2.62817563e-03  1.69204406e+09]
[-8.43403688e-05  2.34405709e-02  1.69204406e+09]
[-1.50098332e-04  9.18781703e-02  1.69204406e+09]
[-3.50218961e-05  1.11408285e-01  1.69204406e+09]
[-1.00779860e-04  1.32352195e-01  1.69204406e+09]
[-5.14613870e-05  1.37103208e-01  1.69204406e+09]
[-1.17219351e-04  1.30050667e-01  1.69204406e+09]
[-8.43403688e-05  1.22061074e-01  1.69204406e+09]
[-5.14613870e-05  1.23918737e-01  1.69204406e+09]
[-1.00779860e-04  1.25759960e-01  1.69204406e+09]
[-8.43403688e-05  1.23458431e-01  1.69204406e+09]
[-1.33658842e-04  8.59599538e-02  1.69204406e+09]
[-1.00779860e-04  4.18692401e-02  1.69204406e+09]
[-2.14291431e-06  1.12095899e-02  1.69204406e+09]
[-1.85824052e-05  4.56803555e-03  1.69204406e+09]
[-3.50218961e-05  4.12416930e-03  1.69204406e+09]
[-9.20139748e-02  3.86113745e-03  1.69204406e+09]
[-1.49437118e-01  3.74606101e-03  1.69204406e+09]
[-1.78682974e-01  3.66386356e-03  1.69204406e+09]
[-1.94415568e-01  3.49946865e-03  1.69204406e+09]
[-2.03194256e-01  3.49946865e-03  1.69204406e+09]
[-2.06120486e-01  3.48302916e-03  1.69204406e+09]
[-2.09063155e-01  3.43371068e-03  1.69204406e+09]
[-2.11381123e-01  3.26931577e-03  1.69204406e+09]
[-2.15474556e-01  3.33507374e-03  1.69204406e+09]
[-2.21787321e-01  3.25287628e-03  1.69204406e+09]
[-2.33327845e-01  3.21999730e-03  1.69204406e+09]
[-2.45739661e-01  3.30219476e-03  1.69204406e+09]
[-2.59170726e-01  3.21999730e-03  1.69204406e+09]
[-2.70431778e-01  3.18711832e-03  1.69204406e+09]
[-2.78503568e-01  3.15423934e-03  1.69204406e+09]
[-2.82070938e-01  3.07204188e-03  1.69204406e+09]
[-2.88745372e-01  3.17067883e-03  1.69204406e+09]
[-2.85967098e-01  3.08848137e-03  1.69204406e+09]
[-2.81413358e-01  3.07204188e-03  1.69204406e+09]
[-2.67226077e-01  3.10492087e-03  1.69204406e+09]
[-2.52742884e-01  3.10492087e-03  1.69204406e+09]
[-2.46742470e-01  3.10492087e-03  1.69204406e+09]
[-2.45279355e-01  3.13779985e-03  1.69204406e+09]
[-2.49076878e-01  3.02272341e-03  1.69204406e+09]
[-2.47252094e-01  3.00628392e-03  1.69204406e+09]
[-2.50096126e-01  3.07204188e-03  1.69204406e+09]
[-2.47104139e-01  3.03916290e-03  1.69204406e+09]
[-2.45854737e-01  2.98984443e-03  1.69204406e+09]
[-2.37799386e-01  2.95696545e-03  1.69204406e+09]
[-2.11430441e-01  2.94052596e-03  1.69204406e+09]
[-1.35003245e-01  1.54345390e-02  1.69204406e+09]
[-6.30969096e-02  7.69675525e-02  1.69204406e+09]
[-3.37195389e-02  1.10454794e-01  1.69204406e+09]
[-1.55867803e-02  1.29738316e-01  1.69204406e+09]
[-5.13126408e-03  1.46523036e-01  1.69204406e+09]
[-1.94200284e-03  1.51306927e-01  1.69204406e+09]
[-1.66537823e-04  1.58047118e-01  1.69204406e+09]
[-1.50098332e-04  1.65428449e-01  1.69204406e+09]
[-2.14291431e-06  1.82821429e-01  1.69204406e+09]
[-5.14613870e-05  1.90350716e-01  1.69204406e+09]
[-1.00779860e-04  1.93704372e-01  1.69204406e+09]
[-2.84617484e-03  2.01447371e-01  1.69204406e+09]
[-5.41073543e-03  2.04044810e-01  1.69204406e+09]
[-7.54786925e-03  2.04866785e-01  1.69204406e+09]
[-9.27401580e-03  2.03107760e-01  1.69204406e+09]
[-8.99454445e-03  1.99639027e-01  1.69204406e+09]
[-8.78083107e-03  1.96186734e-01  1.69204406e+09]
[-1.02932642e-02  1.94855136e-01  1.69204406e+09]
[-9.71788206e-03  1.96926511e-01  1.69204406e+09]
[-8.97810496e-03  2.03716021e-01  1.69204406e+09]
[-9.53704765e-03  2.21322714e-01  1.69204406e+09]
[-1.55374619e-02  2.51143948e-01  1.69204406e+09]
[-1.63429969e-02  2.94659275e-01  1.69204406e+09]
[-1.59813281e-02  3.06791618e-01  1.69204406e+09]
[-1.65895893e-02  3.05838127e-01  1.69204406e+09]
[-1.79705065e-02  3.01037797e-01  1.69204406e+09]
[-1.62114810e-02  2.92522141e-01  1.69204406e+09]
[-1.57018568e-02  2.87540976e-01  1.69204406e+09]
[-1.18385764e-02  2.81228213e-01  1.69204406e+09]
[-6.52862081e-03  2.71808385e-01  1.69204406e+09]
[-1.61321302e-03  1.76788137e-01  1.69204406e+09]
[-1.00779860e-04  3.21535011e-02  1.69204406e+09]
[-1.17219351e-04 -4.06269717e-03  1.69204406e+09]
[-7.01001329e-02 -4.37504750e-03  1.69204406e+09]
[-1.64725846e-01 -4.01337870e-03  1.69204406e+09]
[-1.92705860e-01 -3.93118124e-03  1.69204406e+09]
[-2.22395582e-01 -3.99693921e-03  1.69204406e+09]
[-2.36319832e-01 -4.04625768e-03  1.69204406e+09]
[-2.39558412e-01 -4.01337870e-03  1.69204406e+09]
[-2.47646642e-01 -4.07913666e-03  1.69204406e+09]
[-2.57378821e-01 -4.07913666e-03  1.69204406e+09]
[-2.58562465e-01 -4.01337870e-03  1.69204406e+09]
[-2.62705216e-01 -4.01337870e-03  1.69204406e+09]
[-2.59598153e-01 -4.07913666e-03  1.69204406e+09]
[-2.54140241e-01 -4.16133412e-03  1.69204406e+09]
[-2.48172706e-01 -4.24353157e-03  1.69204406e+09]
[-2.39459775e-01 -4.35860801e-03  1.69204406e+09]
[-2.33574437e-01 -4.30928953e-03  1.69204406e+09]
[-2.27113717e-01 -4.37504750e-03  1.69204406e+09]
[-2.21622926e-01 -4.39148699e-03  1.69204406e+09]
[-2.14849856e-01 -4.44080546e-03  1.69204406e+09]
[-2.10444072e-01 -4.49012394e-03  1.69204406e+09]
[-2.06284881e-01 -4.49012394e-03  1.69204406e+09]
[-2.03999791e-01 -4.45724495e-03  1.69204406e+09]
[-1.93379880e-01 -4.47368444e-03  1.69204406e+09]
[-1.69542617e-01 -4.45724495e-03  1.69204406e+09]
[-1.05740950e-01 -4.44080546e-03  1.69204406e+09]
[-4.76273484e-02 -4.42436597e-03  1.69204406e+09]
[-1.66389078e-02  9.40646225e-02  1.69204406e+09]
[-2.10639775e-03  1.22735094e-01  1.69204406e+09]
[-1.17219351e-04  1.40128074e-01  1.69204406e+09]
[-6.79008779e-05  1.60365086e-01  1.69204406e+09]
[-3.50218961e-05  1.70557570e-01  1.69204406e+09]
[-1.00779860e-04  1.69110895e-01  1.69204406e+09]
[-5.14613870e-05  1.58967730e-01  1.69204406e+09]
[-1.00779860e-04  1.19792425e-01  1.69204406e+09]
[-1.50098332e-04  4.83792784e-02  1.69204406e+09]
[-8.43403688e-05  1.02067809e-02  1.69204407e+09]
[-5.14613870e-05  6.19554515e-03  1.69204407e+09]
[-3.50218961e-05  5.68592093e-03  1.69204407e+09]
[-3.50218961e-05  5.53796552e-03  1.69204407e+09]
[-1.00779860e-04  5.37357061e-03  1.69204407e+09]
[-5.14613870e-05  5.27493366e-03  1.69204407e+09]
[-1.81184620e-02  5.15985723e-03  1.69204407e+09]
[-6.47244193e-02  5.11053875e-03  1.69204407e+09]
[-9.65512744e-02  5.02834130e-03  1.69204407e+09]
[-1.04475109e-01  4.97902283e-03  1.69204407e+09]
[-9.92144720e-02  4.92970435e-03  1.69204407e+09]
[-8.59806815e-02  4.88038588e-03  1.69204407e+09]
[-5.27893486e-02  4.83106741e-03  1.69204407e+09]
[-1.52579905e-02  4.79818843e-03  1.69204407e+09]
[-3.50218961e-05  4.79818843e-03  1.69204407e+09]
[-2.14291431e-06  4.78174894e-03  1.69204407e+09]
[-3.50218961e-05  4.73243046e-03  1.69204407e+09]
[-5.14613870e-05  4.68311199e-03  1.69204407e+09]
[-5.14613870e-05  4.69955148e-03  1.69204407e+09]
[-6.79008779e-05  4.71599097e-03  1.69204407e+09]
[-6.79008779e-05  4.68311199e-03  1.69204407e+09]
[-4.04104118e-02  4.45295912e-03  1.69204407e+09]
[-1.04968294e-01  4.46939861e-03  1.69204407e+09]
[-1.30844054e-01  4.46939861e-03  1.69204407e+09]
[-1.42466774e-01  4.51871708e-03  1.69204407e+09]
[-1.41217373e-01  4.46939861e-03  1.69204407e+09]
[-1.32586640e-01  4.53515657e-03  1.69204407e+09]
[-1.22887340e-01  4.53515657e-03  1.69204407e+09]
[-1.07401339e-01  4.50227759e-03  1.69204407e+09]
[-9.38387583e-02  4.55159606e-03  1.69204407e+09]
[-9.24414016e-02  4.53515657e-03  1.69204407e+09]
[-9.23427646e-02  4.51871708e-03  1.69204407e+09]
[-1.00052886e-01  4.45295912e-03  1.69204407e+09]
[-9.98227332e-02  4.45295912e-03  1.69204407e+09]
[-1.06776638e-01  4.55159606e-03  1.69204407e+09]
[-1.05477918e-01  4.43651963e-03  1.69204407e+09]
[-1.03044873e-01  4.45295912e-03  1.69204407e+09]
[-1.06776638e-01  4.42008014e-03  1.69204407e+09]
[-1.07483536e-01  4.43651963e-03  1.69204407e+09]
[-1.13401753e-01  4.46939861e-03  1.69204407e+09]
[-1.14338804e-01  4.53515657e-03  1.69204407e+09]
[-1.14979944e-01  4.46939861e-03  1.69204407e+09]
[-1.11544091e-01  4.38720115e-03  1.69204407e+09]
[-1.04984733e-01  4.48583810e-03  1.69204407e+09]
[-9.66827903e-02  4.42008014e-03  1.69204407e+09]
[-9.12577582e-02  4.40364065e-03  1.69204407e+09]
[-8.12954264e-02  4.40364065e-03  1.69204407e+09]
[-5.37757181e-02  4.40364065e-03  1.69204407e+09]
[-2.54340354e-02  4.42008014e-03  1.69204407e+09]
