HokinRight_Hand
Dev2/ai0 Dev2/ai1
[-1.51722208e-01  4.50227759e-03  1.69204407e+09]
[-1.55125183e-01  3.99265337e-03  1.69204407e+09]
[-1.63131215e-01  3.18711832e-03  1.69204407e+09]
[-1.69887846e-01  2.08567243e-03  1.69204407e+09]
[-1.80803668e-01  2.05279345e-03  1.69204407e+09]
[-1.89861828e-01  1.95415650e-03  1.69204407e+09]
[-1.91489338e-01  1.98703548e-03  1.69204407e+09]
[-1.93511396e-01  1.98703548e-03  1.69204407e+09]
[-1.88365835e-01  1.05355707e-02  1.69204407e+09]
[-1.42450335e-01  7.36138964e-02  1.69204407e+09]
[-5.94309031e-02  1.51323367e-01  1.69204407e+09]
[-1.35976019e-02  2.22818708e-01  1.69204407e+09]
[-1.17219351e-04  2.48234158e-01  1.69204407e+09]
[-8.43403688e-05  2.57210119e-01  1.69204407e+09]
[-2.14291431e-06  2.58328004e-01  1.69204407e+09]
[-1.85824052e-05  2.61056960e-01  1.69204407e+09]
[-6.79008779e-05  2.62010450e-01  1.69204407e+09]
[-3.50218961e-05  2.60218546e-01  1.69204407e+09]
[-1.17219351e-04  2.59560966e-01  1.69204407e+09]
[-1.17219351e-04  2.60728170e-01  1.69204407e+09]
[-5.14613870e-05  2.65101074e-01  1.69204407e+09]
[-6.79008779e-05  2.74734614e-01  1.69204407e+09]
[-3.50218961e-05  2.81113136e-01  1.69204407e+09]
[-1.85824052e-05  2.86866957e-01  1.69204407e+09]
[-1.17219351e-04  2.87836887e-01  1.69204407e+09]
[-5.14613870e-05  2.84647626e-01  1.69204407e+09]
[-5.14613870e-05  2.80241843e-01  1.69204407e+09]
[-8.43403688e-05  2.77775920e-01  1.69204407e+09]
[-8.43403688e-05  2.72827634e-01  1.69204407e+09]
[-5.14613870e-05  2.67073813e-01  1.69204407e+09]
[-5.14613870e-05  2.59495208e-01  1.69204407e+09]
[-5.14613870e-05  2.33981121e-01  1.69204407e+09]
[-3.50218961e-05  1.25431170e-01  1.69204407e+09]
[-3.77472143e-02  3.63620108e-02  1.69204407e+09]
[-9.27373124e-02  3.74606101e-03  1.69204407e+09]
[-1.35101882e-01  3.74606101e-03  1.69204407e+09]
[-1.48713781e-01  3.63098457e-03  1.69204407e+09]
[-1.59793998e-01  3.58166610e-03  1.69204407e+09]
[-1.65416304e-01  3.43371068e-03  1.69204407e+09]
[-1.75411515e-01  3.48302916e-03  1.69204407e+09]
[-1.83844974e-01  3.48302916e-03  1.69204407e+09]
[-1.88102803e-01  3.36795272e-03  1.69204407e+09]
[-1.94415568e-01  3.31863425e-03  1.69204407e+09]
[-1.96503383e-01  3.36795272e-03  1.69204407e+09]
[-1.96125275e-01  3.41727119e-03  1.69204407e+09]
[-1.96174593e-01  3.25287628e-03  1.69204407e+09]
[-1.97391116e-01  3.31863425e-03  1.69204407e+09]
[-1.97522631e-01  3.25287628e-03  1.69204407e+09]
[-1.95812924e-01  3.26931577e-03  1.69204407e+09]
[-1.98887109e-01  3.31863425e-03  1.69204407e+09]
[-2.01928415e-01  3.21999730e-03  1.69204407e+09]
[-2.03457288e-01  3.25287628e-03  1.69204407e+09]
[-2.09622097e-01  3.20355781e-03  1.69204407e+09]
[-2.14060760e-01  3.21999730e-03  1.69204407e+09]
[-2.18351468e-01  3.23643679e-03  1.69204407e+09]
[-2.13847047e-01  3.23643679e-03  1.69204407e+09]
[-1.98328167e-01  3.13779985e-03  1.69204407e+09]
[-1.51968800e-01  3.18711832e-03  1.69204407e+09]
[-6.33928205e-02  3.08848137e-03  1.69204407e+09]
[-8.40272278e-03  3.36795272e-03  1.69204407e+09]
[-3.50218961e-05  5.04013358e-02  1.69204407e+09]
[-1.00779860e-04  7.32357882e-02  1.69204407e+09]
[-6.79008779e-05  7.28576799e-02  1.69204407e+09]
[1.42965766e-05 5.86046416e-02 1.69204407e+09]
[-8.43403688e-05  1.13904243e-02  1.69204407e+09]
[-1.00779860e-04  3.95977439e-03  1.69204407e+09]
[-1.17219351e-04  3.72962152e-03  1.69204407e+09]
[-6.82424704e-02  9.65305461e-02  1.69204407e+09]
[-1.46379373e-01  1.39733526e-01  1.69204407e+09]
[-2.06268441e-01  1.84087270e-01  1.69204407e+09]
[-2.54830700e-01  2.36052496e-01  1.69204407e+09]
[-3.01699691e-01  2.66958736e-01  1.69204407e+09]
[-3.27789165e-01  2.90269932e-01  1.69204407e+09]
[-3.41335306e-01  3.17970470e-01  1.69204407e+09]
[-3.50360588e-01  3.31434411e-01  1.69204407e+09]
[-3.67391901e-01  3.32798889e-01  1.69204407e+09]
[-3.96013057e-01  3.33587984e-01  1.69204407e+09]
[-3.96407605e-01  3.30004176e-01  1.69204407e+09]
[-3.73474513e-01  3.18907521e-01  1.69204407e+09]
[-3.37554223e-01  2.95859358e-01  1.69204407e+09]
[-3.03754628e-01  2.91831683e-01  1.69204407e+09]
[-2.91951073e-01  2.93212600e-01  1.69204407e+09]
[-2.78766600e-01  2.94988065e-01  1.69204407e+09]
[-2.62557261e-01  2.97799217e-01  1.69204407e+09]
[-2.35399221e-01  2.93031766e-01  1.69204407e+09]
[-1.96075956e-01  2.83250270e-01  1.69204407e+09]
[-1.77877439e-01  2.74964767e-01  1.69204407e+09]
[-1.73652490e-01  2.72186494e-01  1.69204407e+09]
[-1.70167317e-01  2.73386576e-01  1.69204407e+09]
[-1.73882642e-01  2.77036143e-01  1.69204407e+09]
[-1.83664140e-01  2.80488436e-01  1.69204407e+09]
[-1.89122051e-01  2.82576251e-01  1.69204407e+09]
[-1.87346586e-01  2.85453161e-01  1.69204407e+09]
[-1.88316516e-01  2.86390212e-01  1.69204407e+09]
[-1.89171370e-01  2.85223008e-01  1.69204407e+09]
[-1.83368229e-01  2.82313219e-01  1.69204407e+09]
[-1.74523783e-01  2.78433499e-01  1.69204407e+09]
[-1.68983674e-01  2.76937506e-01  1.69204407e+09]
[-1.60648852e-01  2.78565015e-01  1.69204407e+09]
[-1.50259093e-01  2.78976003e-01  1.69204407e+09]
[-1.53267520e-01  2.78203347e-01  1.69204407e+09]
[-1.54204571e-01  2.76805990e-01  1.69204407e+09]
[-1.53415475e-01  2.78154028e-01  1.69204407e+09]
[-1.44587468e-01  2.82674888e-01  1.69204407e+09]
[-1.29578213e-01  2.85551798e-01  1.69204407e+09]
[-1.19895352e-01  2.87688932e-01  1.69204407e+09]
[-1.11149543e-01  2.87557416e-01  1.69204407e+09]
[-1.09653549e-01  2.87754690e-01  1.69204407e+09]
[-1.10327568e-01  2.86982034e-01  1.69204407e+09]
[-1.11741364e-01  2.85403843e-01  1.69204407e+09]
[-1.15210097e-01  2.84943537e-01  1.69204407e+09]
[-1.23101053e-01  2.86406652e-01  1.69204407e+09]
[-1.30104276e-01  2.86110741e-01  1.69204407e+09]
[-1.33441493e-01  2.84828461e-01  1.69204407e+09]
[-1.37370532e-01  2.83184512e-01  1.69204407e+09]
[-1.37354092e-01  2.81030939e-01  1.69204407e+09]
[-1.31715347e-01  2.79386990e-01  1.69204407e+09]
[-1.34822410e-01  2.80291162e-01  1.69204407e+09]
[-1.46560207e-01  2.81852913e-01  1.69204407e+09]
[-1.56062234e-01  2.84779142e-01  1.69204407e+09]
[-1.69789209e-01  2.89957581e-01  1.69204407e+09]
[-1.89697433e-01  2.93409874e-01  1.69204408e+09]
[-2.07994588e-01  2.96155269e-01  1.69204408e+09]
[-2.19781703e-01  2.98834905e-01  1.69204408e+09]
[-2.25173857e-01  2.99377408e-01  1.69204408e+09]
[-2.28297360e-01  2.97536186e-01  1.69204408e+09]
[-2.25913634e-01  2.94429122e-01  1.69204408e+09]
[-2.18532302e-01  2.88987651e-01  1.69204408e+09]
[-2.14307353e-01  2.84565429e-01  1.69204408e+09]
[-2.07567161e-01  2.80176085e-01  1.69204408e+09]
[-2.01829778e-01  2.78943124e-01  1.69204408e+09]
[-1.95960880e-01  2.80866544e-01  1.69204408e+09]
[-1.89270007e-01  2.80554194e-01  1.69204408e+09]
[-1.89187809e-01  2.78778729e-01  1.69204408e+09]
[-1.90338574e-01  2.77660844e-01  1.69204408e+09]
[-1.95155345e-01  2.77808799e-01  1.69204408e+09]
[-1.99709084e-01  2.79978811e-01  1.69204408e+09]
[-2.01747581e-01  2.81178894e-01  1.69204408e+09]
[-2.03342212e-01  2.81326850e-01  1.69204408e+09]
[-2.05610861e-01  2.80504875e-01  1.69204408e+09]
[-2.03555925e-01  2.79304792e-01  1.69204408e+09]
[-2.02964103e-01  2.74471583e-01  1.69204408e+09]
[-2.01566746e-01  2.71019290e-01  1.69204408e+09]
[-2.01731141e-01  2.70263073e-01  1.69204408e+09]
[-1.94842994e-01  2.71233003e-01  1.69204408e+09]
[-1.95237542e-01  2.75918258e-01  1.69204408e+09]
[-2.01418791e-01  2.82691327e-01  1.69204408e+09]
[-2.03605243e-01  2.93048205e-01  1.69204408e+09]
[-2.05430027e-01  3.05476459e-01  1.69204408e+09]
[-2.13468938e-01  3.18776005e-01  1.69204408e+09]
[-2.26209545e-01  3.21143291e-01  1.69204408e+09]
[-2.36155437e-01  3.18710247e-01  1.69204408e+09]
[-2.46742470e-01  3.14189388e-01  1.69204408e+09]
[-2.60124216e-01  3.09635649e-01  1.69204408e+09]
[-2.63921739e-01  3.04983274e-01  1.69204408e+09]
[-2.62853172e-01  2.99689759e-01  1.69204408e+09]
[-2.59121407e-01  2.95251097e-01  1.69204408e+09]
[-2.52644247e-01  2.92028957e-01  1.69204408e+09]
[-2.46956183e-01  2.90138416e-01  1.69204408e+09]
[-2.48797406e-01  2.91897441e-01  1.69204408e+09]
[-2.48698769e-01  2.92505702e-01  1.69204408e+09]
[-2.43355935e-01  2.92883810e-01  1.69204408e+09]
[-2.37059609e-01  2.91946759e-01  1.69204408e+09]
[-2.32045564e-01  2.91371377e-01  1.69204408e+09]
[-2.31700335e-01  2.91601530e-01  1.69204408e+09]
[-2.35234826e-01  2.93656466e-01  1.69204408e+09]
[-2.40429705e-01  2.94001695e-01  1.69204408e+09]
[-2.54995095e-01  2.94346925e-01  1.69204408e+09]
[-2.70809886e-01  2.93393434e-01  1.69204408e+09]
[-2.82350409e-01  2.92193352e-01  1.69204408e+09]
[-2.91260614e-01  2.90960390e-01  1.69204408e+09]
[-2.76662345e-01  2.84729824e-01  1.69204408e+09]
[-2.59499516e-01  2.78318423e-01  1.69204408e+09]
[-2.73489523e-01  2.79567824e-01  1.69204408e+09]
[-2.47087699e-01  2.66268278e-01  1.69204408e+09]
[-2.48600132e-01  2.62470756e-01  1.69204408e+09]
[-2.56491089e-01  2.63473564e-01  1.69204408e+09]
[-2.58693980e-01  2.60711730e-01  1.69204408e+09]
[-2.57378821e-01  2.54135935e-01  1.69204408e+09]
[-2.64053255e-01  2.28161542e-01  1.69204408e+09]
[-2.80065320e-01  2.23081739e-01  1.69204408e+09]
[-2.94729347e-01  2.29821930e-01  1.69204408e+09]
[-3.00121500e-01  2.36266210e-01  1.69204408e+09]
[-2.99759831e-01  2.43811935e-01  1.69204408e+09]
[-2.90537276e-01  2.49138330e-01  1.69204408e+09]
[-2.73505963e-01  2.52837215e-01  1.69204408e+09]
[-2.56014343e-01  2.50354852e-01  1.69204408e+09]
[-2.37026730e-01  2.45110655e-01  1.69204408e+09]
[-2.21310576e-01  2.36496363e-01  1.69204408e+09]
[-2.18203512e-01  2.35592191e-01  1.69204408e+09]
[-2.36977412e-01  2.40145929e-01  1.69204408e+09]
[-2.45394432e-01  2.38896528e-01  1.69204408e+09]
[-2.41087285e-01  2.35296280e-01  1.69204408e+09]
[-2.38243253e-01  2.33504376e-01  1.69204408e+09]
