HokinLeft_Hand
Dev2/ai0 Dev2/ai1
[-8.39586240e-02  3.79537948e-03  1.69204195e+09]
[-8.93014587e-02  4.96258334e-03  1.69204195e+09]
[-8.45997642e-02  5.15985723e-03  1.69204195e+09]
[-8.37777896e-02  5.09409926e-03  1.69204195e+09]
[-8.70163694e-02  5.27493366e-03  1.69204195e+09]
[-1.02485931e-01  4.83106741e-03  1.69204195e+09]
[-1.61142036e-01  5.14341774e-03  1.69204195e+09]
[-2.16888353e-01  5.57084450e-03  1.69204195e+09]
[-3.12319603e-01  5.43932857e-03  1.69204195e+09]
[-3.87201489e-01  4.55159606e-03  1.69204195e+09]
[-4.08309797e-01  3.69674254e-03  1.69204195e+09]
[-4.19817441e-01  3.21999730e-03  1.69204195e+09]
[-4.08293358e-01  3.23643679e-03  1.69204195e+09]
[-3.86034285e-01  3.48302916e-03  1.69204195e+09]
[-3.44672523e-01  3.23643679e-03  1.69204195e+09]
[-2.52726445e-01  3.05560239e-03  1.69204195e+09]
[-1.36219767e-01  3.12136036e-03  1.69204195e+09]
[-5.35620047e-02  3.05560239e-03  1.69204195e+09]
[-2.41874808e-03  3.07204188e-03  1.69204195e+09]
[-2.99413026e-03  1.89854690e-02  1.69204195e+09]
[-3.17496466e-03  7.48139793e-02  1.69204195e+09]
[-3.29004110e-03  1.54907176e-01  1.69204195e+09]
[-3.27360161e-03  1.84711971e-01  1.69204195e+09]
[-3.33935957e-03  2.11968644e-01  1.69204195e+09]
[-3.40511753e-03  2.25547663e-01  1.69204195e+09]
[-3.45443601e-03  2.31728911e-01  1.69204195e+09]
[-3.42155702e-03  2.45521642e-01  1.69204195e+09]
[-3.42155702e-03  2.51817967e-01  1.69204195e+09]
[-3.43799652e-03  2.52804336e-01  1.69204195e+09]
[-3.45443601e-03  2.47806731e-01  1.69204195e+09]
[-3.55307295e-03  2.40507598e-01  1.69204195e+09]
[-3.58595193e-03  2.37515611e-01  1.69204195e+09]
[-3.50375448e-03  2.30397312e-01  1.69204195e+09]
[-3.55307295e-03  2.25432586e-01  1.69204195e+09]
[-3.58595193e-03  2.14516765e-01  1.69204195e+09]
[-3.63527041e-03  1.64162608e-01  1.69204195e+09]
[-3.66814939e-03  8.25569793e-02  1.69204195e+09]
[-3.61883092e-03  3.15781190e-02  1.69204195e+09]
[-3.56951244e-03  1.14890612e-02  1.69204195e+09]
[-3.65170990e-03  5.88319482e-03  1.69204195e+09]
[-3.55307295e-03  5.71879992e-03  1.69204195e+09]
[-3.41305262e-02  5.58728399e-03  1.69204195e+09]
[-7.30756808e-02  5.62016297e-03  1.69204195e+09]
[-8.87096370e-02  5.53796552e-03  1.69204195e+09]
[-9.76691598e-02  5.55440501e-03  1.69204195e+09]
[-9.81459051e-02  5.50508653e-03  1.69204195e+09]
[-8.68026560e-02  5.57084450e-03  1.69204195e+09]
[-5.19838136e-02  5.55440501e-03  1.69204195e+09]
[-1.12960732e-02  3.61318579e-02  1.69204195e+09]
[-3.81610481e-03  9.30618136e-02  1.69204195e+09]
[-3.84898379e-03  1.09649259e-01  1.69204195e+09]
[-3.79966532e-03  1.11309648e-01  1.69204195e+09]
[-3.81610481e-03  1.08235463e-01  1.69204195e+09]
[-3.81610481e-03  9.49687945e-02  1.69204195e+09]
[-3.84898379e-03  7.92362022e-02  1.69204195e+09]
[-3.91474175e-03  7.14603232e-02  1.69204195e+09]
[-3.86542328e-03  7.75593742e-02  1.69204195e+09]
[-3.81610481e-03  8.31816799e-02  1.69204195e+09]
[-3.86542328e-03  8.24419028e-02  1.69204195e+09]
[-3.89830226e-03  6.10541257e-02  1.69204195e+09]
[-3.91474175e-03  1.27384625e-02  1.69204195e+09]
[-3.93118124e-03  6.70516937e-03  1.69204195e+09]
[-3.91474175e-03  6.32706108e-03  1.69204195e+09]
[-3.69909977e-02  6.24486362e-03  1.69204195e+09]
[-7.92733690e-02  6.09690821e-03  1.69204195e+09]
[-9.92637905e-02  6.14622668e-03  1.69204195e+09]
[-1.02009186e-01  5.98183177e-03  1.69204195e+09]
[-1.01647517e-01  6.03115024e-03  1.69204195e+09]
[-9.80143891e-02  5.96539228e-03  1.69204195e+09]
[-8.50107515e-02  5.89963432e-03  1.69204195e+09]
[-6.77821646e-02  5.88319482e-03  1.69204195e+09]
[-5.82801387e-02  5.86675533e-03  1.69204195e+09]
[-3.24865771e-02  5.86675533e-03  1.69204195e+09]
[-9.53704766e-03  5.80099737e-03  1.69204195e+09]
[-3.94762073e-03  5.71879992e-03  1.69204195e+09]
[-3.96406023e-03  5.86675533e-03  1.69204195e+09]
[-3.96406023e-03  1.30836918e-02  1.69204195e+09]
[-4.04625768e-03  8.46419489e-03  1.69204196e+09]
[-3.89830226e-03  5.91607381e-03  1.69204196e+09]
[-3.96406023e-03  5.81743686e-03  1.69204196e+09]
[-3.93118124e-03  5.88319482e-03  1.69204196e+09]
[-3.91474175e-03  6.75448784e-03  1.69204196e+09]
[-4.06269717e-03  1.68318957e-02  1.69204196e+09]
[-3.89830226e-03  1.61414371e-02  1.69204196e+09]
[-3.91474175e-03  2.08567243e-03  1.69204196e+09]
[-3.98049972e-03  7.70513158e-04  1.69204196e+09]
[-3.91474175e-03  6.55436722e-04  1.69204196e+09]
[-1.03590222e-02  6.55436722e-04  1.69204196e+09]
[-1.63758759e-02  5.73239267e-04  1.69204196e+09]
[-2.28037169e-02  5.56799776e-04  1.69204196e+09]
[-2.76369272e-02  6.06118249e-04  1.69204196e+09]
[-3.31934752e-02  6.06118249e-04  1.69204196e+09]
[-3.60539467e-02  6.38997231e-04  1.69204196e+09]
[-3.46237110e-02  6.55436722e-04  1.69204196e+09]
[-3.18947554e-02  6.71876213e-04  1.69204196e+09]
[-2.71930610e-02  6.06118249e-04  1.69204196e+09]
[-2.39544813e-02  6.22557740e-04  1.69204196e+09]
[-2.37572074e-02  5.89678758e-04  1.69204196e+09]
[-3.58402333e-02  6.71876213e-04  1.69204196e+09]
[-3.41798447e-02  6.38997231e-04  1.69204196e+09]
