HokinLeft_Hand
Dev2/ai0 Dev2/ai1
[-5.00603931e-02  3.10207413e-04  1.69204196e+09]
[-4.77917433e-02  3.75965377e-04  1.69204196e+09]
[-4.05748067e-02  2.93767922e-04  1.69204196e+09]
[-1.16577420e-02  2.44449449e-04  1.69204196e+09]
[-4.07913666e-03  3.10207413e-04  1.69204196e+09]
[-3.98049972e-03  2.77328431e-04  1.69204196e+09]
[-2.27379589e-02  3.43086395e-04  1.69204196e+09]
[-3.37524179e-02  3.92404867e-04  1.69204196e+09]
[-6.34778641e-03  7.87923359e-02  1.69204196e+09]
[-3.94762073e-03  1.80848691e-01  1.69204196e+09]
[-3.88186277e-03  2.36660758e-01  1.69204196e+09]
[-3.96406023e-03  2.36940229e-01  1.69204196e+09]
[-3.91474175e-03  2.42809127e-01  1.69204196e+09]
[-3.88186277e-03  2.60119909e-01  1.69204196e+09]
[-3.89830226e-03  2.71726188e-01  1.69204196e+09]
[-3.93118124e-03  2.84828461e-01  1.69204196e+09]
[-3.91474175e-03  2.79386990e-01  1.69204196e+09]
[-4.01337870e-03  2.73961958e-01  1.69204196e+09]
[-3.94762073e-03  2.68421851e-01  1.69204196e+09]
[-3.84898379e-03  2.64081826e-01  1.69204196e+09]
[-3.93118124e-03  2.56338826e-01  1.69204196e+09]
[-3.99693921e-03  2.41329573e-01  1.69204196e+09]
[-3.98049972e-03  2.18264969e-01  1.69204196e+09]
[-3.94762073e-03  1.87884792e-01  1.69204196e+09]
[-3.96406023e-03  9.35878773e-02  1.69204196e+09]
[-3.94762073e-03  2.74518068e-02  1.69204196e+09]
[-3.99693921e-03  8.02032864e-03  1.69204196e+09]
[-1.94993792e-02  7.39562799e-03  1.69204196e+09]
[-5.61265654e-02  7.19835409e-03  1.69204196e+09]
[-9.73403700e-02  7.06683817e-03  1.69204196e+09]
[-1.19829594e-01  7.00108020e-03  1.69204196e+09]
[-1.35266277e-01  6.86956428e-03  1.69204196e+09]
[-1.37600685e-01  6.80380631e-03  1.69204196e+09]
[-1.39820016e-01  6.78736682e-03  1.69204196e+09]
[-1.40954341e-01  6.70516937e-03  1.69204196e+09]
[-1.40231003e-01  6.73804835e-03  1.69204196e+09]
[-1.41463965e-01  6.70516937e-03  1.69204196e+09]
[-1.41480405e-01  6.72160886e-03  1.69204196e+09]
[-1.40839264e-01  6.63941141e-03  1.69204196e+09]
[-1.43091475e-01  6.73804835e-03  1.69204196e+09]
[-1.47415061e-01  6.68872988e-03  1.69204196e+09]
[-1.49206966e-01  6.59009293e-03  1.69204196e+09]
[-1.54895030e-01  6.59009293e-03  1.69204196e+09]
[-1.55421093e-01  6.55721395e-03  1.69204196e+09]
[-1.55996476e-01  6.52433497e-03  1.69204196e+09]
[-1.56686934e-01  6.55721395e-03  1.69204196e+09]
[-1.55832081e-01  6.44213751e-03  1.69204196e+09]
[-1.54829272e-01  6.47501650e-03  1.69204196e+09]
[-1.54845711e-01  6.42569802e-03  1.69204196e+09]
[-1.53218201e-01  6.47501650e-03  1.69204196e+09]
[-1.52215393e-01  6.54077446e-03  1.69204196e+09]
[-1.50965991e-01  6.40925853e-03  1.69204196e+09]
[-1.50193335e-01  6.37637955e-03  1.69204196e+09]
[-1.48960373e-01  6.37637955e-03  1.69204196e+09]
[-1.45869749e-01  6.42569802e-03  1.69204196e+09]
[-1.42088666e-01  6.31062159e-03  1.69204196e+09]
[-1.23676435e-01  6.35994006e-03  1.69204196e+09]
[-6.03843936e-02  6.35994006e-03  1.69204196e+09]
[-7.95885652e-03  1.71771250e-02  1.69204196e+09]
[-2.82973535e-03  4.67024504e-02  1.69204196e+09]
[-3.15852517e-03  6.08075333e-02  1.69204196e+09]
[-3.27360161e-03  6.64462786e-02  1.69204196e+09]
[-3.35579906e-03  6.74655270e-02  1.69204196e+09]
[-3.30648059e-03  7.27919219e-02  1.69204196e+09]
[-3.40511753e-03  8.13733359e-02  1.69204196e+09]
[-3.47087550e-03  8.83272404e-02  1.69204196e+09]
[-3.43799652e-03  9.45413678e-02  1.69204196e+09]
[-3.43799652e-03  9.52318263e-02  1.69204196e+09]
[-3.45443601e-03  9.42947754e-02  1.69204196e+09]
[-3.45443601e-03  9.24206735e-02  1.69204196e+09]
[-3.47087550e-03  8.29844060e-02  1.69204196e+09]
[-3.52019397e-03  6.32734569e-02  1.69204196e+09]
[-3.48731499e-03  3.82361127e-02  1.69204196e+09]
[-3.50375448e-03  1.46947619e-02  1.69204196e+09]
[-3.58595193e-03  7.51070442e-03  1.69204196e+09]
[-3.60239143e-03  7.13259613e-03  1.69204196e+09]
[-3.60239143e-03  7.05039868e-03  1.69204196e+09]
[-3.47087550e-03  6.98464071e-03  1.69204196e+09]
[-3.55307295e-03  6.93532224e-03  1.69204196e+09]
[-6.41354438e-03  6.83668530e-03  1.69204196e+09]
[-3.12371758e-02  6.75448784e-03  1.69204196e+09]
[-4.89589472e-02  6.82024580e-03  1.69204196e+09]
[-6.05487885e-02  6.72160886e-03  1.69204196e+09]
[-6.49381326e-02  6.70516937e-03  1.69204196e+09]
[-5.91514317e-02  6.65585090e-03  1.69204196e+09]
[-3.75499404e-02  6.60653242e-03  1.69204196e+09]
[-9.12606038e-03  6.70516937e-03  1.69204196e+09]
[-2.18859521e-03  6.54077446e-03  1.69204196e+09]
[-2.23791368e-03  6.54077446e-03  1.69204196e+09]
[-2.10639775e-03  2.30953417e-02  1.69204196e+09]
[-2.13927673e-03  3.20219852e-02  1.69204196e+09]
[-2.23791368e-03  3.16274374e-02  1.69204196e+09]
[-2.22147419e-03  2.56270233e-02  1.69204196e+09]
[-2.20503470e-03  1.77689467e-02  1.69204196e+09]
[-2.20503470e-03  1.16534561e-02  1.69204196e+09]
[-2.25435317e-03  6.49145599e-03  1.69204196e+09]
[-2.33655062e-03  6.40925853e-03  1.69204196e+09]
[-2.27079266e-03  6.37637955e-03  1.69204196e+09]
[-2.30367164e-03  6.34350057e-03  1.69204196e+09]
[-2.25435317e-03  6.32706108e-03  1.69204196e+09]
[-2.27079266e-03  6.37637955e-03  1.69204196e+09]
[-2.36942961e-03  6.44213751e-03  1.69204196e+09]
[-2.28723215e-03  6.34350057e-03  1.69204196e+09]
[-2.30367164e-03  6.40925853e-03  1.69204196e+09]
[-2.30367164e-03  6.44213751e-03  1.69204196e+09]
[-2.33655062e-03  6.39281904e-03  1.69204196e+09]
[-2.46806655e-03  6.40925853e-03  1.69204196e+09]
[-2.35299011e-03  6.37637955e-03  1.69204196e+09]
[-2.32011113e-03  6.42569802e-03  1.69204196e+09]
[-2.35299011e-03  6.45857701e-03  1.69204196e+09]
[-2.35299011e-03  6.39281904e-03  1.69204196e+09]
[-2.33655062e-03  6.44213751e-03  1.69204196e+09]
[-2.40230859e-03  6.32706108e-03  1.69204196e+09]
[-2.28723215e-03  6.39281904e-03  1.69204196e+09]
[-2.36942961e-03  6.35994006e-03  1.69204196e+09]
