HokinLeft_Hand
Dev2/ai0 Dev2/ai1
[-3.82075200e-02  2.74325207e-03  1.69204203e+09]
[-4.16762526e-02  2.43090174e-03  1.69204203e+09]
[-4.51121063e-02  2.39802276e-03  1.69204203e+09]
[-4.76273484e-02  2.38158327e-03  1.69204203e+09]
[-4.63450681e-02  2.36514378e-03  1.69204203e+09]
[-4.74300745e-02  2.36514378e-03  1.69204203e+09]
[-7.36839420e-02  2.38158327e-03  1.69204203e+09]
[-1.65958807e-01  2.67749410e-03  1.69204203e+09]
[-3.09787921e-01  2.79257054e-03  1.69204203e+09]
[-3.83486164e-01  2.48022021e-03  1.69204203e+09]
[-4.21921696e-01  2.44734123e-03  1.69204203e+09]
[-4.14458167e-01  2.33226479e-03  1.69204203e+09]
[-4.04594472e-01  2.43090174e-03  1.69204203e+09]
[-4.02638172e-01  2.41446225e-03  1.69204203e+09]
[-4.03312191e-01  2.48022021e-03  1.69204203e+09]
[-3.87711113e-01  2.44734123e-03  1.69204203e+09]
[-3.52596358e-01  2.43090174e-03  1.69204203e+09]
[-2.54962216e-01  2.48022021e-03  1.69204203e+09]
[-1.19073378e-01  2.43090174e-03  1.69204203e+09]
[-1.77567931e-02  2.46378072e-03  1.69204203e+09]
[-2.45162706e-03  5.30316543e-02  1.69204203e+09]
[-3.04344873e-03  1.28768386e-01  1.69204203e+09]
[-3.14208568e-03  1.68321799e-01  1.69204203e+09]
[-3.24072262e-03  2.29591777e-01  1.69204203e+09]
[-3.29004110e-03  2.56141552e-01  1.69204203e+09]
[-3.35579906e-03  2.98391039e-01  1.69204203e+09]
[-3.35579906e-03  3.14929165e-01  1.69204203e+09]
[-3.45443601e-03  3.33226315e-01  1.69204203e+09]
[-3.33935957e-03  3.37960888e-01  1.69204203e+09]
[-3.43799652e-03  3.43780467e-01  1.69204203e+09]
[-3.58595193e-03  3.35692239e-01  1.69204203e+09]
[-3.40511753e-03  3.21504960e-01  1.69204203e+09]
[-3.56951244e-03  2.76674474e-01  1.69204203e+09]
[-3.56951244e-03  1.96071658e-01  1.69204203e+09]
[-3.55307295e-03  1.29179374e-01  1.69204203e+09]
[-3.50375448e-03  1.21600769e-01  1.69204203e+09]
[-3.55307295e-03  9.33412850e-02  1.69204203e+09]
[-3.65170990e-03  5.99362403e-02  1.69204203e+09]
[-3.52019397e-03  2.08595710e-02  1.69204203e+09]
[-3.50375448e-03  7.37918849e-03  1.69204203e+09]
[-3.55307295e-03  6.70516937e-03  1.69204203e+09]
[-6.38531262e-02  6.62297191e-03  1.69204203e+09]
[-1.10656358e-01  6.60653242e-03  1.69204203e+09]
[-1.45672475e-01  6.49145599e-03  1.69204203e+09]
[-1.60665291e-01  6.39281904e-03  1.69204203e+09]
[-1.68786400e-01  6.42569802e-03  1.69204203e+09]
[-1.69263145e-01  6.31062159e-03  1.69204203e+09]
[-1.67569878e-01  6.24486362e-03  1.69204203e+09]
[-1.64413495e-01  6.26130311e-03  1.69204203e+09]
[-1.56538979e-01  6.22842413e-03  1.69204203e+09]
[-1.42844882e-01  6.11334770e-03  1.69204203e+09]
[-1.26257435e-01  6.09690821e-03  1.69204203e+09]
[-1.05790269e-01  6.14622668e-03  1.69204203e+09]
[-1.00694026e-01  6.16266617e-03  1.69204203e+09]
[-1.00907740e-01  6.08046872e-03  1.69204203e+09]
[-7.43415216e-02  5.99827126e-03  1.69204203e+09]
[-5.08330492e-02  6.04758973e-03  1.69204203e+09]
[-5.50908774e-02  6.04758973e-03  1.69204203e+09]
[-7.93720060e-02  6.04758973e-03  1.69204203e+09]
[-9.00247963e-02  6.01471075e-03  1.69204203e+09]
[-6.96562666e-02  5.99827126e-03  1.69204203e+09]
[-1.59813281e-02  5.91607381e-03  1.69204203e+09]
[-4.55588190e-03  6.01471075e-03  1.69204203e+09]
[-2.03542327e-02  5.93251330e-03  1.69204203e+09]
[-6.33106230e-02  5.99827126e-03  1.69204203e+09]
[-9.27208729e-02  5.91607381e-03  1.69204203e+09]
[-1.15111460e-01  5.96539228e-03  1.69204203e+09]
[-1.16229346e-01  5.94895279e-03  1.69204203e+09]
[-1.24416212e-01  5.99827126e-03  1.69204203e+09]
[-1.25632735e-01  5.93251330e-03  1.69204203e+09]
[-1.35282716e-01  5.91607381e-03  1.69204203e+09]
[-1.41069417e-01  5.85031584e-03  1.69204203e+09]
[-1.44636787e-01  5.86675533e-03  1.69204203e+09]
[-1.42696927e-01  5.83387635e-03  1.69204203e+09]
[-1.35085442e-01  5.85031584e-03  1.69204203e+09]
[-1.18728148e-01  5.78455788e-03  1.69204203e+09]
[-1.13697664e-01  5.75167890e-03  1.69204203e+09]
[-1.06497167e-01  5.76811839e-03  1.69204203e+09]
[-9.34277710e-02  5.76811839e-03  1.69204203e+09]
[-6.24393300e-02  5.81743686e-03  1.69204203e+09]
[-2.04857487e-02  5.66948144e-03  1.69204203e+09]
[-4.99974815e-03  5.71879992e-03  1.69204203e+09]
[-4.45724495e-03  1.92320614e-02  1.69204203e+09]
[-4.49012394e-03  3.19562272e-02  1.69204203e+09]
[-4.47368444e-03  3.79730808e-02  1.69204203e+09]
[-4.47368444e-03  4.47461510e-02  1.69204203e+09]
[-4.44080546e-03  6.89450811e-02  1.69204204e+09]
[-4.52300292e-03  8.77682977e-02  1.69204204e+09]
[-4.57232139e-03  9.62346353e-02  1.69204204e+09]
[-4.52300292e-03  9.87991958e-02  1.69204204e+09]
[-4.53944241e-03  9.05958901e-02  1.69204204e+09]
[-4.52300292e-03  8.27213742e-02  1.69204204e+09]
[-4.47368444e-03  7.60798200e-02  1.69204204e+09]
[-4.58876088e-03  4.57653994e-02  1.69204204e+09]
[-4.47368444e-03  2.94052596e-03  1.69204204e+09]
[-4.47368444e-03  2.80901003e-03  1.69204204e+09]
[-4.42436597e-03  2.90764697e-03  1.69204204e+09]
[-4.40792648e-03  3.00628392e-03  1.69204204e+09]
[-4.08707176e-02  2.98984443e-03  1.69204204e+09]
[-8.36791527e-02  3.08848137e-03  1.69204204e+09]
[-1.08946651e-01  2.97340494e-03  1.69204204e+09]
[-1.20257021e-01  3.05560239e-03  1.69204204e+09]
[-1.26356072e-01  3.12136036e-03  1.69204204e+09]
[-1.27736990e-01  3.17067883e-03  1.69204204e+09]
[-1.30104276e-01  3.13779985e-03  1.69204204e+09]
[-1.30334429e-01  3.05560239e-03  1.69204204e+09]
[-1.27260244e-01  3.05560239e-03  1.69204204e+09]
[-1.22065365e-01  3.07204188e-03  1.69204204e+09]
[-1.17676021e-01  3.10492087e-03  1.69204204e+09]
[-1.07023230e-01  3.10492087e-03  1.69204204e+09]
[-9.63868795e-02  3.05560239e-03  1.69204204e+09]
[-7.49497828e-02  3.08848137e-03  1.69204204e+09]
[-3.70238767e-02  3.08848137e-03  1.69204204e+09]
[-1.14275891e-02  3.12136036e-03  1.69204204e+09]
[-5.06550612e-03  3.12136036e-03  1.69204204e+09]
[-4.81891375e-03  3.03916290e-03  1.69204204e+09]
[-4.78603477e-03  3.13779985e-03  1.69204204e+09]
[-4.73671630e-03  3.56522661e-03  1.69204204e+09]
[-4.76959528e-03  1.42809279e-03  1.69204204e+09]
[-4.63807935e-03  1.42809279e-03  1.69204204e+09]
[-4.62163986e-03  3.29919152e-02  1.69204204e+09]
[-4.53944241e-03  7.45673869e-02  1.69204204e+09]
[-4.65451884e-03  9.17137754e-02  1.69204204e+09]
[-4.67095834e-03  9.29631767e-02  1.69204204e+09]
[-4.63807935e-03  8.81299665e-02  1.69204204e+09]
[-4.70383732e-03  6.36186862e-02  1.69204204e+09]
[-4.70383732e-03  1.78675836e-02  1.69204204e+09]
[-4.75315579e-03  2.89120748e-03  1.69204204e+09]
[-4.65451884e-03  2.23362785e-03  1.69204204e+09]
[-4.68739783e-03  2.13499090e-03  1.69204204e+09]
[-4.70383732e-03  2.11855141e-03  1.69204204e+09]
[-4.60520037e-03  2.01991447e-03  1.69204204e+09]
[-4.68739783e-03  2.06923294e-03  1.69204204e+09]
[-4.70383732e-03  2.01991447e-03  1.69204204e+09]
[-4.70383732e-03  2.01991447e-03  1.69204204e+09]
[-4.78603477e-03  2.03635396e-03  1.69204204e+09]
[-4.78603477e-03  2.05279345e-03  1.69204204e+09]
