HokinLeft_Hand
Dev2/ai0 Dev2/ai1
[-1.02275063e-02  1.92127752e-03  1.69204204e+09]
[-1.01124298e-02  1.97059599e-03  1.69204204e+09]
[-1.01617483e-02  1.72400363e-03  1.69204204e+09]
[-1.00959903e-02  1.59248770e-03  1.69204204e+09]
[-9.99735340e-03  1.34589534e-03  1.69204204e+09]
[-1.08028885e-02  1.03354501e-03  1.69204204e+09]
[-1.46661688e-02  1.14862145e-03  1.69204204e+09]
[-1.85458887e-02  1.16506094e-03  1.69204204e+09]
[-4.79890172e-02  2.06923294e-03  1.69204204e+09]
[-1.41644799e-01  3.77893999e-03  1.69204204e+09]
[-2.70119427e-01  1.87195905e-03  1.69204204e+09]
[-3.13338852e-01  5.56799776e-04  1.69204204e+09]
[-3.51609989e-01  5.40360286e-04  1.69204204e+09]
[-4.02210745e-01  4.91041813e-04  1.69204204e+09]
[-4.37424137e-01  5.40360286e-04  1.69204204e+09]
[-4.69546905e-01  4.74602322e-04  1.69204204e+09]
[-4.71404568e-01  4.91041813e-04  1.69204204e+09]
[-4.62297089e-01  3.75965377e-04  1.69204204e+09]
[-4.37604972e-01  4.25283849e-04  1.69204204e+09]
[-3.77189839e-01  4.08844358e-04  1.69204204e+09]
[-2.26965761e-01  3.26646904e-04  1.69204204e+09]
[-8.28407386e-02  4.08844358e-04  1.69204204e+09]
[-6.82453165e-03  4.25283849e-04  1.69204204e+09]
[-4.40792648e-03  1.92649403e-02  1.69204204e+09]
[-4.55588190e-03  1.04585896e-01  1.69204204e+09]
[-4.49012394e-03  2.35822344e-01  1.69204204e+09]
[-4.57232139e-03  2.81622760e-01  1.69204204e+09]
[-4.60520037e-03  2.82822843e-01  1.69204204e+09]
[-4.55588190e-03  2.90598721e-01  1.69204204e+09]
[-4.62163986e-03  2.94051014e-01  1.69204204e+09]
[-4.68739783e-03  2.87886206e-01  1.69204204e+09]
[-4.78603477e-03  2.86423091e-01  1.69204204e+09]
[-4.72027681e-03  2.88280753e-01  1.69204204e+09]
[-4.73671630e-03  2.88395830e-01  1.69204204e+09]
[-4.76959528e-03  2.94412683e-01  1.69204204e+09]
[-4.81891375e-03  3.22688603e-01  1.69204204e+09]
[-6.32941835e-02  3.52131727e-01  1.69204204e+09]
[-1.40033729e-01  3.68883566e-01  1.69204204e+09]
[-2.09145352e-01  3.66417642e-01  1.69204204e+09]
[-2.55455401e-01  3.65924458e-01  1.69204204e+09]
[-2.89172798e-01  3.65266878e-01  1.69204204e+09]
[-3.22758680e-01  3.71563202e-01  1.69204204e+09]
[-3.84505413e-01  3.96419708e-01  1.69204204e+09]
[-4.52038846e-01  4.47069769e-01  1.69204204e+09]
[-5.09264718e-01  4.96043001e-01  1.69204204e+09]
[-5.63531481e-01  5.21162537e-01  1.69204204e+09]
[-5.90475808e-01  5.34215489e-01  1.69204204e+09]
[-5.95736445e-01  5.48715116e-01  1.69204204e+09]
[-6.04021949e-01  5.48287689e-01  1.69204204e+09]
[-6.56957098e-01  5.39821354e-01  1.69204204e+09]
[-7.21975300e-01  5.22674970e-01  1.69204204e+09]
[-7.34189835e-01  5.09523380e-01  1.69204204e+09]
[-6.21135445e-01  4.97374600e-01  1.69204204e+09]
[-6.22730082e-01  4.87642423e-01  1.69204204e+09]
[-5.88322225e-01  4.83779144e-01  1.69204204e+09]
[-7.81502693e-01  4.84633997e-01  1.69204204e+09]
[-7.00603961e-01  4.83614749e-01  1.69204204e+09]
[-6.23469863e-01  4.85603927e-01  1.69204204e+09]
[-6.38035253e-01  4.83779144e-01  1.69204204e+09]
[-6.41224514e-01  4.84601118e-01  1.69204204e+09]
[-6.64650792e-01  4.85686125e-01  1.69204204e+09]
[-6.31147110e-01  4.87264315e-01  1.69204204e+09]
[-5.89505877e-01  4.88004092e-01  1.69204204e+09]
[-5.95752884e-01  4.92705785e-01  1.69204204e+09]
[-5.49557912e-01  4.92409875e-01  1.69204204e+09]
[-5.90278534e-01  4.89779557e-01  1.69204204e+09]
[-5.63465723e-01  4.87461589e-01  1.69204204e+09]
[-5.55163779e-01  4.85916277e-01  1.69204204e+09]
[-5.15544604e-01  4.83861341e-01  1.69204204e+09]
[-5.05286361e-01  4.81066629e-01  1.69204204e+09]
[-4.96803583e-01  4.78929495e-01  1.69204204e+09]
[-4.75876109e-01  4.76151222e-01  1.69204204e+09]
[-4.73854052e-01  4.74227802e-01  1.69204204e+09]
[-4.68774249e-01  4.70742631e-01  1.69204204e+09]
[-4.60242152e-01  4.67356097e-01  1.69204204e+09]
[-4.40547641e-01  4.62194098e-01  1.69204204e+09]
[-4.25357550e-01  4.49848043e-01  1.69204204e+09]
[-4.07931689e-01  4.40461095e-01  1.69204204e+09]
[-4.01602484e-01  4.37074561e-01  1.69204204e+09]
[-4.09246848e-01  4.39803516e-01  1.69204204e+09]
[-3.92971751e-01  4.42335197e-01  1.69204204e+09]
[-3.80872285e-01  4.42105044e-01  1.69204204e+09]
[-3.71057908e-01  4.43222929e-01  1.69204204e+09]
[-3.63906729e-01  4.42877700e-01  1.69204204e+09]
[-3.62197022e-01  4.42927018e-01  1.69204204e+09]
[-3.58974881e-01  4.41217312e-01  1.69204204e+09]
[-3.59796856e-01  4.39655560e-01  1.69204204e+09]
[-3.64778022e-01  4.36795090e-01  1.69204204e+09]
[-3.69775628e-01  4.36334784e-01  1.69204204e+09]
[-3.69167366e-01  4.37814338e-01  1.69204204e+09]
[-3.68509787e-01  4.39672000e-01  1.69204204e+09]
[-3.67506978e-01  4.40773446e-01  1.69204204e+09]
[-3.65287646e-01  4.41644738e-01  1.69204204e+09]
[-3.64038245e-01  4.40378898e-01  1.69204204e+09]
[-3.61638079e-01  4.39491166e-01  1.69204204e+09]
[-3.57824117e-01  4.38291083e-01  1.69204204e+09]
[-3.51823702e-01  4.37008803e-01  1.69204204e+09]
[-3.51873021e-01  4.37748580e-01  1.69204204e+09]
[-3.51922339e-01  4.37534867e-01  1.69204204e+09]
[-3.51445594e-01  4.37386911e-01  1.69204204e+09]
[-3.50146874e-01  4.38965102e-01  1.69204204e+09]
[-3.50903091e-01  4.39672000e-01  1.69204204e+09]
[-3.50327709e-01  4.40658369e-01  1.69204204e+09]
[-3.48404288e-01  4.40477535e-01  1.69204204e+09]
[-3.43932746e-01  4.39556924e-01  1.69204204e+09]
[-3.41877810e-01  4.38274644e-01  1.69204204e+09]
[-3.38540593e-01  4.37156758e-01  1.69204204e+09]
[-3.36617172e-01  4.36910166e-01  1.69204204e+09]
[-3.34989663e-01  4.36466300e-01  1.69204204e+09]
[-3.31356535e-01  4.34625077e-01  1.69204204e+09]
[-3.26358929e-01  4.33392116e-01  1.69204204e+09]
[-3.20950336e-01  4.33211281e-01  1.69204204e+09]
[-3.16380158e-01  4.33589390e-01  1.69204204e+09]
[-3.14095068e-01  4.32307110e-01  1.69204204e+09]
[-3.12631953e-01  4.31402938e-01  1.69204204e+09]
[-3.08127533e-01  4.29265804e-01  1.69204204e+09]
[-3.05382137e-01  4.28509588e-01  1.69204204e+09]
[-3.02949093e-01  4.25616238e-01  1.69204204e+09]
[-3.00400971e-01  4.19204838e-01  1.69204204e+09]
[-3.01107870e-01  4.13829126e-01  1.69204205e+09]
[-3.04017660e-01  4.14141476e-01  1.69204205e+09]
