HokinLeft_Hand
Dev2/ai0 Dev2/ai1
[-7.92898085e-02  3.44879088e-02  1.69204205e+09]
[-7.84842734e-02  5.08616415e-02  1.69204205e+09]
[-7.43086427e-02  5.96896480e-02  1.69204205e+09]
[-6.90644449e-02  5.31138517e-02  1.69204205e+09]
[-6.97055851e-02  3.32713865e-02  1.69204205e+09]
[-8.03748149e-02  3.46194247e-02  1.69204205e+09]
[-1.40477596e-01  3.59017050e-02  1.69204205e+09]
[-1.81181777e-01  4.59955523e-02  1.69204205e+09]
[-2.28132965e-01  4.01759726e-02  1.69204205e+09]
[-2.66321905e-01  2.33419341e-02  1.69204205e+09]
[-2.97392544e-01  5.45576806e-03  1.69204205e+09]
[-3.12483998e-01  5.34069163e-03  1.69204205e+09]
[-3.23827247e-01  5.32425214e-03  1.69204205e+09]
[-3.18846081e-01  5.24205468e-03  1.69204205e+09]
[-2.82975110e-01  5.27493366e-03  1.69204205e+09]
[-2.05232753e-01  5.35713112e-03  1.69204205e+09]
[-1.24745002e-01  2.49036857e-02  1.69204205e+09]
[-7.14974896e-02  5.79306225e-02  1.69204205e+09]
[-3.72211505e-02  6.75148455e-02  1.69204205e+09]
[-4.57232139e-03  7.27919219e-02  1.69204205e+09]
[-4.34216852e-03  8.68148073e-02  1.69204205e+09]
[-4.27641055e-03  1.05457189e-01  1.69204205e+09]
[-4.40792648e-03  1.23458431e-01  1.69204205e+09]
[-4.27641055e-03  1.43415972e-01  1.69204205e+09]
[-4.40792648e-03  1.53723532e-01  1.69204205e+09]
[-4.44080546e-03  1.61663806e-01  1.69204205e+09]
[-4.40792648e-03  1.68979379e-01  1.69204205e+09]
[-4.42436597e-03  1.65477768e-01  1.69204205e+09]
[-4.37504750e-03  1.60052736e-01  1.69204205e+09]
[-4.49012394e-03  1.57340220e-01  1.69204205e+09]
[-4.45724495e-03  1.60956908e-01  1.69204205e+09]
[-4.37504750e-03  1.68453315e-01  1.69204205e+09]
[-4.49012394e-03  1.78596480e-01  1.69204205e+09]
[-4.45724495e-03  1.98208792e-01  1.69204205e+09]
[-4.44080546e-03  2.04537995e-01  1.69204205e+09]
[-4.50656343e-03  2.04488677e-01  1.69204205e+09]
[-4.55588190e-03  1.99162282e-01  1.69204205e+09]
[-4.52300292e-03  1.89561620e-01  1.69204205e+09]
[-4.60520037e-03  1.82772111e-01  1.69204205e+09]
[-4.60520037e-03  1.67006640e-01  1.69204205e+09]
[-4.60520037e-03  1.19134845e-01  1.69204205e+09]
[-4.55588190e-03  5.16178581e-02  1.69204205e+09]
[-4.60520037e-03  9.36836689e-03  1.69204205e+09]
[-4.58876088e-03  6.21198464e-03  1.69204205e+09]
[-4.31886858e-02  6.03115024e-03  1.69204205e+09]
[-1.02403733e-01  6.04758973e-03  1.69204205e+09]
[-1.41957150e-01  6.04758973e-03  1.69204205e+09]
[-1.58774750e-01  6.04758973e-03  1.69204205e+09]
[-1.71959222e-01  5.99827126e-03  1.69204205e+09]
[-1.76019776e-01  5.98183177e-03  1.69204205e+09]
[-1.78732292e-01  5.99827126e-03  1.69204205e+09]
[-1.74967649e-01  5.98183177e-03  1.69204205e+09]
[-1.74079916e-01  6.01471075e-03  1.69204205e+09]
[-1.69822088e-01  5.94895279e-03  1.69204205e+09]
[-1.56308826e-01  5.96539228e-03  1.69204205e+09]
[-1.43453144e-01  6.01471075e-03  1.69204205e+09]
[-1.05954663e-01  5.98183177e-03  1.69204205e+09]
[-5.23948009e-02  5.96539228e-03  1.69204205e+09]
[-1.91705894e-02  1.73908384e-02  1.69204205e+09]
[-5.11482459e-03  2.38351188e-02  1.69204205e+09]
[-4.90111121e-03  3.59017050e-02  1.69204205e+09]
[-4.86823223e-03  4.14911318e-02  1.69204205e+09]
[-4.95042968e-03  3.87457369e-02  1.69204205e+09]
[-4.85179274e-03  3.05095521e-02  1.69204205e+09]
[-4.95042968e-03  1.46125645e-02  1.69204205e+09]
[-6.61081827e-03  5.75167890e-03  1.69204205e+09]
[-4.73671630e-03  2.04979022e-02  1.69204205e+09]
[-4.85179274e-03  6.06266989e-02  1.69204205e+09]
[-4.85179274e-03  8.54667691e-02  1.69204205e+09]
[-4.88467172e-03  9.30618136e-02  1.69204205e+09]
[-5.01618764e-03  9.30453741e-02  1.69204205e+09]
[-4.95042968e-03  9.35056799e-02  1.69204205e+09]
[-4.95042968e-03  9.35878773e-02  1.69204205e+09]
[-5.09838510e-03  9.19110493e-02  1.69204205e+09]
[-4.96686917e-03  8.97245971e-02  1.69204205e+09]
[-5.08194561e-03  8.33789538e-02  1.69204205e+09]
[-5.04906663e-03  7.13288073e-02  1.69204205e+09]
[-4.96686917e-03  4.28062911e-02  1.69204205e+09]
[-4.98330866e-03  1.13246663e-02  1.69204205e+09]
[-6.03543608e-03  4.02553236e-03  1.69204205e+09]
[-4.51449853e-02  3.53234763e-03  1.69204205e+09]
[-6.97384641e-02  3.43371068e-03  1.69204205e+09]
[-7.71691141e-02  3.25287628e-03  1.69204205e+09]
[-7.71033562e-02  3.21999730e-03  1.69204205e+09]
[-7.75472224e-02  3.15423934e-03  1.69204205e+09]
[-7.05111202e-02  3.17067883e-03  1.69204205e+09]
[-5.49429220e-02  3.13779985e-03  1.69204205e+09]
[-3.18125580e-02  3.08848137e-03  1.69204205e+09]
[-1.39757102e-02  3.13779985e-03  1.69204205e+09]
[-3.88186277e-03  3.07204188e-03  1.69204205e+09]
[-3.96406023e-03  3.12136036e-03  1.69204205e+09]
[-3.94762073e-03  3.20355781e-03  1.69204205e+09]
[-4.01337870e-03  3.12136036e-03  1.69204205e+09]
[-4.17777361e-03  3.05560239e-03  1.69204205e+09]
[-4.19421310e-03  3.12136036e-03  1.69204205e+09]
[-4.12845513e-03  1.30179339e-02  1.69204205e+09]
[-3.91474175e-03  5.13712657e-02  1.69204205e+09]
[-3.86542328e-03  7.04739538e-02  1.69204205e+09]
[-3.99693921e-03  7.06219092e-02  1.69204205e+09]
[-3.99693921e-03  5.29987753e-02  1.69204205e+09]
[-4.14489463e-03  1.63058320e-02  1.69204205e+09]
[-4.11201564e-03  3.00628392e-03  1.69204205e+09]
[-4.19421310e-03  2.95696545e-03  1.69204205e+09]
[-4.14489463e-03  2.92408647e-03  1.69204205e+09]
[-4.25997106e-03  2.92408647e-03  1.69204205e+09]
[-4.27641055e-03  2.85832850e-03  1.69204205e+09]
[-4.24353157e-03  2.84188901e-03  1.69204205e+09]
[-4.37504750e-03  2.82544952e-03  1.69204205e+09]
[-4.42436597e-03  2.80901003e-03  1.69204205e+09]
[-4.37504750e-03  2.84188901e-03  1.69204205e+09]
[-4.40792648e-03  2.89120748e-03  1.69204205e+09]
[-4.49012394e-03  2.82544952e-03  1.69204205e+09]
[-4.45724495e-03  2.84188901e-03  1.69204205e+09]
