HokinLeft_Hand
Dev2/ai0 Dev2/ai1
[-1.27243805e-01  2.46378072e-03  1.69204205e+09]
[-1.35184079e-01  2.49665970e-03  1.69204205e+09]
[-1.39951532e-01  2.44734123e-03  1.69204205e+09]
[-1.41447526e-01  2.51309919e-03  1.69204205e+09]
[-1.37534927e-01  2.52953868e-03  1.69204205e+09]
[-1.30531703e-01  2.52953868e-03  1.69204205e+09]
[-1.26816378e-01  2.44734123e-03  1.69204205e+09]
[-1.26175238e-01  2.54597818e-03  1.69204205e+09]
[-1.30367308e-01  2.62817563e-03  1.69204205e+09]
[-1.28739799e-01  9.25357499e-02  1.69204205e+09]
[-8.64081082e-02  2.25728497e-01  1.69204205e+09]
[-2.22612137e-02  2.95744281e-01  1.69204205e+09]
[-4.65451884e-03  3.39226729e-01  1.69204205e+09]
[-4.60520037e-03  3.65579228e-01  1.69204205e+09]
[-4.63807935e-03  3.75278526e-01  1.69204205e+09]
[-4.68739783e-03  3.74686705e-01  1.69204205e+09]
[-4.62163986e-03  3.60581624e-01  1.69204205e+09]
[-4.62163986e-03  3.46016237e-01  1.69204205e+09]
[-4.68739783e-03  2.90171295e-01  1.69204205e+09]
[-4.72027681e-03  1.20992508e-01  1.69204205e+09]
[-4.63807935e-03  3.74963356e-02  1.69204205e+09]
[-4.63807935e-03  6.63941141e-03  1.69204205e+09]
[-4.62163986e-03  5.68592093e-03  1.69204205e+09]
[-4.68739783e-03  5.55440501e-03  1.69204205e+09]
[-4.68739783e-03  5.39001010e-03  1.69204206e+09]
[-4.68739783e-03  5.27493366e-03  1.69204206e+09]
[-4.04597303e-02  5.29137315e-03  1.69204206e+09]
[-1.17018441e-01  5.17629672e-03  1.69204206e+09]
[-1.69723451e-01  5.07765977e-03  1.69204206e+09]
[-2.06005409e-01  5.11053875e-03  1.69204206e+09]
[-2.22823009e-01  5.01190181e-03  1.69204206e+09]
[-2.23086041e-01  5.04478079e-03  1.69204206e+09]
[-2.25272494e-01  4.92970435e-03  1.69204206e+09]
[-2.23398391e-01  4.94614384e-03  1.69204206e+09]
[-2.15244404e-01  4.92970435e-03  1.69204206e+09]
[-2.01862657e-01  4.94614384e-03  1.69204206e+09]
[-1.94497765e-01  4.96258334e-03  1.69204206e+09]
[-1.92064720e-01  4.88038588e-03  1.69204206e+09]
[-1.86656127e-01  4.92970435e-03  1.69204206e+09]
[-1.85324529e-01  4.86394639e-03  1.69204206e+09]
[-1.82020191e-01  4.91326486e-03  1.69204206e+09]
[-1.79718662e-01  4.86394639e-03  1.69204206e+09]
[-1.78140471e-01  4.84750690e-03  1.69204206e+09]
[-1.74934770e-01  4.88038588e-03  1.69204206e+09]
[-1.60155667e-01  4.88038588e-03  1.69204206e+09]
[-1.27638353e-01  4.84750690e-03  1.69204206e+09]
[-8.92850192e-02  4.88038588e-03  1.69204206e+09]
[-5.13591129e-02  4.78174894e-03  1.69204206e+09]
[-5.21346154e-03  4.79818843e-03  1.69204206e+09]
[-4.98330866e-03  4.84750690e-03  1.69204206e+09]
[-4.86823223e-03  4.86394639e-03  1.69204206e+09]
[-5.03262714e-03  4.83106741e-03  1.69204206e+09]
[-4.80247426e-03  4.74886995e-03  1.69204206e+09]
[-4.57368069e-02  4.74886995e-03  1.69204206e+09]
[-7.50319803e-02  4.71599097e-03  1.69204206e+09]
[-7.32729547e-02  4.78174894e-03  1.69204206e+09]
[-7.04946807e-02  4.91326486e-03  1.69204206e+09]
[-8.04405729e-02  4.83106741e-03  1.69204206e+09]
[-1.05494358e-01  4.74886995e-03  1.69204206e+09]
[-1.18613072e-01  4.76530945e-03  1.69204206e+09]
[-1.31419436e-01  4.86394639e-03  1.69204206e+09]
[-1.30170034e-01  4.79818843e-03  1.69204206e+09]
[-1.26536907e-01  4.68311199e-03  1.69204206e+09]
[-1.07845205e-01  4.68311199e-03  1.69204206e+09]
[-8.16899742e-02  4.66667250e-03  1.69204206e+09]
[-9.07316945e-02  4.79818843e-03  1.69204206e+09]
[-1.04425791e-01  4.74886995e-03  1.69204206e+09]
[-1.14125091e-01  4.68311199e-03  1.69204206e+09]
[-1.18317161e-01  4.66667250e-03  1.69204206e+09]
[-1.17265034e-01  4.71599097e-03  1.69204206e+09]
[-1.14831989e-01  4.73243046e-03  1.69204206e+09]
[-1.11198861e-01  4.69955148e-03  1.69204206e+09]
[-1.04902536e-01  4.68311199e-03  1.69204206e+09]
[-1.03242147e-01  4.66667250e-03  1.69204206e+09]
[-1.04146319e-01  4.63379352e-03  1.69204206e+09]
[-1.08913772e-01  4.69955148e-03  1.69204206e+09]
[-1.07483536e-01  4.63379352e-03  1.69204206e+09]
[-1.08141116e-01  4.69955148e-03  1.69204206e+09]
[-1.05066931e-01  4.56803555e-03  1.69204206e+09]
[-1.05839587e-01  4.60091454e-03  1.69204206e+09]
[-1.04458670e-01  4.69955148e-03  1.69204206e+09]
[-1.05412160e-01  4.63379352e-03  1.69204206e+09]
[-1.02420173e-01  4.71599097e-03  1.69204206e+09]
[-8.89726689e-02  4.65023301e-03  1.69204206e+09]
[-5.47127691e-02  4.65023301e-03  1.69204206e+09]
[-2.12912837e-02  7.80661526e-03  1.69204206e+09]
[-5.54225135e-03  1.42837747e-02  1.69204206e+09]
[-5.32853797e-03  2.60380106e-02  1.69204206e+09]
[-5.31209848e-03  3.21699406e-02  1.69204206e+09]
[-5.32853797e-03  2.45255774e-02  1.69204206e+09]
[-4.90111121e-03  1.92127752e-03  1.69204206e+09]
[-4.96686917e-03  3.41262400e-02  1.69204206e+09]
[-5.04906663e-03  1.14285196e-01  1.69204206e+09]
[-4.95042968e-03  1.50073966e-01  1.69204206e+09]
[-5.11482459e-03  1.66497016e-01  1.69204206e+09]
[-5.18058255e-03  1.62041914e-01  1.69204206e+09]
[-5.22990103e-03  1.44484539e-01  1.69204206e+09]
[-5.22990103e-03  7.40577627e-02  1.69204206e+09]
[-5.21346154e-03  1.02067809e-02  1.69204206e+09]
[-5.24634052e-03  5.40644959e-03  1.69204206e+09]
[-5.22990103e-03  4.96258334e-03  1.69204206e+09]
[-5.22990103e-03  4.88038588e-03  1.69204206e+09]
[-6.45271454e-02  4.73243046e-03  1.69204206e+09]
[-1.25435461e-01  4.51871708e-03  1.69204206e+09]
[-1.55010106e-01  4.51871708e-03  1.69204206e+09]
[-1.68391852e-01  4.48583810e-03  1.69204206e+09]
[-1.70035801e-01  4.55159606e-03  1.69204206e+09]
[-1.66583508e-01  4.42008014e-03  1.69204206e+09]
[-1.59317253e-01  4.33788268e-03  1.69204206e+09]
[-1.40609111e-01  4.32144319e-03  1.69204206e+09]
[-9.41839876e-02  4.30500370e-03  1.69204206e+09]
[-5.23126034e-02  4.32144319e-03  1.69204206e+09]
[-2.02062773e-02  4.27212472e-03  1.69204206e+09]
[-5.88748066e-03  4.30500370e-03  1.69204206e+09]
[-5.31209848e-03  4.18992726e-03  1.69204206e+09]
[-5.19702205e-03  4.23924574e-03  1.69204206e+09]
[-5.18058255e-03  4.25568523e-03  1.69204206e+09]
[-6.03543608e-03  4.17348777e-03  1.69204206e+09]
[-1.22824426e-02  4.15704828e-03  1.69204206e+09]
[-1.15919840e-02  4.20636676e-03  1.69204206e+09]
[-1.22988821e-02  4.20636676e-03  1.69204206e+09]
[-6.84233048e-02  4.22280625e-03  1.69204206e+09]
[-1.54105934e-01  4.18992726e-03  1.69204206e+09]
[-1.98311727e-01  4.09129032e-03  1.69204206e+09]
[-2.20932468e-01  4.02553236e-03  1.69204206e+09]
[-2.27031519e-01  4.10772981e-03  1.69204206e+09]
[-2.26373940e-01  4.14060879e-03  1.69204206e+09]
[-2.23381952e-01  4.05841134e-03  1.69204206e+09]
[-2.20159812e-01  4.05841134e-03  1.69204206e+09]
[-2.17348659e-01  4.00909286e-03  1.69204206e+09]
[-2.13255225e-01  4.05841134e-03  1.69204206e+09]
[-2.09835811e-01  4.45295912e-03  1.69204206e+09]
[-2.05693059e-01  5.48864704e-03  1.69204206e+09]
[-2.01336594e-01  5.25849417e-03  1.69204206e+09]
[-1.96749975e-01  4.94614384e-03  1.69204206e+09]
[-1.79669344e-01  4.51871708e-03  1.69204206e+09]
[-1.28542525e-01  4.07485083e-03  1.69204206e+09]
[-4.97809218e-02  4.14060879e-03  1.69204206e+09]
[-1.45510924e-02  2.78299151e-02  1.69204206e+09]
[-5.92035965e-03  1.15649673e-01  1.69204206e+09]
[-5.67376728e-03  1.91189130e-01  1.69204206e+09]
[-5.60800932e-03  2.27306688e-01  1.69204206e+09]
[-5.75596474e-03  2.43269432e-01  1.69204206e+09]
[-5.70664626e-03  2.46064145e-01  1.69204206e+09]
[-5.62444881e-03  2.43302311e-01  1.69204206e+09]
[-5.65732779e-03  2.35427796e-01  1.69204206e+09]
[-5.69020677e-03  2.27142293e-01  1.69204206e+09]
[-5.75596474e-03  2.00214409e-01  1.69204206e+09]
[-5.72308576e-03  1.59575991e-01  1.69204206e+09]
[-5.83816219e-03  1.02021336e-01  1.69204206e+09]
[-5.72308576e-03  6.36022467e-02  1.69204206e+09]
[-5.77240423e-03  3.31727496e-02  1.69204206e+09]
[-5.72308576e-03  4.09129032e-03  1.69204206e+09]
[-5.77240423e-03 -2.22147419e-03  1.69204206e+09]
[-5.80528321e-03 -2.22147419e-03  1.69204206e+09]
[-5.75596474e-03 -2.15571622e-03  1.69204206e+09]
[-5.77240423e-03 -2.15571622e-03  1.69204206e+09]
[-3.23057427e-02 -2.10639775e-03  1.69204206e+09]
[-6.45764638e-02 -2.13927673e-03  1.69204206e+09]
[-7.64457765e-02 -2.10639775e-03  1.69204206e+09]
[-7.88295028e-02 -2.05707928e-03  1.69204206e+09]
[-8.26763437e-02 -1.99132131e-03  1.69204206e+09]
[-7.16783240e-02 -2.02420030e-03  1.69204206e+09]
[-3.97692717e-02 -2.02420030e-03  1.69204206e+09]
[-1.02768247e-02 -1.95844233e-03  1.69204206e+09]
[-5.54225135e-03 -2.02420030e-03  1.69204206e+09]
[-5.47649339e-03 -1.95844233e-03  1.69204206e+09]
[-5.34497746e-03  6.87149283e-02  1.69204206e+09]
[-5.36141695e-03  1.21354176e-01  1.69204206e+09]
[-5.29565899e-03  1.48709488e-01  1.69204206e+09]
[-5.46005390e-03  1.86175085e-01  1.69204206e+09]
[-5.41073543e-03  1.90021926e-01  1.69204206e+09]
[-5.44361441e-03  1.85846295e-01  1.69204206e+09]
[-5.46005390e-03  1.78415646e-01  1.69204206e+09]
[-5.47649339e-03  1.67910812e-01  1.69204206e+09]
[-5.50937237e-03  1.48364259e-01  1.69204206e+09]
[-5.47649339e-03  9.67113805e-02  1.69204206e+09]
[-5.46005390e-03  3.98965013e-02  1.69204206e+09]
[-5.54225135e-03  7.88881271e-03  1.69204206e+09]
[-5.54225135e-03  7.16547511e-03  1.69204206e+09]
[-5.42717492e-03  6.82024580e-03  1.69204206e+09]
[-1.91048314e-02  6.67229039e-03  1.69204206e+09]
[-3.42456027e-02  6.50789548e-03  1.69204206e+09]
[-7.16947635e-02  6.47501650e-03  1.69204206e+09]
[-1.12744173e-01  6.31062159e-03  1.69204206e+09]
[-1.35315595e-01  6.27774261e-03  1.69204206e+09]
[-1.28887754e-01  6.29418210e-03  1.69204206e+09]
[-9.98884911e-02  6.26130311e-03  1.69204206e+09]
[-3.97035137e-02  6.21198464e-03  1.69204206e+09]
[-5.09838510e-03  6.14622668e-03  1.69204206e+09]
[-4.39148699e-03  3.76607305e-02  1.69204206e+09]
[-4.49012394e-03  8.30666035e-02  1.69204206e+09]
[-4.65451884e-03  8.33625143e-02  1.69204206e+09]
[-4.57232139e-03  3.97978643e-02  1.69204206e+09]
[-4.55588190e-03  5.04478079e-03  1.69204206e+09]
[-4.60520037e-03  5.11053875e-03  1.69204206e+09]
[-4.65451884e-03  5.07765977e-03  1.69204206e+09]
[-4.65451884e-03  5.06122028e-03  1.69204206e+09]
[-3.83254430e-03  1.11490482e-01  1.69204206e+09]
[-3.73390735e-03  1.78267691e-01  1.69204206e+09]
[-3.84898379e-03  2.06017549e-01  1.69204206e+09]
[-3.86542328e-03  2.06543613e-01  1.69204206e+09]
[-3.96406023e-03  2.04192766e-01  1.69204206e+09]
[-4.02981819e-03  1.89462983e-01  1.69204206e+09]
[-4.04625768e-03  1.13364584e-01  1.69204206e+09]
[-4.07913666e-03  4.15897688e-02  1.69204206e+09]
[-4.19421310e-03  1.65853034e-02  1.69204206e+09]
[-4.22709208e-03  5.81743686e-03  1.69204206e+09]
[-6.30804701e-02  5.58728399e-03  1.69204206e+09]
[-1.45162851e-01  5.55440501e-03  1.69204206e+09]
[-1.99544689e-01  5.55440501e-03  1.69204206e+09]
[-2.22050353e-01  5.43932857e-03  1.69204206e+09]
[-2.35086870e-01  5.42288908e-03  1.69204206e+09]
[-2.43323056e-01  5.42288908e-03  1.69204206e+09]
[-2.54945776e-01  5.40644959e-03  1.69204206e+09]
[-2.77517199e-01  6.14622668e-03  1.69204206e+09]
[-3.07190482e-01  6.43913423e-02  1.69204206e+09]
[-3.37652860e-01  1.74503048e-01  1.69204206e+09]
[-3.41253109e-01  2.94659275e-01  1.69204206e+09]
[-3.71501774e-01  3.54992198e-01  1.69204206e+09]
[-4.05827434e-01  3.93263326e-01  1.69204206e+09]
[-4.51052476e-01  4.25353206e-01  1.69204206e+09]
[-4.86298747e-01  4.36236147e-01  1.69204206e+09]
[-4.91378550e-01  4.38817147e-01  1.69204206e+09]
[-4.95340468e-01  4.39721318e-01  1.69204207e+09]
[-4.93071818e-01  4.41052917e-01  1.69204207e+09]
[-5.06141214e-01  4.48664400e-01  1.69204207e+09]
[-5.10086692e-01  4.53645564e-01  1.69204207e+09]
[-5.18109164e-01  4.61470760e-01  1.69204207e+09]
[-5.16892642e-01  4.65334040e-01  1.69204207e+09]
[-5.08919488e-01  4.64692900e-01  1.69204207e+09]
[-4.97674876e-01  4.58610289e-01  1.69204207e+09]
[-4.95044557e-01  4.55700500e-01  1.69204207e+09]
[-4.88337244e-01  4.53892156e-01  1.69204207e+09]
[-4.80446288e-01  4.52560558e-01  1.69204207e+09]
[-4.63579369e-01  4.52133131e-01  1.69204207e+09]
[-4.49737317e-01  4.48993189e-01  1.69204207e+09]
[-4.41698405e-01  4.43518840e-01  1.69204207e+09]
[-4.36010341e-01  4.38636312e-01  1.69204207e+09]
[-4.27708398e-01  4.34805912e-01  1.69204207e+09]
[-4.22809429e-01  4.33540071e-01  1.69204207e+09]
[-4.09838670e-01  4.30104218e-01  1.69204207e+09]
[-4.12337473e-01  4.29200046e-01  1.69204207e+09]
[-4.13751269e-01  4.30383690e-01  1.69204207e+09]
[-4.14063619e-01  4.30811116e-01  1.69204207e+09]
[-4.10052383e-01  4.30433008e-01  1.69204207e+09]
[-4.11351103e-01  4.30137097e-01  1.69204207e+09]
[-4.13767708e-01  4.29364441e-01  1.69204207e+09]
[-4.16036358e-01  4.29068531e-01  1.69204207e+09]
[-4.18157053e-01  4.28772620e-01  1.69204207e+09]
[-4.16858333e-01  4.28427391e-01  1.69204207e+09]
[-4.18189932e-01  4.27309505e-01  1.69204207e+09]
[-4.16430906e-01  4.26799881e-01  1.69204207e+09]
[-4.12879976e-01  4.26306697e-01  1.69204207e+09]
[-4.12008683e-01  4.27753372e-01  1.69204207e+09]
[-4.10693523e-01  4.27802690e-01  1.69204207e+09]
[-4.11647014e-01  4.26372455e-01  1.69204207e+09]
[-4.10825039e-01  4.26717684e-01  1.69204207e+09]
[-4.10611326e-01  4.25797073e-01  1.69204207e+09]
[-4.07717975e-01  4.22755767e-01  1.69204207e+09]
[-4.07685096e-01  4.19418551e-01  1.69204207e+09]
[-4.10298976e-01  4.18859609e-01  1.69204207e+09]
[-4.11022313e-01  4.16985507e-01  1.69204207e+09]
[-4.07750854e-01  4.14322310e-01  1.69204207e+09]
[-4.05926071e-01  4.12530406e-01  1.69204207e+09]
[-3.99432471e-01  4.10376833e-01  1.69204207e+09]
[-3.92264853e-01  4.07993107e-01  1.69204207e+09]
[-3.87382324e-01  4.06168324e-01  1.69204207e+09]
[-3.80000992e-01  4.03883235e-01  1.69204207e+09]
[-3.77222718e-01  4.02387242e-01  1.69204207e+09]
[-3.77584386e-01  4.01302236e-01  1.69204207e+09]
[-3.75973316e-01  4.01170720e-01  1.69204207e+09]
[-3.75315736e-01  4.00874809e-01  1.69204207e+09]
[-3.73063526e-01  4.01187159e-01  1.69204207e+09]
[-3.68444029e-01  4.00282988e-01  1.69204207e+09]
[-3.67737131e-01  3.99822682e-01  1.69204207e+09]
[-3.65008175e-01  3.99082905e-01  1.69204207e+09]
[-3.56295244e-01  3.97734867e-01  1.69204207e+09]
[-3.53977276e-01  3.95548415e-01  1.69204207e+09]
[-3.57380251e-01  3.94808638e-01  1.69204207e+09]
[-3.54897887e-01  3.94627804e-01  1.69204207e+09]
[-3.55275996e-01  3.94282575e-01  1.69204207e+09]
[-3.44623205e-01  3.90896040e-01  1.69204207e+09]
[-3.41138033e-01  3.85027143e-01  1.69204207e+09]
[-3.38195363e-01  3.80966589e-01  1.69204207e+09]
[-3.29433114e-01  3.77021112e-01  1.69204207e+09]
[-3.25635592e-01  3.76133380e-01  1.69204207e+09]
[-3.23251865e-01  3.76840278e-01  1.69204207e+09]
[-3.23416260e-01  3.77547176e-01  1.69204207e+09]
[-3.17070616e-01  3.75968985e-01  1.69204207e+09]
[-3.14358100e-01  3.67256056e-01  1.69204207e+09]
[-3.10198909e-01  3.49139740e-01  1.69204207e+09]
