HokinLeft_Hand
Dev2/ai0 Dev2/ai1
[-3.02700924e-03  2.02677493e-02  1.69204207e+09]
[-3.70102837e-03  2.29145073e-02  1.69204207e+09]
[-3.76485773e-02  3.88114949e-02  1.69204207e+09]
[-6.18310688e-02  4.63407816e-02  1.69204207e+09]
[-6.54148779e-02  4.15240108e-02  1.69204207e+09]
[-6.93439163e-02  5.43796925e-02  1.69204207e+09]
[-1.08387708e-01  1.24428361e-01  1.69204207e+09]
[-2.10115282e-01  2.81787155e-01  1.69204207e+09]
[-2.64480682e-01  3.24924374e-01  1.69204207e+09]
[-4.16414467e-01  3.53414007e-01  1.69204207e+09]
[-5.06371367e-01  4.29232925e-01  1.69204207e+09]
[-5.86349496e-01  5.02700993e-01  1.69204207e+09]
[-6.12373211e-01  5.44407971e-01  1.69204207e+09]
[-6.20543639e-01  5.47580791e-01  1.69204207e+09]
[-6.28418155e-01  5.55521063e-01  1.69204207e+09]
[-6.19376435e-01  5.52594835e-01  1.69204207e+09]
[-6.11386842e-01  5.64201112e-01  1.69204207e+09]
[-6.16565282e-01  5.83550387e-01  1.69204207e+09]
[-6.12060861e-01  5.99907675e-01  1.69204207e+09]
[-6.07194771e-01  6.28298666e-01  1.69204207e+09]
[-5.99879197e-01  6.50491971e-01  1.69204207e+09]
[-5.98646236e-01  6.51231748e-01  1.69204207e+09]
[-5.99336694e-01  6.41269420e-01  1.69204207e+09]
[-5.98514720e-01  6.43916177e-01  1.69204207e+09]
[-6.10219638e-01  6.34890900e-01  1.69204207e+09]
[-6.24867225e-01  6.21657114e-01  1.69204207e+09]
[-6.35404939e-01  6.14555257e-01  1.69204207e+09]
[-6.39597010e-01  6.16396479e-01  1.69204207e+09]
[-6.38314729e-01  6.17267772e-01  1.69204207e+09]
[-6.27990729e-01  6.15163518e-01  1.69204207e+09]
[-6.17946199e-01  6.15492307e-01  1.69204207e+09]
[-6.11353963e-01  6.15919734e-01  1.69204207e+09]
[-6.04498695e-01  6.19519981e-01  1.69204207e+09]
[-6.03380809e-01  6.20900898e-01  1.69204207e+09]
[-6.01671102e-01  6.31537245e-01  1.69204207e+09]
[-6.04432937e-01  6.37965084e-01  1.69204207e+09]
[-6.03315051e-01  6.30123449e-01  1.69204207e+09]
[-6.02443758e-01  6.32622251e-01  1.69204207e+09]
[-6.05238472e-01  6.33362028e-01  1.69204207e+09]
[-6.02509516e-01  6.27887679e-01  1.69204207e+09]
[-6.11847148e-01  6.26079336e-01  1.69204207e+09]
[-6.19721664e-01  6.25175164e-01  1.69204207e+09]
[-6.16121415e-01  6.25668349e-01  1.69204207e+09]
[-6.17650288e-01  6.29416551e-01  1.69204207e+09]
[-6.20823110e-01  6.20473471e-01  1.69204207e+09]
[-6.16351568e-01  6.19602179e-01  1.69204207e+09]
[-6.13523976e-01  6.18714446e-01  1.69204207e+09]
[-6.12011542e-01  6.17563682e-01  1.69204207e+09]
[-6.07178332e-01  6.13634645e-01  1.69204207e+09]
[-5.97528350e-01  6.02981859e-01  1.69204207e+09]
[-5.93089687e-01  5.99496688e-01  1.69204207e+09]
[-6.00010713e-01  6.05645055e-01  1.69204207e+09]
[-6.10400472e-01  6.18237701e-01  1.69204207e+09]
[-6.09710014e-01  6.24534024e-01  1.69204207e+09]
[-6.04712408e-01  6.23547655e-01  1.69204207e+09]
[-6.05649459e-01  6.22495528e-01  1.69204207e+09]
[-6.08526370e-01  6.07009533e-01  1.69204207e+09]
[-6.11058052e-01  5.97721223e-01  1.69204207e+09]
[-6.00799809e-01  5.69132958e-01  1.69204207e+09]
[-6.00339503e-01  5.58973355e-01  1.69204207e+09]
[-6.02394440e-01  5.49323377e-01  1.69204207e+09]
[-5.99418892e-01  5.43092812e-01  1.69204207e+09]
[-5.97955777e-01  5.41366666e-01  1.69204207e+09]
[-5.94750076e-01  5.46199875e-01  1.69204207e+09]
[-5.88568827e-01  5.44457289e-01  1.69204207e+09]
[-5.89834668e-01  5.49701485e-01  1.69204207e+09]
[-5.87878368e-01  5.49471332e-01  1.69204207e+09]
[-5.85708355e-01  5.48534282e-01  1.69204207e+09]
[-5.83406827e-01  5.47564352e-01  1.69204207e+09]
[-5.78507858e-01  5.48764434e-01  1.69204207e+09]
[-5.77768081e-01  5.47071167e-01  1.69204207e+09]
[-5.74134953e-01  5.44720321e-01  1.69204207e+09]
[-5.75795342e-01  5.43224328e-01  1.69204207e+09]
[-5.76765272e-01  5.46019040e-01  1.69204207e+09]
[-5.80743629e-01  5.46068359e-01  1.69204207e+09]
[-5.80349081e-01  5.48024658e-01  1.69204207e+09]
[-5.85659037e-01  5.50359065e-01  1.69204207e+09]
[-5.84064406e-01  5.49422014e-01  1.69204207e+09]
[-5.83390387e-01  5.47317760e-01  1.69204207e+09]
[-5.81943712e-01  5.45558735e-01  1.69204207e+09]
[-5.78984603e-01  5.44210697e-01  1.69204207e+09]
[-5.78474979e-01  5.43207888e-01  1.69204207e+09]
[-5.79461348e-01  5.42994175e-01  1.69204207e+09]
[-5.74891170e-01  5.39640520e-01  1.69204207e+09]
[-5.73148584e-01  5.39229532e-01  1.69204207e+09]
[-5.58583194e-01  5.38473316e-01  1.69204207e+09]
[-5.51908760e-01  5.31108426e-01  1.69204207e+09]
[-5.45300084e-01  5.21294053e-01  1.69204207e+09]
[-5.33282816e-01  5.17151302e-01  1.69204207e+09]
[-5.32263567e-01  5.14948411e-01  1.69204207e+09]
[-5.28811274e-01  5.15326519e-01  1.69204207e+09]
[-5.28959229e-01  5.17036226e-01  1.69204207e+09]
[-5.28679758e-01  5.17019786e-01  1.69204207e+09]
