HokinLeft_Hand
Dev2/ai0 Dev2/ai1
[-4.93206160e-02  8.44775540e-03  1.69204208e+09]
[-4.88931892e-02  8.23404202e-03  1.69204208e+09]
[-4.14954182e-02  8.38199744e-03  1.69204208e+09]
[-3.11385388e-02  7.77373627e-03  1.69204208e+09]
[-2.42339526e-02  7.44494646e-03  1.69204208e+09]
[-1.89075575e-02  6.93532224e-03  1.69204208e+09]
[-1.52579905e-02  6.95176173e-03  1.69204208e+09]
[-5.57513034e-03  1.16534561e-02  1.69204208e+09]
[-2.15856296e-04  1.27732699e-01  1.69204208e+09]
[-1.82977314e-04  2.52294712e-01  1.69204208e+09]
[-3.63811714e-04  3.16688190e-01  1.69204208e+09]
[-3.30932732e-04  3.38503391e-01  1.69204208e+09]
[-4.46009169e-04  3.30612437e-01  1.69204208e+09]
[-4.46009169e-04  3.17723878e-01  1.69204208e+09]
[-5.61085605e-04  3.02172121e-01  1.69204208e+09]
[-6.92601532e-04  2.92620778e-01  1.69204208e+09]
[-7.41920005e-04  2.88625983e-01  1.69204208e+09]
[-7.91238478e-04  2.68224577e-01  1.69204208e+09]
[-7.74798987e-04  2.67156010e-01  1.69204208e+09]
[-7.74798987e-04  2.70493226e-01  1.69204208e+09]
[-8.56996442e-04  2.77151219e-01  1.69204208e+09]
[-9.39193896e-04  2.93541390e-01  1.69204208e+09]
[-9.06314914e-04  3.16408719e-01  1.69204208e+09]
[-1.02139135e-03  3.40393932e-01  1.69204208e+09]
[-1.05427033e-03  3.56488191e-01  1.69204208e+09]
[-1.02139135e-03  3.51572784e-01  1.69204208e+09]
[-9.88512369e-04  3.57869108e-01  1.69204208e+09]
[-1.08714931e-03  4.16574520e-01  1.69204208e+09]
[-1.08714931e-03  4.63673651e-01  1.69204208e+09]
[-1.12002830e-03  5.39919991e-01  1.69204208e+09]
[-1.25154422e-03  5.53104459e-01  1.69204208e+09]
[-1.28442321e-03  5.44901155e-01  1.69204208e+09]
[-1.16934677e-03  5.38539074e-01  1.69204208e+09]
[-1.20222575e-03  5.34708674e-01  1.69204208e+09]
[-1.18578626e-03  5.29595993e-01  1.69204208e+09]
[-1.20222575e-03  5.30368649e-01  1.69204208e+09]
[-1.23510473e-03  5.28017803e-01  1.69204208e+09]
[-1.16934677e-03  5.31453655e-01  1.69204208e+09]
[-1.31730219e-03  5.40100825e-01  1.69204208e+09]
[-1.33374168e-03  5.46841015e-01  1.69204208e+09]
[-1.36662066e-03  5.57049935e-01  1.69204208e+09]
[-1.31730219e-03  5.68080831e-01  1.69204208e+09]
[-1.35018117e-03  5.76645803e-01  1.69204208e+09]
[-1.28442321e-03  5.93315441e-01  1.69204208e+09]
[-1.35018117e-03  6.22742120e-01  1.69204208e+09]
[-1.39949964e-03  6.39263803e-01  1.69204208e+09]
[-1.35018117e-03  6.53829187e-01  1.69204208e+09]
[-1.28442321e-03  6.47927411e-01  1.69204208e+09]
[-1.33374168e-03  6.67671233e-01  1.69204208e+09]
[-1.28442321e-03  6.69857684e-01  1.69204208e+09]
[-1.36662066e-03  6.63084617e-01  1.69204208e+09]
[-1.43237862e-03  6.56886931e-01  1.69204208e+09]
[-1.44881811e-03  6.49604239e-01  1.69204208e+09]
[-1.48169710e-03  6.40759796e-01  1.69204208e+09]
[-1.53101557e-03  6.34397715e-01  1.69204208e+09]
[-1.46525761e-03  6.30600194e-01  1.69204208e+09]
[-1.44881811e-03  6.25142285e-01  1.69204208e+09]
[-1.39949964e-03  6.31619442e-01  1.69204208e+09]
[-1.43237862e-03  6.33707257e-01  1.69204208e+09]
[-1.43237862e-03  6.35844390e-01  1.69204208e+09]
[-2.78041688e-03  6.18780204e-01  1.69204208e+09]
[-1.24465531e-01  4.78354113e-01  1.69204208e+09]
[-2.60896872e-01  2.25005160e-01  1.69204208e+09]
[-2.92542894e-01  5.04999727e-02  1.69204208e+09]
[-2.74311498e-01  5.11053875e-03  1.69204208e+09]
[-2.56145859e-01  4.92970435e-03  1.69204208e+09]
[-2.19272079e-01  4.86394639e-03  1.69204208e+09]
[-1.57130800e-01  4.81462792e-03  1.69204208e+09]
[-1.01516001e-01  4.76530945e-03  1.69204208e+09]
[-6.33928205e-02  4.78174894e-03  1.69204208e+09]
[-2.47106978e-02  4.76530945e-03  1.69204208e+09]
[-1.10987993e-02  4.73243046e-03  1.69204208e+09]
[-1.70334555e-02  4.81462792e-03  1.69204208e+09]
[-1.38770733e-02  4.84750690e-03  1.69204208e+09]
[-1.05398566e-02  4.89682537e-03  1.69204208e+09]
[-6.10119405e-03  5.04478079e-03  1.69204208e+09]
[-5.92035965e-03  5.06122028e-03  1.69204208e+09]
[-5.88748066e-03  7.52714391e-03  1.69204208e+09]
[-5.77240423e-03  2.03006283e-02  1.69204208e+09]
[-5.83816219e-03  3.96663484e-02  1.69204208e+09]
[-5.78884372e-03  5.41988581e-02  1.69204208e+09]
[-5.73952525e-03  6.22048900e-02  1.69204208e+09]
[-5.73952525e-03  6.88300047e-02  1.69204208e+09]
[-5.65732779e-03  8.15870493e-02  1.69204208e+09]
[-5.69020677e-03  9.86676798e-02  1.69204208e+09]
[-5.72308576e-03  1.26417539e-01  1.69204208e+09]
[-5.62444881e-03  1.53098832e-01  1.69204208e+09]
[-5.64088830e-03  1.72185079e-01  1.69204208e+09]
[-5.77240423e-03  1.88838283e-01  1.69204208e+09]
[-5.62444881e-03  2.35033248e-01  1.69204208e+09]
[-5.62444881e-03  2.35756586e-01  1.69204208e+09]
[-5.57513034e-03  2.36660758e-01  1.69204208e+09]
[-5.62444881e-03  2.31778229e-01  1.69204208e+09]
[-5.69020677e-03  2.21224077e-01  1.69204208e+09]
[-5.72308576e-03  2.13941383e-01  1.69204208e+09]
[-5.78884372e-03  1.58293711e-01  1.69204208e+09]
[-5.88748066e-03  5.29658963e-02  1.69204208e+09]
[-5.77240423e-03  1.11109529e-02  1.69204208e+09]
[-4.47339980e-02  6.24486362e-03  1.69204208e+09]
[-9.78006757e-02  6.19554515e-03  1.69204208e+09]
[-1.31715347e-01  6.11334770e-03  1.69204208e+09]
[-1.52823654e-01  6.06402922e-03  1.69204208e+09]
[-1.55815641e-01  6.17910566e-03  1.69204208e+09]
[-1.55207380e-01  6.16266617e-03  1.69204208e+09]
[-1.55174501e-01  6.12978719e-03  1.69204208e+09]
[-1.52034558e-01  6.11334770e-03  1.69204208e+09]
[-1.42170863e-01  6.16266617e-03  1.69204208e+09]
[-1.27769869e-01  6.31062159e-03  1.69204208e+09]
[-1.08913772e-01  6.32706108e-03  1.69204208e+09]
[-5.57813360e-02  6.21198464e-03  1.69204208e+09]
[-6.05187557e-03  6.19554515e-03  1.69204208e+09]
[-5.78884372e-03  6.12978719e-03  1.69204208e+09]
[-5.72308576e-03  6.22842413e-03  1.69204208e+09]
[-5.69020677e-03  6.22842413e-03  1.69204208e+09]
[-5.62444881e-03  7.36274900e-03  1.69204208e+09]
[-5.57513034e-03  1.16041376e-02  1.69204208e+09]
[-6.26558896e-03  1.71606855e-02  1.69204208e+09]
[-8.45204125e-03  1.70620486e-02  1.69204208e+09]
[-1.07700095e-02  1.32809657e-02  1.69204208e+09]
[-7.41635332e-03  9.87799111e-03  1.69204208e+09]
[-7.82734060e-03  7.83949424e-03  1.69204208e+09]
[-9.07674191e-03  6.45857701e-03  1.69204208e+09]
[-1.02932642e-02  6.95176173e-03  1.69204208e+09]
[-1.17399394e-02  9.41768536e-03  1.69204208e+09]
[-1.20687293e-02  1.02725389e-02  1.69204208e+09]
[-1.35154045e-02  1.09136790e-02  1.69204208e+09]
[-1.42716211e-02  1.11438319e-02  1.69204208e+09]
[-2.14885576e-02  1.10451950e-02  1.69204208e+09]
[-6.55628333e-02  6.27774261e-03  1.69204208e+09]
[-1.25386142e-01  4.22280625e-03  1.69204208e+09]
[-1.42187303e-01  3.77893999e-03  1.69204208e+09]
[-1.29561773e-01  3.69674254e-03  1.69204208e+09]
[-1.23627117e-01  3.86113745e-03  1.69204208e+09]
[-1.18448677e-01  3.91045592e-03  1.69204208e+09]
[-1.13911377e-01  3.86113745e-03  1.69204208e+09]
[-1.03949046e-01  3.84469796e-03  1.69204208e+09]
[-8.74437962e-02  3.89401643e-03  1.69204208e+09]
[-8.18872481e-02  3.89401643e-03  1.69204208e+09]
[-5.26413932e-02  3.13972846e-02  1.69204208e+09]
[-1.31701752e-02  1.19578711e-01  1.69204208e+09]
[-6.38066539e-03  1.63735182e-01  1.69204208e+09]
[-5.41073543e-03  1.99573269e-01  1.69204208e+09]
[-5.26278001e-03  2.16867612e-01  1.69204208e+09]
[-5.16414306e-03  2.33290662e-01  1.69204208e+09]
[-5.24634052e-03  2.48908177e-01  1.69204208e+09]
[-5.09838510e-03  2.67205328e-01  1.69204208e+09]
[-5.08194561e-03  2.98621192e-01  1.69204208e+09]
[-4.98330866e-03  2.90861753e-01  1.69204208e+09]
[-5.16414306e-03  2.78186907e-01  1.69204208e+09]
[-5.19702205e-03  2.66416233e-01  1.69204208e+09]
[-5.14770357e-03  2.24183185e-01  1.69204208e+09]
[-5.21346154e-03  1.30658928e-01  1.69204208e+09]
[-5.19702205e-03  8.18993996e-02  1.69204208e+09]
[-5.18058255e-03  4.49105459e-02  1.69204208e+09]
[-5.13126408e-03  1.28535389e-02  1.69204208e+09]
[-5.04906663e-03  7.51070442e-03  1.69204208e+09]
[-2.15214366e-02  6.96820122e-03  1.69204208e+09]
[-5.80664253e-02  6.85312479e-03  1.69204208e+09]
[-1.07319141e-01  6.65585090e-03  1.69204208e+09]
[-1.31320799e-01  6.47501650e-03  1.69204208e+09]
[-1.41348889e-01  6.31062159e-03  1.69204208e+09]
[-1.45442322e-01  6.12978719e-03  1.69204208e+09]
[-1.44275118e-01  6.42569802e-03  1.69204208e+09]
[-1.46494449e-01  7.59290188e-03  1.69204208e+09]
[-1.48993252e-01  6.17910566e-03  1.69204208e+09]
[-1.47184908e-01  5.93251330e-03  1.69204208e+09]
[-1.42729806e-01  5.88319482e-03  1.69204208e+09]
[-1.37189697e-01  5.68592093e-03  1.69204208e+09]
[-1.22903779e-01  5.71879992e-03  1.69204208e+09]
[-9.68471852e-02  5.66948144e-03  1.69204208e+09]
[-5.30688200e-02  5.60372348e-03  1.69204208e+09]
[-1.86116467e-02  5.63660246e-03  1.69204208e+09]
[-2.32295787e-04  5.55440501e-03  1.69204208e+09]
[-6.10404078e-04  5.60372348e-03  1.69204208e+09]
[-9.06314914e-04  5.50508653e-03  1.69204208e+09]
[-1.10358881e-03  5.45576806e-03  1.69204208e+09]
[-1.51457608e-03  5.42288908e-03  1.69204208e+09]
[-5.46963296e-02  5.47220755e-03  1.69204209e+09]
[-1.42236621e-01  5.35713112e-03  1.69204209e+09]
[-1.94037459e-01  5.34069163e-03  1.69204209e+09]
[-2.45443750e-01  5.24205468e-03  1.69204209e+09]
[-2.66700013e-01  5.19273621e-03  1.69204209e+09]
[-2.72388077e-01  5.24205468e-03  1.69204209e+09]
[-2.70152306e-01  5.19273621e-03  1.69204209e+09]
[-2.65845159e-01  5.24205468e-03  1.69204209e+09]
[-2.59548834e-01  5.12697824e-03  1.69204209e+09]
[-2.44473820e-01  5.07765977e-03  1.69204209e+09]
[-2.00268027e-01  5.12697824e-03  1.69204209e+09]
[-9.86884083e-02  5.15985723e-03  1.69204209e+09]
[-1.96308951e-02  5.14341774e-03  1.69204209e+09]
[-6.92601532e-04  6.24843614e-02  1.69204209e+09]
[-1.56389455e-03  1.08334100e-01  1.69204209e+09]
[-1.67897099e-03  1.39930800e-01  1.69204209e+09]
[-1.72828946e-03  1.61154182e-01  1.69204209e+09]
[-1.77760793e-03  1.66003831e-01  1.69204209e+09]
[-1.90912386e-03  1.76212754e-01  1.69204209e+09]
[-1.95844233e-03  1.83495448e-01  1.69204209e+09]
[-2.02420030e-03  1.97156664e-01  1.69204209e+09]
[-1.92556335e-03  2.02269346e-01  1.69204209e+09]
[-1.89268437e-03  1.84120149e-01  1.69204209e+09]
[-1.95844233e-03  1.10273960e-01  1.69204209e+09]
[-2.12283724e-03  4.79354122e-02  1.69204209e+09]
[-2.10639775e-03  8.84230318e-03  1.69204209e+09]
[-2.04063979e-03  6.96820122e-03  1.69204209e+09]
[-2.10639775e-03  6.60653242e-03  1.69204209e+09]
[-2.05707928e-03  6.32706108e-03  1.69204209e+09]
[-2.08995826e-03  6.24486362e-03  1.69204209e+09]
[-2.08995826e-03  7.19835409e-03  1.69204209e+09]
[-1.97488182e-03  1.60756792e-02  1.69204209e+09]
[-2.10639775e-03  2.11554818e-02  1.69204209e+09]
[-2.05707928e-03  3.59510235e-02  1.69204209e+09]
[-2.08995826e-03  7.74607372e-02  1.69204209e+09]
[-2.08995826e-03  8.17021258e-02  1.69204209e+09]
[-2.15571622e-03  5.84566862e-02  1.69204209e+09]
[-2.12283724e-03  1.30343733e-02  1.69204209e+09]
[-2.12283724e-03  4.65023301e-03  1.69204209e+09]
[-2.15571622e-03  4.45295912e-03  1.69204209e+09]
[-2.10639775e-03  4.50227759e-03  1.69204209e+09]
[-2.18859521e-03  4.43651963e-03  1.69204209e+09]
[-2.55491119e-02  4.46939861e-03  1.69204209e+09]
[-7.31414388e-02  4.51871708e-03  1.69204209e+09]
[-1.19583002e-01  4.51871708e-03  1.69204209e+09]
[-1.33786722e-01  4.55159606e-03  1.69204209e+09]
[-1.25961525e-01  4.55159606e-03  1.69204209e+09]
[-9.64033190e-02  4.50227759e-03  1.69204209e+09]
[-7.21715088e-02  4.58447505e-03  1.69204209e+09]
[-6.51189670e-02  4.56803555e-03  1.69204209e+09]
[-5.63402787e-02  4.56803555e-03  1.69204209e+09]
[-4.09364755e-02  4.58447505e-03  1.69204209e+09]
[-1.59320096e-02  4.66667250e-03  1.69204209e+09]
[-5.04906663e-03  4.65023301e-03  1.69204209e+09]
[-4.86823223e-03  4.65023301e-03  1.69204209e+09]
[-4.73671630e-03  4.65023301e-03  1.69204209e+09]
[-4.63807935e-03  3.54413993e-02  1.69204209e+09]
[-4.75315579e-03  7.39098073e-02  1.69204209e+09]
[-4.76959528e-03  9.00205079e-02  1.69204209e+09]
[-4.85179274e-03  8.76203423e-02  1.69204209e+09]
[-4.76959528e-03  8.58941958e-02  1.69204209e+09]
[-4.72027681e-03  7.42385971e-02  1.69204209e+09]
[-4.83535324e-03  3.01314438e-02  1.69204209e+09]
[-4.83535324e-03  2.75969156e-03  1.69204209e+09]
[-4.90111121e-03  2.71037308e-03  1.69204209e+09]
[-4.78603477e-03  2.75969156e-03  1.69204209e+09]
[-4.80247426e-03  2.72681258e-03  1.69204209e+09]
[-2.47435768e-02  2.71037308e-03  1.69204209e+09]
[-5.98090114e-02  2.67749410e-03  1.69204209e+09]
[-8.69670509e-02  2.72681258e-03  1.69204209e+09]
