HokinLeft_Hand
Dev2/ai0 Dev2/ai1
[-1.19385728e-01  2.89120748e-03  1.69204209e+09]
[-1.34510060e-01  2.87476799e-03  1.69204209e+09]
[-1.33309977e-01  2.90764697e-03  1.69204209e+09]
[-1.29676850e-01  2.89120748e-03  1.69204209e+09]
[-1.26898576e-01  2.92408647e-03  1.69204209e+09]
[-1.25090231e-01  2.98984443e-03  1.69204209e+09]
[-1.25797130e-01  2.97340494e-03  1.69204209e+09]
[-1.28032900e-01  2.97340494e-03  1.69204209e+09]
[-1.35956735e-01  2.95696545e-03  1.69204209e+09]
[-1.41677678e-01  2.90764697e-03  1.69204209e+09]
[-1.45968386e-01  2.98984443e-03  1.69204209e+09]
[-1.51771526e-01  2.94052596e-03  1.69204209e+09]
[-1.59662482e-01  2.98984443e-03  1.69204209e+09]
[-1.67931546e-01  3.07204188e-03  1.69204209e+09]
[-1.74342948e-01  2.97340494e-03  1.69204209e+09]
[-1.73126426e-01  2.98984443e-03  1.69204209e+09]
[-1.69805649e-01  3.07204188e-03  1.69204209e+09]
[-1.68408292e-01  3.07204188e-03  1.69204209e+09]
[-1.67997304e-01  3.02272341e-03  1.69204209e+09]
[-1.66978056e-01  3.12136036e-03  1.69204209e+09]
[-1.65810852e-01  3.02272341e-03  1.69204209e+09]
[-1.65399865e-01  3.02272341e-03  1.69204209e+09]
[-1.65909489e-01  3.08848137e-03  1.69204209e+09]
[-1.59974833e-01  3.13779985e-03  1.69204209e+09]
[-1.48319233e-01  3.02272341e-03  1.69204209e+09]
[-1.39967971e-01  3.03916290e-03  1.69204209e+09]
[-1.21983168e-01  3.08848137e-03  1.69204209e+09]
[-1.11938638e-01  3.07204188e-03  1.69204209e+09]
[-1.02798281e-01  3.10492087e-03  1.69204209e+09]
[-1.03455861e-01  3.12136036e-03  1.69204209e+09]
[-1.04475109e-01  3.07204188e-03  1.69204209e+09]
[-1.06217695e-01  3.08848137e-03  1.69204209e+09]
[-1.07763008e-01  3.10492087e-03  1.69204209e+09]
[-1.08321950e-01  3.05560239e-03  1.69204209e+09]
[-1.09604231e-01  3.13779985e-03  1.69204209e+09]
[-1.07105428e-01  3.12136036e-03  1.69204209e+09]
[-9.33126946e-02  3.12136036e-03  1.69204209e+09]
[-6.21269796e-02  3.12136036e-03  1.69204209e+09]
[-3.91281315e-02  3.15423934e-03  1.69204209e+09]
[-1.31372962e-02  1.71442461e-02  1.69204209e+09]
[-5.77525096e-04  5.15027817e-02  1.69204209e+09]
[-1.00495186e-03  8.63380621e-02  1.69204209e+09]
[-1.33374168e-03  9.56921321e-02  1.69204209e+09]
[-1.54745506e-03  9.95718518e-02  1.69204209e+09]
[-1.72828946e-03  9.98842021e-02  1.69204209e+09]
[-1.69541048e-03  9.97362467e-02  1.69204209e+09]
[-1.76116844e-03  9.40317436e-02  1.69204209e+09]
[-1.85980539e-03  7.49619347e-02  1.69204209e+09]
[-1.92556335e-03  3.36166158e-02  1.69204209e+09]
[-2.50723666e-02  8.48063438e-03  1.69204209e+09]
[-7.70540377e-02  7.83949424e-03  1.69204209e+09]
[-1.12481142e-01  7.51070442e-03  1.69204209e+09]
[-1.26882136e-01  7.32987002e-03  1.69204209e+09]
[-1.34312786e-01  7.26411206e-03  1.69204209e+09]
[-1.39277513e-01  7.09971715e-03  1.69204209e+09]
[-1.37419850e-01  7.06683817e-03  1.69204209e+09]
[-1.28706920e-01  6.91888275e-03  1.69204209e+09]
[-1.00759784e-01  6.85312479e-03  1.69204209e+09]
[-8.57834076e-02  6.85312479e-03  1.69204209e+09]
[-9.86390898e-02  6.75448784e-03  1.69204209e+09]
[-1.14733352e-01  6.65585090e-03  1.69204209e+09]
[-1.07335581e-01  6.60653242e-03  1.69204209e+09]
[-1.00200841e-01  6.67229039e-03  1.69204209e+09]
[-9.60580897e-02  6.57365344e-03  1.69204209e+09]
[-8.04405729e-02  6.63941141e-03  1.69204209e+09]
[-6.93439163e-02  6.54077446e-03  1.69204209e+09]
[-6.75684512e-02  6.49145599e-03  1.69204209e+09]
[-4.86465969e-02  6.54077446e-03  1.69204209e+09]
[-3.29140039e-02  6.49145599e-03  1.69204209e+09]
[-1.17219351e-04  6.49145599e-03  1.69204209e+09]
[-2.32295787e-04  5.29165778e-02  1.69204209e+09]
[-4.29569678e-04  8.30994824e-02  1.69204209e+09]
[-4.95327642e-04  8.08965907e-02  1.69204209e+09]
[-6.59722551e-04  7.68524761e-02  1.69204209e+09]
[-7.41920005e-04  7.67373996e-02  1.69204209e+09]
[-7.91238478e-04  8.38063805e-02  1.69204209e+09]
[-8.07677969e-04  9.14507436e-02  1.69204209e+09]
[-7.91238478e-04  9.27165843e-02  1.69204209e+09]
[-8.24117460e-04  8.99711894e-02  1.69204209e+09]
[-9.06314914e-04  8.68970047e-02  1.69204209e+09]
[-9.22754405e-04  8.47598710e-02  1.69204209e+09]
[-9.06314914e-04  8.67983678e-02  1.69204209e+09]
[-9.22754405e-04  8.89683805e-02  1.69204209e+09]
[-9.88512369e-04  8.88039856e-02  1.69204209e+09]
[-1.00495186e-03  8.28364506e-02  1.69204209e+09]
[-1.07070982e-03  7.95321130e-02  1.69204209e+09]
[-9.88512369e-04  6.25994378e-02  1.69204209e+09]
[-1.00495186e-03  3.18904693e-02  1.69204209e+09]
[-1.08714931e-03  6.65585090e-03  1.69204209e+09]
[-1.07070982e-03  5.66948144e-03  1.69204209e+09]
[-1.05427033e-03  5.35713112e-03  1.69204209e+09]
[-4.74300745e-02  5.19273621e-03  1.69204209e+09]
[-8.50765094e-02  5.09409926e-03  1.69204209e+09]
[-1.08502785e-01  5.01190181e-03  1.69204209e+09]
[-1.20470734e-01  5.01190181e-03  1.69204209e+09]
[-1.28986391e-01  4.91326486e-03  1.69204209e+09]
