HokinLeft_Hand
Dev2/ai0 Dev2/ai1
[-6.30804701e-02  5.80099737e-03  1.69204210e+09]
[-6.93110373e-02  5.80099737e-03  1.69204210e+09]
[-7.01823303e-02  5.75167890e-03  1.69204210e+09]
[-6.81438334e-02  5.76811839e-03  1.69204210e+09]
[-6.54148779e-02  5.73523941e-03  1.69204210e+09]
[-6.63190499e-02  5.75167890e-03  1.69204210e+09]
[-9.24742805e-02  5.86675533e-03  1.69204210e+09]
[-1.52297590e-01  5.88319482e-03  1.69204210e+09]
[-2.00613256e-01  5.83387635e-03  1.69204210e+09]
[-2.16839034e-01  5.76811839e-03  1.69204210e+09]
[-2.15441677e-01  5.85031584e-03  1.69204210e+09]
[-2.12383932e-01  5.81743686e-03  1.69204210e+09]
[-2.08948078e-01  5.85031584e-03  1.69204210e+09]
[-2.05298511e-01  5.83387635e-03  1.69204210e+09]
[-2.05134116e-01  5.83387635e-03  1.69204210e+09]
[-2.05216314e-01  5.88319482e-03  1.69204210e+09]
[-2.06367078e-01  5.86675533e-03  1.69204210e+09]
[-2.04509415e-01  5.85031584e-03  1.69204210e+09]
[-2.02750390e-01  5.83387635e-03  1.69204210e+09]
[-1.94695039e-01  5.91607381e-03  1.69204210e+09]
[-1.87363026e-01  5.78455788e-03  1.69204210e+09]
[-1.78337745e-01  5.83387635e-03  1.69204210e+09]
[-1.70413910e-01  5.81743686e-03  1.69204210e+09]
[-1.70101559e-01  5.93251330e-03  1.69204210e+09]
[-1.64561451e-01  5.88319482e-03  1.69204210e+09]
[-1.28147977e-01  5.88319482e-03  1.69204210e+09]
[-6.97384641e-02  5.86675533e-03  1.69204210e+09]
[-2.84917808e-02  3.97649853e-02  1.69204210e+09]
[-7.69582467e-03  6.32570174e-02  1.69204210e+09]
[-3.83254430e-03  7.02109219e-02  1.69204210e+09]
[-3.99693921e-03  8.05678009e-02  1.69204210e+09]
[-4.17777361e-03  8.01568137e-02  1.69204211e+09]
[-4.22709208e-03  7.44687500e-02  1.69204211e+09]
[-4.25997106e-03  7.18055525e-02  1.69204211e+09]
[-4.25997106e-03  5.50372721e-02  1.69204211e+09]
[-4.25997106e-03  3.27617623e-02  1.69204211e+09]
[-4.35860801e-03  1.32152077e-02  1.69204211e+09]
[-4.34216852e-03  4.25568523e-03  1.69204211e+09]
[-4.22709208e-03  4.02553236e-03  1.69204211e+09]
[-4.30928953e-03  1.24261122e-02  1.69204211e+09]
[-4.34216852e-03  1.22452778e-02  1.69204211e+09]
[-4.34216852e-03  3.36795272e-03  1.69204211e+09]
[-4.34216852e-03  2.09088894e-02  1.69204211e+09]
[-4.19421310e-03  1.13117992e-01  1.69204211e+09]
[-4.22709208e-03  1.81292557e-01  1.69204211e+09]
[-4.22709208e-03  1.99934938e-01  1.69204211e+09]
[-4.24353157e-03  2.09880829e-01  1.69204211e+09]
[-4.30928953e-03  2.09289008e-01  1.69204211e+09]
[-4.34216852e-03  2.08253320e-01  1.69204211e+09]
[-4.29285004e-03  2.08417715e-01  1.69204211e+09]
[-4.25997106e-03  2.00724034e-01  1.69204211e+09]
[-4.39148699e-03  1.69176653e-01  1.69204211e+09]
[-4.40792648e-03  8.01732531e-02  1.69204211e+09]
[-4.44080546e-03  2.39337558e-02  1.69204211e+09]
[-4.42436597e-03  5.71879992e-03  1.69204211e+09]
[-2.87876916e-02  5.45576806e-03  1.69204211e+09]
[-8.95151721e-02  5.48864704e-03  1.69204211e+09]
[-1.29216544e-01  5.39001010e-03  1.69204211e+09]
[-1.41250252e-01  5.83387635e-03  1.69204211e+09]
[-1.49979622e-01  7.19835409e-03  1.69204211e+09]
[-1.50078259e-01  6.40925853e-03  1.69204211e+09]
[-1.51459176e-01  5.63660246e-03  1.69204211e+09]
[-1.53119565e-01  5.48864704e-03  1.69204211e+09]
[-1.46658844e-01  5.40644959e-03  1.69204211e+09]
[-1.38800767e-01  5.30781264e-03  1.69204211e+09]
[-1.18744588e-01  5.25849417e-03  1.69204211e+09]
[-8.09501971e-02  5.24205468e-03  1.69204211e+09]
[-5.70800558e-02  5.22561519e-03  1.69204211e+09]
[-3.83719149e-02  5.22561519e-03  1.69204211e+09]
[-3.31934752e-02  5.19273621e-03  1.69204211e+09]
[-1.85787677e-02  5.19273621e-03  1.69204211e+09]
[-1.53401880e-02  9.79579365e-03  1.69204211e+09]
[-7.94241703e-03  1.61743161e-02  1.69204211e+09]
[-6.29846794e-03  1.42180167e-02  1.69204211e+09]
[-5.27921950e-03  1.26727045e-02  1.69204211e+09]
[-5.24634052e-03  2.59064946e-02  1.69204211e+09]
[-5.14770357e-03  3.03944756e-02  1.69204211e+09]
[-5.09838510e-03  2.39173163e-02  1.69204211e+09]
[-5.06550612e-03  1.39878638e-02  1.69204211e+09]
[-2.25078060e-02  7.54358340e-03  1.69204211e+09]
[-7.61169867e-02  5.48864704e-03  1.69204211e+09]
[-1.08420587e-01  5.45576806e-03  1.69204211e+09]
[-1.22147563e-01  5.50508653e-03  1.69204211e+09]
[-1.24777881e-01  5.43932857e-03  1.69204211e+09]
[-1.23479161e-01  5.52152603e-03  1.69204211e+09]
[-1.23725754e-01  5.47220755e-03  1.69204211e+09]
[-1.18152766e-01  5.40644959e-03  1.69204211e+09]
[-9.92473510e-02  5.37357061e-03  1.69204211e+09]
[-5.25263168e-02  5.42288908e-03  1.69204211e+09]
[-1.51757931e-02  5.45576806e-03  1.69204211e+09]
[-3.86542328e-03  5.37357061e-03  1.69204211e+09]
[-3.99693921e-03  3.79566414e-02  1.69204211e+09]
[-4.32572903e-03  6.06431384e-02  1.69204211e+09]
[-4.34216852e-03  7.82169538e-02  1.69204211e+09]
[-4.39148699e-03  8.97574761e-02  1.69204211e+09]
[-4.44080546e-03  8.73079920e-02  1.69204211e+09]
[-4.45724495e-03  7.05232722e-02  1.69204211e+09]
[-4.47368444e-03  3.71839853e-02  1.69204211e+09]
[-4.57232139e-03  6.52433497e-03  1.69204211e+09]
[-4.60520037e-03  3.12136036e-03  1.69204211e+09]
[-4.68739783e-03  2.97340494e-03  1.69204211e+09]
[-4.70383732e-03  2.95696545e-03  1.69204211e+09]
[-4.62163986e-03  2.92408647e-03  1.69204211e+09]
[-1.75759587e-02  2.84188901e-03  1.69204211e+09]
[-4.88438708e-02  2.80901003e-03  1.69204211e+09]
[-7.69718402e-02  2.94052596e-03  1.69204211e+09]
[-7.27797700e-02  2.85832850e-03  1.69204211e+09]
[-6.11406102e-02  2.82544952e-03  1.69204211e+09]
[-4.02131379e-02  2.85832850e-03  1.69204211e+09]
[-1.63101179e-02  2.87476799e-03  1.69204211e+09]
[-7.43279281e-03  2.87476799e-03  1.69204211e+09]
[-5.67376728e-03  2.89120748e-03  1.69204211e+09]
[-3.32292008e-03  2.82544952e-03  1.69204211e+09]
[-3.17496466e-03  2.80901003e-03  1.69204211e+09]
[-3.29004110e-03  2.29473863e-02  1.69204211e+09]
[-3.15852517e-03  7.06383487e-02  1.69204211e+09]
[-3.09276721e-03  1.02826871e-01  1.69204211e+09]
[-3.12564619e-03  1.10405476e-01  1.69204211e+09]
[-3.10920670e-03  1.03583087e-01  1.69204211e+09]
[-3.14208568e-03  7.36467754e-02  1.69204211e+09]
[-3.09276721e-03  1.65031059e-02  1.69204211e+09]
[-3.09276721e-03  5.15985723e-03  1.69204211e+09]
[-3.20784364e-03  4.83106741e-03  1.69204211e+09]
[-3.17496466e-03  4.63379352e-03  1.69204211e+09]
[-3.12564619e-03  4.60091454e-03  1.69204211e+09]
