HokinLeft_Hand
Dev2/ai0 Dev2/ai1
[-8.22188838e-03  4.07485083e-03  1.69204211e+09]
[-9.07674191e-03  3.99265337e-03  1.69204211e+09]
[-1.17235000e-02  4.04197185e-03  1.69204211e+09]
[-1.67539842e-02  4.00909286e-03  1.69204211e+09]
[-3.17961185e-02  3.99265337e-03  1.69204211e+09]
[-5.82636992e-02  3.99265337e-03  1.69204211e+09]
[-1.12250989e-01  4.04197185e-03  1.69204211e+09]
[-1.71794827e-01  4.09129032e-03  1.69204211e+09]
[-2.11414002e-01  4.07485083e-03  1.69204211e+09]
[-2.31322227e-01  4.07485083e-03  1.69204211e+09]
[-2.41958578e-01  4.05841134e-03  1.69204211e+09]
[-2.44046393e-01  4.04197185e-03  1.69204211e+09]
[-2.57756929e-01  4.05841134e-03  1.69204211e+09]
[-2.76925377e-01  4.05841134e-03  1.69204211e+09]
[-2.89008404e-01  4.05841134e-03  1.69204211e+09]
[-2.99694073e-01  4.00909286e-03  1.69204211e+09]
[-2.95403366e-01  3.99265337e-03  1.69204211e+09]
[-2.86443843e-01  4.07485083e-03  1.69204211e+09]
[-2.67456230e-01  4.04197185e-03  1.69204211e+09]
[-2.21622926e-01  4.00909286e-03  1.69204211e+09]
[-2.06761626e-01  4.05841134e-03  1.69204211e+09]
[-2.13222346e-01  3.99265337e-03  1.69204211e+09]
[-2.20505041e-01  4.04197185e-03  1.69204211e+09]
[-2.24483398e-01  4.07485083e-03  1.69204211e+09]
[-2.22346264e-01  4.04197185e-03  1.69204211e+09]
[-2.13205907e-01  4.04197185e-03  1.69204211e+09]
[-1.75345757e-01  9.83388900e-02  1.69204211e+09]
[-8.65889427e-02  2.10653485e-01  1.69204211e+09]
[-1.16248630e-02  2.71643991e-01  1.69204211e+09]
[-5.34497746e-03  2.99788396e-01  1.69204211e+09]
[-5.21346154e-03  3.10819292e-01  1.69204211e+09]
[-5.04906663e-03  3.01267950e-01  1.69204211e+09]
[-5.11482459e-03  2.95744281e-01  1.69204211e+09]
[-5.08194561e-03  2.88609543e-01  1.69204211e+09]
[-5.03262714e-03  2.86209378e-01  1.69204211e+09]
[-5.08194561e-03  2.77332054e-01  1.69204211e+09]
[-5.11482459e-03  2.66892978e-01  1.69204211e+09]
[-5.04906663e-03  2.53840024e-01  1.69204211e+09]
[-5.06550612e-03  1.87819034e-01  1.69204211e+09]
[-5.13126408e-03  1.60447284e-01  1.69204211e+09]
[-5.14770357e-03  9.95718518e-02  1.69204211e+09]
[-5.14770357e-03  4.59791128e-02  1.69204211e+09]
[-5.24634052e-03  2.23884436e-02  1.69204211e+09]
[-3.86185073e-02  7.49426493e-03  1.69204211e+09]
[-6.44942664e-02  6.35994006e-03  1.69204211e+09]
[-8.36791527e-02  6.03115024e-03  1.69204211e+09]
[-8.71314459e-02  5.88319482e-03  1.69204211e+09]
[-8.11145920e-02  5.76811839e-03  1.69204211e+09]
[-7.68074453e-02  5.55440501e-03  1.69204211e+09]
[-7.02480883e-02  5.55440501e-03  1.69204211e+09]
[-6.97877826e-02  5.42288908e-03  1.69204211e+09]
[-6.90315660e-02  5.39001010e-03  1.69204211e+09]
[-6.97877826e-02  5.34069163e-03  1.69204211e+09]
[-7.29770439e-02  5.30781264e-03  1.69204211e+09]
[-7.13002157e-02  5.27493366e-03  1.69204211e+09]
[-8.11310315e-02  5.15985723e-03  1.69204211e+09]
[-8.81342548e-02  5.17629672e-03  1.69204211e+09]
[-1.02453052e-01  5.11053875e-03  1.69204211e+09]
[-1.22229760e-01  5.11053875e-03  1.69204211e+09]
[-1.52182514e-01  5.12697824e-03  1.69204211e+09]
[-1.80507758e-01  5.11053875e-03  1.69204211e+09]
[-1.97802103e-01  5.11053875e-03  1.69204211e+09]
[-2.01320154e-01  4.96258334e-03  1.69204211e+09]
[-2.00070753e-01  5.02834130e-03  1.69204211e+09]
[-1.99067944e-01  5.02834130e-03  1.69204211e+09]
[-1.95517013e-01  4.92970435e-03  1.69204211e+09]
[-1.90749561e-01  5.01190181e-03  1.69204211e+09]
[-1.86113624e-01  4.91326486e-03  1.69204211e+09]
[-1.80326923e-01  4.92970435e-03  1.69204211e+09]
[-1.73899082e-01  4.88038588e-03  1.69204211e+09]
[-1.64150463e-01  4.96258334e-03  1.69204211e+09]
[-1.45261488e-01  4.89682537e-03  1.69204211e+09]
[-1.01006377e-01  4.83106741e-03  1.69204211e+09]
[-4.20214819e-02  4.89682537e-03  1.69204211e+09]
[-5.83816219e-03  4.89682537e-03  1.69204211e+09]
[-5.21346154e-03  2.81751444e-02  1.69204212e+09]
[-5.09838510e-03  7.75264952e-02  1.69204212e+09]
[-5.16414306e-03  1.03994075e-01  1.69204212e+09]
[-5.04906663e-03  1.25332533e-01  1.69204212e+09]
[-5.14770357e-03  1.32467272e-01  1.69204212e+09]
[-5.14770357e-03  1.26779208e-01  1.69204212e+09]
[-5.16414306e-03  1.06673712e-01  1.69204212e+09]
[-5.08194561e-03  5.06972466e-02  1.69204212e+09]
[-5.14770357e-03  5.39001010e-03  1.69204212e+09]
[-5.11482459e-03  4.14060879e-03  1.69204212e+09]
[-5.08194561e-03  4.05841134e-03  1.69204212e+09]
[-5.13126408e-03  3.89401643e-03  1.69204212e+09]
[-5.14770357e-03  3.94333490e-03  1.69204212e+09]
[-5.13126408e-03  3.87757694e-03  1.69204212e+09]
[-5.13126408e-03  3.77893999e-03  1.69204212e+09]
[-5.11482459e-03  3.79537948e-03  1.69204212e+09]
[-5.13126408e-03  3.79537948e-03  1.69204212e+09]
[-5.08194561e-03  3.71318203e-03  1.69204212e+09]
[-5.03262714e-03  3.77893999e-03  1.69204212e+09]
[-5.09838510e-03  3.69674254e-03  1.69204212e+09]
[-5.11482459e-03  3.68030305e-03  1.69204212e+09]
[-5.11482459e-03  3.64742406e-03  1.69204212e+09]
[-5.09838510e-03  3.61454508e-03  1.69204212e+09]
[-5.14770357e-03  3.72962152e-03  1.69204212e+09]
[-5.09838510e-03  3.68030305e-03  1.69204212e+09]
[-5.11482459e-03  3.66386356e-03  1.69204212e+09]
[-5.11482459e-03  3.59810559e-03  1.69204212e+09]
[-5.11482459e-03  3.63098457e-03  1.69204212e+09]
[-9.75076104e-03  3.58166610e-03  1.69204212e+09]
[-1.16248630e-02  3.63098457e-03  1.69204212e+09]
[-1.20851688e-02  3.61454508e-03  1.69204212e+09]
[-1.24303981e-02  3.76250050e-03  1.69204212e+09]
[-1.26605509e-02  3.69674254e-03  1.69204212e+09]
[-1.28907038e-02  3.63098457e-03  1.69204212e+09]
[-1.32030541e-02  3.69674254e-03  1.69204212e+09]
[-1.32194936e-02  3.66386356e-03  1.69204212e+09]
[-1.33345701e-02  3.63098457e-03  1.69204212e+09]
[-1.28742643e-02  3.63098457e-03  1.69204212e+09]
[-1.22660032e-02  3.61454508e-03  1.69204212e+09]
[-1.24468376e-02  3.63098457e-03  1.69204212e+09]
[-1.18714554e-02  3.68030305e-03  1.69204212e+09]
[-1.10166018e-02  3.66386356e-03  1.69204212e+09]
[-9.96447442e-03  3.61454508e-03  1.69204212e+09]
[-9.52060816e-03  3.66386356e-03  1.69204212e+09]
[-1.03754617e-02  3.74606101e-03  1.69204212e+09]
[-1.11645573e-02  4.23924574e-03  1.69204212e+09]
[-1.14440286e-02  4.46939861e-03  1.69204212e+09]
[-1.07864490e-02  4.20636676e-03  1.69204212e+09]
[-9.02742344e-03  4.00909286e-03  1.69204212e+09]
[-5.36141695e-03  3.66386356e-03  1.69204212e+09]
[-5.32853797e-03  3.63098457e-03  1.69204212e+09]
[-5.24634052e-03  3.64742406e-03  1.69204212e+09]
[-2.18502264e-02  3.68030305e-03  1.69204212e+09]
[-2.95767872e-02  3.69674254e-03  1.69204212e+09]
[-2.40366787e-02  3.64742406e-03  1.69204212e+09]
[-1.96966531e-02  3.71318203e-03  1.69204212e+09]
[-4.34023992e-02  3.68030305e-03  1.69204212e+09]
[-7.32236362e-02  3.61454508e-03  1.69204212e+09]
