HokinLeft_Hand
Dev2/ai0 Dev2/ai1
[-2.70451056e-02  6.52433497e-03  1.69204196e+09]
[-2.50230482e-02  6.34350057e-03  1.69204197e+09]
[-1.62936784e-02  7.06683817e-03  1.69204197e+09]
[-1.13947101e-02  6.31062159e-03  1.69204197e+09]
[-8.91234700e-03  6.37637955e-03  1.69204197e+09]
[-1.22824426e-02  6.37637955e-03  1.69204197e+09]
[-4.24982272e-02  6.34350057e-03  1.69204197e+09]
[-1.33441493e-01  6.29418210e-03  1.69204197e+09]
[-2.67998733e-01  6.16266617e-03  1.69204197e+09]
[-3.20309196e-01  6.09690821e-03  1.69204197e+09]
[-3.66076742e-01  6.04758973e-03  1.69204197e+09]
[-4.27478245e-01  6.01471075e-03  1.69204197e+09]
[-4.32442971e-01  5.83387635e-03  1.69204197e+09]
[-4.37407698e-01  5.96539228e-03  1.69204197e+09]
[-4.58302292e-01  5.96539228e-03  1.69204197e+09]
[-4.66604236e-01  5.89963432e-03  1.69204197e+09]
[-4.36043220e-01  5.98183177e-03  1.69204197e+09]
[-3.46990492e-01  5.83387635e-03  1.69204197e+09]
[-1.68227457e-01  5.81743686e-03  1.69204197e+09]
[-5.56169411e-02  5.83387635e-03  1.69204197e+09]
[-3.99693921e-03  5.85031584e-03  1.69204197e+09]
[-1.00779860e-04  3.00328068e-02  1.69204197e+09]
[-2.32295787e-04  9.07109665e-02  1.69204197e+09]
[-1.99416805e-04  1.74190697e-01  1.69204197e+09]
[-2.98053751e-04  2.01578887e-01  1.69204197e+09]
[-2.15856296e-04  2.30117841e-01  1.69204197e+09]
[-2.48735278e-04  2.49565757e-01  1.69204197e+09]
[-2.48735278e-04  2.79814417e-01  1.69204197e+09]
[-3.47372223e-04  3.04638045e-01  1.69204197e+09]
[-3.96690696e-04  3.12101573e-01  1.69204197e+09]
[-4.29569678e-04  3.12939987e-01  1.69204197e+09]
[-4.78888151e-04  3.13597566e-01  1.69204197e+09]
[-3.30932732e-04  3.05575096e-01  1.69204197e+09]
[-4.29569678e-04  2.99903472e-01  1.69204197e+09]
[-3.80251205e-04  2.95645644e-01  1.69204197e+09]
[-5.11767132e-04  2.86373773e-01  1.69204197e+09]
[-3.30932732e-04  2.68947914e-01  1.69204197e+09]
[-3.14493242e-04  1.66102468e-01  1.69204197e+09]
[-3.80251205e-04  3.63948897e-02  1.69204197e+09]
[-4.78888151e-04  7.75729678e-03  1.69204197e+09]
[-3.80251205e-04  7.34630951e-03  1.69204197e+09]
[-3.04480802e-02  7.19835409e-03  1.69204197e+09]
[-8.56354522e-02  7.05039868e-03  1.69204197e+09]
[-1.38126748e-01  6.77092733e-03  1.69204197e+09]
[-1.61536584e-01  6.73804835e-03  1.69204197e+09]
[-1.69328903e-01  6.72160886e-03  1.69204197e+09]
[-1.71104368e-01  6.68872988e-03  1.69204197e+09]
[-1.69871406e-01  6.65585090e-03  1.69204197e+09]
[-1.67553438e-01  6.59009293e-03  1.69204197e+09]
[-1.66057444e-01  6.55721395e-03  1.69204197e+09]
[-1.63295610e-01  6.50789548e-03  1.69204197e+09]
[-1.37880156e-01  6.50789548e-03  1.69204197e+09]
[-1.29857684e-01  6.42569802e-03  1.69204197e+09]
[-1.30038518e-01  6.40925853e-03  1.69204197e+09]
[-1.34921047e-01  6.47501650e-03  1.69204197e+09]
[-1.47546577e-01  6.44213751e-03  1.69204197e+09]
[-1.55042985e-01  6.45857701e-03  1.69204197e+09]
[-1.57410272e-01  6.26130311e-03  1.69204197e+09]
[-1.49469997e-01  6.19554515e-03  1.69204197e+09]
[-1.22722945e-01  6.26130311e-03  1.69204197e+09]
[-1.25550537e-01  6.27774261e-03  1.69204197e+09]
[-1.26799939e-01  6.35994006e-03  1.69204197e+09]
[-1.39951532e-01  6.35994006e-03  1.69204197e+09]
[-1.35479990e-01  6.27774261e-03  1.69204197e+09]
[-8.53559808e-02  6.16266617e-03  1.69204197e+09]
[-7.53142976e-03  6.26130311e-03  1.69204197e+09]
[-3.79966532e-03  6.27774261e-03  1.69204197e+09]
[-3.84898379e-03  6.29418210e-03  1.69204197e+09]
[-3.70102837e-03  3.19233483e-02  1.69204197e+09]
[-3.83254430e-03  4.11130236e-02  1.69204197e+09]
[-3.81610481e-03  3.84333866e-02  1.69204197e+09]
[-3.89830226e-03  1.84594053e-02  1.69204197e+09]
[-3.91474175e-03  2.39802276e-03  1.69204197e+09]
[-3.79966532e-03  2.31582530e-03  1.69204197e+09]
[-3.88186277e-03  2.25006734e-03  1.69204197e+09]
[-3.89830226e-03  2.39802276e-03  1.69204197e+09]
[-3.79966532e-03  2.31582530e-03  1.69204197e+09]
[-3.91474175e-03  2.31582530e-03  1.69204197e+09]
[-3.81610481e-03  2.36514378e-03  1.69204197e+09]
[-3.88186277e-03  2.36514378e-03  1.69204197e+09]
[-3.86542328e-03  2.36514378e-03  1.69204197e+09]
[-3.83254430e-03  2.26650683e-03  1.69204197e+09]
[-3.86542328e-03  2.43090174e-03  1.69204197e+09]
[-3.88186277e-03  2.44734123e-03  1.69204197e+09]
[-3.89830226e-03  2.41446225e-03  1.69204197e+09]
[-1.74608823e-02  2.51309919e-03  1.69204197e+09]
[-3.63169785e-02  2.51309919e-03  1.69204197e+09]
[-3.50182587e-02  2.46378072e-03  1.69204197e+09]
[-1.66060288e-02  2.46378072e-03  1.69204197e+09]
[-3.86542328e-03  3.97978643e-02  1.69204197e+09]
[-3.83254430e-03  8.42502468e-02  1.69204197e+09]
[-3.86542328e-03  1.05440750e-01  1.69204197e+09]
[-3.89830226e-03  1.18214234e-01  1.69204197e+09]
[-3.93118124e-03  1.27025800e-01  1.69204197e+09]
[-3.96406023e-03  1.33059093e-01  1.69204197e+09]
[-3.93118124e-03  1.40341787e-01  1.69204197e+09]
[-3.94762073e-03  1.42889908e-01  1.69204197e+09]
[-4.01337870e-03  1.39026628e-01  1.69204197e+09]
[-3.96406023e-03  1.21551450e-01  1.69204197e+09]
[-4.01337870e-03  1.08399858e-01  1.69204197e+09]
[-4.04625768e-03  7.02766799e-02  1.69204197e+09]
[-4.01337870e-03  5.06314887e-02  1.69204197e+09]
[-4.06269717e-03  5.66647817e-02  1.69204197e+09]
[-4.06269717e-03  7.10328964e-02  1.69204197e+09]
[-4.01337870e-03  7.49290557e-02  1.69204197e+09]
[-4.02981819e-03  6.16623868e-02  1.69204197e+09]
[-4.07913666e-03  3.74634566e-02  1.69204197e+09]
[-4.01337870e-03  1.67168193e-02  1.69204197e+09]
[-4.12845513e-03  6.26130311e-03  1.69204197e+09]
[-4.06269717e-03  9.03957707e-03  1.69204197e+09]
[-4.17777361e-03  1.59112842e-02  1.69204197e+09]
[-4.16133412e-03  2.66133927e-02  1.69204197e+09]
[-4.12845513e-03  4.16062083e-02  1.69204197e+09]
[-4.07913666e-03  5.94266161e-02  1.69204197e+09]
[-4.12845513e-03  6.66435525e-02  1.69204197e+09]
[-4.17777361e-03  5.99362403e-02  1.69204197e+09]
[-4.09557615e-03  4.02581700e-02  1.69204197e+09]
[-4.07913666e-03  2.95067431e-02  1.69204197e+09]
[-4.11201564e-03  3.31398706e-02  1.69204197e+09]
[-4.07913666e-03  5.75689537e-02  1.69204197e+09]
[-4.14489463e-03  7.13288073e-02  1.69204197e+09]
[-4.21065259e-03  7.79046035e-02  1.69204197e+09]
[-4.06269717e-03  7.89402914e-02  1.69204197e+09]
[-4.17777361e-03  7.59483041e-02  1.69204197e+09]
[-4.16133412e-03  7.01122850e-02  1.69204197e+09]
[-4.16133412e-03  6.66106735e-02  1.69204197e+09]
[-4.16133412e-03  6.58215779e-02  1.69204197e+09]
[-4.19421310e-03  6.25008009e-02  1.69204197e+09]
[-4.14489463e-03  5.07958836e-02  1.69204197e+09]
[-4.19421310e-03  3.62962528e-02  1.69204197e+09]
[-4.14489463e-03  1.42180167e-02  1.69204197e+09]
[-4.16133412e-03  6.50789548e-03  1.69204197e+09]
[-4.19421310e-03  6.35994006e-03  1.69204197e+09]
[-4.12845513e-03  6.34350057e-03  1.69204197e+09]
[-4.22709208e-03  6.31062159e-03  1.69204197e+09]
[-4.11201564e-03  6.35994006e-03  1.69204197e+09]
[-4.17777361e-03  6.34350057e-03  1.69204197e+09]
[-4.14489463e-03  6.26130311e-03  1.69204197e+09]
[-4.16133412e-03  6.29418210e-03  1.69204197e+09]
[-4.16133412e-03  6.34350057e-03  1.69204197e+09]
[-4.22709208e-03  6.32706108e-03  1.69204197e+09]
[-4.17777361e-03  6.34350057e-03  1.69204197e+09]
[-5.13126408e-03  6.31062159e-03  1.69204197e+09]
[-2.16529525e-02  6.31062159e-03  1.69204197e+09]
[-1.79211881e-02  6.26130311e-03  1.69204197e+09]
[-6.08475456e-03  6.35994006e-03  1.69204197e+09]
[-2.45162706e-03  6.35994006e-03  1.69204197e+09]
[-2.35299011e-03  2.49036857e-02  1.69204197e+09]
[-2.36942961e-03  8.03540875e-02  1.69204197e+09]
[-2.48450604e-03  1.26351781e-01  1.69204197e+09]
[-2.41874808e-03  1.22735094e-01  1.69204197e+09]
[-2.50094553e-03  7.16082786e-02  1.69204197e+09]
[-3.05988822e-03  8.92450064e-03  1.69204197e+09]
[-2.59958248e-03  7.82305475e-03  1.69204197e+09]
[-2.63246146e-03  7.56002289e-03  1.69204197e+09]
[-1.93514238e-02  7.42850697e-03  1.69204197e+09]
[-5.38085971e-02  7.34630951e-03  1.69204197e+09]
[-9.67814273e-02  7.28055155e-03  1.69204197e+09]
[-1.28378130e-01  7.16547511e-03  1.69204197e+09]
[-1.43124354e-01  7.18191460e-03  1.69204197e+09]
[-1.53234641e-01  7.23123308e-03  1.69204197e+09]
[-1.61503705e-01  7.16547511e-03  1.69204197e+09]
[-1.68276776e-01  7.09971715e-03  1.69204197e+09]
[-1.74901891e-01  6.95176173e-03  1.69204197e+09]
[-1.76019776e-01  7.05039868e-03  1.69204197e+09]
[-1.72156496e-01  7.06683817e-03  1.69204197e+09]
[-1.69197387e-01  7.03395919e-03  1.69204197e+09]
[-1.63213412e-01  6.91888275e-03  1.69204197e+09]
[-1.39589863e-01  6.91888275e-03  1.69204197e+09]
[-1.21637938e-01  6.98464071e-03  1.69204197e+09]
[-7.76951779e-02  7.01751970e-03  1.69204197e+09]
[-2.99548955e-02  6.96820122e-03  1.69204197e+09]
[-1.81677804e-02  6.96820122e-03  1.69204197e+09]
[-6.05187557e-03  6.96820122e-03  1.69204197e+09]
[-4.22709208e-03  7.00108020e-03  1.69204197e+09]
[-4.11201564e-03  1.48591568e-02  1.69204197e+09]
[-4.06269717e-03  1.83443289e-02  1.69204197e+09]
[-4.14489463e-03  1.63222715e-02  1.69204197e+09]
[-4.09557615e-03  1.55167365e-02  1.69204197e+09]
[-4.02981819e-03  8.94094013e-03  1.69204197e+09]
[-4.14489463e-03  5.71879992e-03  1.69204197e+09]
[-4.12845513e-03  5.63660246e-03  1.69204197e+09]
[-4.11201564e-03  5.55440501e-03  1.69204197e+09]
[-4.12845513e-03  5.53796552e-03  1.69204197e+09]
[-4.12845513e-03  1.44152906e-02  1.69204197e+09]
[-4.01337870e-03  4.61928262e-02  1.69204197e+09]
[-4.06269717e-03  5.29658963e-02  1.69204197e+09]
[-4.09557615e-03  4.73600300e-02  1.69204197e+09]
[-4.07913666e-03  3.73319407e-02  1.69204197e+09]
[-4.11201564e-03  3.54742783e-02  1.69204197e+09]
[-4.17777361e-03  4.02910490e-02  1.69204197e+09]
[-4.17777361e-03  3.98800618e-02  1.69204197e+09]
[-4.21065259e-03  2.47392908e-02  1.69204197e+09]
[-3.57415963e-02  5.80099737e-03  1.69204197e+09]
[-9.35428475e-02  4.53515657e-03  1.69204197e+09]
[-1.34740213e-01  4.55159606e-03  1.69204197e+09]
[-1.57640425e-01  4.55159606e-03  1.69204197e+09]
[-1.69707012e-01  4.48583810e-03  1.69204197e+09]
[-1.83647700e-01  4.48583810e-03  1.69204197e+09]
[-1.91226306e-01  4.46939861e-03  1.69204197e+09]
[-1.96618459e-01  4.60091454e-03  1.69204197e+09]
[-1.97358237e-01  4.53515657e-03  1.69204198e+09]
[-1.95106026e-01  4.58447505e-03  1.69204198e+09]
[-1.92804497e-01  4.46939861e-03  1.69204198e+09]
[-1.88957656e-01  4.51871708e-03  1.69204198e+09]
[-1.83269592e-01  4.56803555e-03  1.69204198e+09]
[-1.71712630e-01  4.53515657e-03  1.69204198e+09]
[-1.65843731e-01  4.46939861e-03  1.69204198e+09]
[-1.58741871e-01  4.46939861e-03  1.69204198e+09]
[-1.45360125e-01  4.46939861e-03  1.69204198e+09]
[-1.27128728e-01  4.51871708e-03  1.69204198e+09]
[-9.01563123e-02  4.56803555e-03  1.69204198e+09]
[-5.31674569e-02  4.46939861e-03  1.69204198e+09]
[-1.47319268e-02  2.40817112e-02  1.69204198e+09]
[-3.50218961e-05  5.04013358e-02  1.69204198e+09]
[-5.14613870e-05  7.94663551e-02  1.69204198e+09]
[-1.17219351e-04  9.73525206e-02  1.69204198e+09]
[-6.79008779e-05  1.12822081e-01  1.69204198e+09]
[-8.43403688e-05  1.24642074e-01  1.69204198e+09]
[-1.82977314e-04  1.36083960e-01  1.69204198e+09]
[-1.66537823e-04  1.50254800e-01  1.69204198e+09]
[-1.50098332e-04  1.55992182e-01  1.69204198e+09]
[-1.66537823e-04  1.56666201e-01  1.69204198e+09]
[-1.33658842e-04  1.52424813e-01  1.69204198e+09]
[-1.99416805e-04  1.46966902e-01  1.69204198e+09]
[-1.82977314e-04  1.35672972e-01  1.69204198e+09]
[-2.15856296e-04  1.10323278e-01  1.69204198e+09]
[-1.50098332e-04  1.07479247e-01  1.69204198e+09]
[-2.32295787e-04  9.81909346e-02  1.69204198e+09]
[-1.82977314e-04  7.56523933e-02  1.69204198e+09]
[-1.50098332e-04  7.22658582e-02  1.69204198e+09]
[-1.50098332e-04  5.88841129e-02  1.69204198e+09]
[-1.17219351e-04  4.58475969e-02  1.69204198e+09]
[-1.66537823e-04  3.78086859e-02  1.69204198e+09]
[-1.99416805e-04  8.21760253e-03  1.69204198e+09]
[-1.50098332e-04  7.23123308e-03  1.69204198e+09]
[-1.82977314e-04  7.21479359e-03  1.69204198e+09]
[-2.32295787e-04  7.14903562e-03  1.69204198e+09]
[-1.99416805e-04  7.08327766e-03  1.69204198e+09]
[-1.33658842e-04  7.14903562e-03  1.69204198e+09]
[-1.82977314e-04  1.38399084e-02  1.69204198e+09]
[-1.66537823e-04  1.10780739e-02  1.69204198e+09]
[-1.23317611e-02  6.63941141e-03  1.69204198e+09]
[-5.28715461e-02  6.44213751e-03  1.69204198e+09]
[-9.08303314e-02  6.45857701e-03  1.69204198e+09]
[-1.12546900e-01  6.40925853e-03  1.69204198e+09]
[-1.22854461e-01  6.40925853e-03  1.69204198e+09]
[-1.27917824e-01  6.31062159e-03  1.69204198e+09]
[-1.29463136e-01  6.34350057e-03  1.69204198e+09]
[-1.31485194e-01  6.34350057e-03  1.69204198e+09]
[-1.28591843e-01  6.32706108e-03  1.69204198e+09]
[-1.20503613e-01  6.31062159e-03  1.69204198e+09]
[-1.16525256e-01  6.29418210e-03  1.69204198e+09]
[-1.15111460e-01  6.31062159e-03  1.69204198e+09]
[-1.09341199e-01  6.24486362e-03  1.69204198e+09]
[-8.64409872e-02  6.17910566e-03  1.69204198e+09]
[-3.66786473e-02  6.26130311e-03  1.69204198e+09]
[-7.59718772e-03  6.16266617e-03  1.69204198e+09]
[-4.04625768e-03  6.19554515e-03  1.69204198e+09]
[-3.71746786e-03  3.20055457e-02  1.69204198e+09]
[-3.83254430e-03  7.22658582e-02  1.69204198e+09]
[-3.89830226e-03  9.99663996e-02  1.69204198e+09]
[-3.88186277e-03  1.07594323e-01  1.69204198e+09]
[-3.84898379e-03  1.19677348e-01  1.69204198e+09]
[-3.98049972e-03  1.27502546e-01  1.69204198e+09]
[-3.91474175e-03  1.32269998e-01  1.69204198e+09]
[-3.86542328e-03  1.36248354e-01  1.69204198e+09]
[-3.93118124e-03  1.32845380e-01  1.69204198e+09]
[-3.99693921e-03  1.26960043e-01  1.69204198e+09]
[-3.89830226e-03  1.15929145e-01  1.69204198e+09]
[-3.94762073e-03  6.41283104e-02  1.69204198e+09]
[-3.94762073e-03  2.91450743e-02  1.69204198e+09]
[-3.94762073e-03  8.59571082e-03  1.69204198e+09]
[-3.94762073e-03  7.65865984e-03  1.69204198e+09]
[-3.98049972e-03  7.54358340e-03  1.69204198e+09]
[-3.94762073e-03  7.47782544e-03  1.69204198e+09]
[-3.98049972e-03  7.37918849e-03  1.69204198e+09]
[-3.57251569e-02  7.32987002e-03  1.69204198e+09]
[-6.84890627e-02  7.31343053e-03  1.69204198e+09]
[-9.25071595e-02  7.32987002e-03  1.69204198e+09]
[-1.04820339e-01  7.28055155e-03  1.69204198e+09]
[-1.08552103e-01  7.26411206e-03  1.69204198e+09]
[-1.07763008e-01  7.24767257e-03  1.69204198e+09]
[-8.52573438e-02  7.13259613e-03  1.69204198e+09]
[-4.00487430e-02  7.18191460e-03  1.69204198e+09]
[-6.82453165e-03  1.23110357e-02  1.69204198e+09]
