HokinLeft_Hand
Dev2/ai0 Dev2/ai1
[-8.40272278e-03  3.64742406e-03  1.69204212e+09]
[-8.09037245e-03  3.66386356e-03  1.69204212e+09]
[-7.67938518e-03  3.66386356e-03  1.69204212e+09]
[-6.69301572e-03  3.61454508e-03  1.69204212e+09]
[-5.26278001e-03  3.63098457e-03  1.69204212e+09]
[-4.32572903e-03  3.61454508e-03  1.69204212e+09]
[-3.89830226e-03  3.58166610e-03  1.69204212e+09]
[-4.01337870e-03  3.61454508e-03  1.69204212e+09]
[-5.44661767e-02  3.69674254e-03  1.69204212e+09]
[-1.54155253e-01  4.28856421e-03  1.69204212e+09]
[-2.15310162e-01  3.53234763e-03  1.69204212e+09]
[-2.44786170e-01  3.30219476e-03  1.69204212e+09]
[-2.56195178e-01  3.21999730e-03  1.69204212e+09]
[-2.62376427e-01  3.20355781e-03  1.69204212e+09]
[-2.65549249e-01  3.25287628e-03  1.69204212e+09]
[-2.69215255e-01  3.28575527e-03  1.69204212e+09]
[-2.69478287e-01  3.25287628e-03  1.69204212e+09]
[-2.69609803e-01  3.23643679e-03  1.69204212e+09]
[-2.71253752e-01  3.21999730e-03  1.69204212e+09]
[-2.68574115e-01  3.26931577e-03  1.69204212e+09]
[-2.65582128e-01  3.35151323e-03  1.69204212e+09]
[-2.62721656e-01  3.33507374e-03  1.69204212e+09]
[-2.60074898e-01  3.18711832e-03  1.69204212e+09]
[-2.59450197e-01  3.28575527e-03  1.69204212e+09]
[-2.57724050e-01  3.36795272e-03  1.69204212e+09]
[-2.54896458e-01  3.28575527e-03  1.69204212e+09]
[-2.42320247e-01  3.26931577e-03  1.69204212e+09]
[-2.05791696e-01  7.69153882e-03  1.69204212e+09]
[-1.17166397e-01  5.68949346e-02  1.69204212e+09]
[-2.12912837e-02  1.08893043e-01  1.69204212e+09]
[-5.47649339e-03  1.36396310e-01  1.69204212e+09]
[-5.27921950e-03  1.67105277e-01  1.69204212e+09]
[-5.26278001e-03  1.87621760e-01  1.69204212e+09]
[-5.21346154e-03  2.04636632e-01  1.69204212e+09]
[-5.19702205e-03  2.13694791e-01  1.69204212e+09]
[-5.14770357e-03  2.19925357e-01  1.69204212e+09]
[-5.19702205e-03  2.22604994e-01  1.69204212e+09]
[-5.21346154e-03  2.24610612e-01  1.69204212e+09]
[-5.16414306e-03  2.24314701e-01  1.69204212e+09]
[-5.14770357e-03  2.21963854e-01  1.69204212e+09]
[-5.22990103e-03  2.19415733e-01  1.69204212e+09]
[-5.16414306e-03  2.17837542e-01  1.69204212e+09]
[-5.22990103e-03  2.19169141e-01  1.69204212e+09]
[-5.18058255e-03  2.16834733e-01  1.69204212e+09]
[-5.21346154e-03  2.13267364e-01  1.69204212e+09]
[-5.26278001e-03  2.06872403e-01  1.69204212e+09]
[-5.21346154e-03  2.04932543e-01  1.69204212e+09]
[-5.26278001e-03  2.01167900e-01  1.69204212e+09]
[-9.07674191e-03  1.92142620e-01  1.69204212e+09]
[-7.63006670e-03  1.93211187e-01  1.69204212e+09]
[-5.11482459e-03  1.88723206e-01  1.69204212e+09]
[-5.06550612e-03  1.57258023e-01  1.69204212e+09]
[-3.93089659e-02  7.52907245e-02  1.69204212e+09]
[-1.08798695e-01  1.64866664e-02  1.69204212e+09]
[-1.56275947e-01  4.92970435e-03  1.69204212e+09]
[-1.86820522e-01  4.50227759e-03  1.69204212e+09]
[-2.03572364e-01  4.30500370e-03  1.69204212e+09]
[-2.07139734e-01  4.25568523e-03  1.69204212e+09]
[-2.10674225e-01  4.09129032e-03  1.69204212e+09]
[-2.10296117e-01  4.14060879e-03  1.69204212e+09]
[-2.05545103e-01  4.15704828e-03  1.69204212e+09]
[-1.95862243e-01  4.14060879e-03  1.69204212e+09]
[-1.90650924e-01  4.00909286e-03  1.69204212e+09]
[-1.82710649e-01  3.95977439e-03  1.69204212e+09]
[-1.82891484e-01  4.02553236e-03  1.69204212e+09]
[-1.75164923e-01  4.02553236e-03  1.69204212e+09]
[-1.71120808e-01  4.00909286e-03  1.69204212e+09]
[-1.54730635e-01  3.92689541e-03  1.69204212e+09]
[-1.02190020e-01  3.94333490e-03  1.69204212e+09]
[-3.38839339e-02  4.74886995e-03  1.69204212e+09]
[-5.42717492e-03  1.19233482e-01  1.69204212e+09]
[-5.26278001e-03  1.83955754e-01  1.69204212e+09]
[-5.18058255e-03  2.14763358e-01  1.69204212e+09]
[-5.21346154e-03  2.32041261e-01  1.69204212e+09]
[-5.16414306e-03  2.36200452e-01  1.69204212e+09]
[-5.14770357e-03  2.35625070e-01  1.69204212e+09]
[-5.14770357e-03  2.29213669e-01  1.69204212e+09]
[-5.19702205e-03  2.10341135e-01  1.69204212e+09]
[-5.21346154e-03  1.27255953e-01  1.69204212e+09]
[-5.22990103e-03  2.88491635e-02  1.69204212e+09]
[-5.19702205e-03  5.34069163e-03  1.69204212e+09]
[-5.26278001e-03  4.81462792e-03  1.69204212e+09]
[-8.26434647e-02  4.61735403e-03  1.69204212e+09]
[-1.49848106e-01  4.51871708e-03  1.69204212e+09]
[-1.73504534e-01  4.37076166e-03  1.69204212e+09]
[-1.83713458e-01  4.28856421e-03  1.69204212e+09]
[-1.85423166e-01  4.22280625e-03  1.69204212e+09]
[-1.82496936e-01  4.02553236e-03  1.69204212e+09]
[-1.71104368e-01  4.00909286e-03  1.69204212e+09]
[-1.62309240e-01  4.02553236e-03  1.69204212e+09]
[-1.21785894e-01  4.02553236e-03  1.69204212e+09]
[-5.97596929e-02  4.04197185e-03  1.69204212e+09]
[-1.41565446e-02  4.00909286e-03  1.69204212e+09]
[-5.14770357e-03  3.89401643e-03  1.69204212e+09]
[-5.06550612e-03  3.84469796e-03  1.69204212e+09]
[-5.01618764e-03  3.92689541e-03  1.69204212e+09]
[-4.88467172e-03  3.89401643e-03  1.69204212e+09]
[-4.98330866e-03  3.82825846e-03  1.69204212e+09]
[-4.90111121e-03  3.77893999e-03  1.69204212e+09]
[-4.83535324e-03  3.84469796e-03  1.69204212e+09]
[-4.78603477e-03  1.79497811e-02  1.69204212e+09]
[-4.63807935e-03  1.28669749e-01  1.69204212e+09]
[-4.67095834e-03  1.86668270e-01  1.69204212e+09]
[-4.73671630e-03  2.07135435e-01  1.69204212e+09]
[-4.80247426e-03  1.94789378e-01  1.69204212e+09]
[-4.86823223e-03  1.75999041e-01  1.69204212e+09]
[-4.80247426e-03  1.68535513e-01  1.69204212e+09]
[-4.83535324e-03  1.77084047e-01  1.69204212e+09]
[-4.86823223e-03  1.70590449e-01  1.69204212e+09]
[-4.96686917e-03  1.19907501e-01  1.69204212e+09]
[-4.93399019e-03  3.29590362e-02  1.69204212e+09]
[-4.85179274e-03  6.21198464e-03  1.69204212e+09]
[-4.90111121e-03  5.20917570e-03  1.69204213e+09]
[-4.96686917e-03  4.94614384e-03  1.69204213e+09]
[-4.93399019e-03  4.89682537e-03  1.69204213e+09]
[-4.85179274e-03  4.69955148e-03  1.69204213e+09]
[-4.90111121e-03  4.63379352e-03  1.69204213e+09]
[-4.86823223e-03  4.63379352e-03  1.69204213e+09]
[-4.03939723e-02  4.56803555e-03  1.69204213e+09]
[-9.58936947e-02  4.53515657e-03  1.69204213e+09]
[-1.41233812e-01  4.53515657e-03  1.69204213e+09]
[-1.39113118e-01  4.48583810e-03  1.69204213e+09]
[-1.37995232e-01  4.42008014e-03  1.69204213e+09]
[-1.26799939e-01  4.51871708e-03  1.69204213e+09]
[-1.15982753e-01  4.43651963e-03  1.69204213e+09]
[-1.06957472e-01  4.45295912e-03  1.69204213e+09]
