HokinLeft_Hand
Dev2/ai0 Dev2/ai1
[-1.61786020e-02  4.60091454e-03  1.69204213e+09]
[-1.77732326e-02  4.48583810e-03  1.69204213e+09]
[-1.97624110e-02  4.53515657e-03  1.69204213e+09]
[-2.37572074e-02  4.53515657e-03  1.69204213e+09]
[-3.31770357e-02  4.42008014e-03  1.69204213e+09]
[-7.59032733e-02  4.40364065e-03  1.69204213e+09]
[-1.48697341e-01  5.91607381e-03  1.69204213e+09]
[-2.10920817e-01  4.12416930e-03  1.69204213e+09]
[-2.55701993e-01  2.49665970e-03  1.69204213e+09]
[-2.71730498e-01  1.46097178e-03  1.69204213e+09]
[-2.85424594e-01  1.04998450e-03  1.69204213e+09]
[-2.83862843e-01  1.09930298e-03  1.69204213e+09]
[-2.67406911e-01  1.04998450e-03  1.69204213e+09]
[-1.82233904e-01  7.30878327e-02  1.69204213e+09]
[-7.00179354e-02  1.87473805e-01  1.69204213e+09]
[-9.07674191e-03  2.47264228e-01  1.69204213e+09]
[-5.37785645e-03  2.71019290e-01  1.69204213e+09]
[-5.41073543e-03  2.88198556e-01  1.69204213e+09]
[-5.34497746e-03  2.95168899e-01  1.69204213e+09]
[-5.34497746e-03  3.04835319e-01  1.69204213e+09]
[-5.27921950e-03  3.19170553e-01  1.69204213e+09]
[-5.31209848e-03  3.39506200e-01  1.69204213e+09]
[-5.18058255e-03  3.47150562e-01  1.69204213e+09]
[-5.27921950e-03  3.38782863e-01  1.69204213e+09]
[-5.37785645e-03  3.22277616e-01  1.69204213e+09]
[-5.37785645e-03  2.54892151e-01  1.69204213e+09]
[-5.46005390e-03  9.71388072e-02  1.69204213e+09]
[-5.44361441e-03  3.96170299e-02  1.69204213e+09]
[-5.47649339e-03  5.52152603e-03  1.69204213e+09]
[-5.44361441e-03  4.61735403e-03  1.69204213e+09]
[-6.66149607e-02  4.37076166e-03  1.69204213e+09]
[-1.17823976e-01  4.17348777e-03  1.69204213e+09]
[-1.48795978e-01  4.07485083e-03  1.69204213e+09]
[-1.70298833e-01  4.04197185e-03  1.69204213e+09]
[-1.87182191e-01  4.02553236e-03  1.69204213e+09]
[-1.93462077e-01  4.02553236e-03  1.69204213e+09]
[-1.92344192e-01  3.92689541e-03  1.69204213e+09]
[-1.90338574e-01  3.95977439e-03  1.69204213e+09]
[-1.90650924e-01  3.89401643e-03  1.69204213e+09]
[-1.91193427e-01  3.87757694e-03  1.69204213e+09]
[-1.92377071e-01  3.91045592e-03  1.69204213e+09]
[-1.92804497e-01  3.94333490e-03  1.69204213e+09]
[-1.93001771e-01  3.79537948e-03  1.69204213e+09]
[-1.94990950e-01  3.82825846e-03  1.69204213e+09]
[-1.94415568e-01  3.79537948e-03  1.69204213e+09]
[-1.91111230e-01  3.79537948e-03  1.69204213e+09]
[-1.81033821e-01  3.79537948e-03  1.69204213e+09]
[-1.74079916e-01  3.72962152e-03  1.69204213e+09]
[-1.73882642e-01  3.72962152e-03  1.69204213e+09]
[-1.76134853e-01  3.77893999e-03  1.69204213e+09]
[-1.74688178e-01  3.84469796e-03  1.69204213e+09]
[-1.76414324e-01  3.82825846e-03  1.69204213e+09]
[-1.70792018e-01  3.68030305e-03  1.69204213e+09]
[-1.62309240e-01  3.71318203e-03  1.69204213e+09]
[-1.43913449e-01  3.72962152e-03  1.69204213e+09]
[-9.27208729e-02  3.71318203e-03  1.69204213e+09]
[-4.44545266e-02  3.76250050e-03  1.69204213e+09]
[-1.41236656e-02  3.69674254e-03  1.69204213e+09]
[-5.09838510e-03  3.61454508e-03  1.69204213e+09]
[-5.01618764e-03  3.76250050e-03  1.69204213e+09]
[-4.96686917e-03  3.72962152e-03  1.69204213e+09]
[-4.58876088e-03  2.22240487e-02  1.69204213e+09]
[-4.68739783e-03  3.55893547e-02  1.69204213e+09]
[-4.78603477e-03  4.41543293e-02  1.69204213e+09]
[-4.90111121e-03  5.42810556e-02  1.69204213e+09]
[-4.78603477e-03  8.28200111e-02  1.69204213e+09]
[-4.85179274e-03  1.05325673e-01  1.69204213e+09]
[-4.78603477e-03  1.32105603e-01  1.69204213e+09]
[-4.73671630e-03  1.27453227e-01  1.69204213e+09]
[-4.75315579e-03  9.72867626e-02  1.69204213e+09]
[-4.85179274e-03  3.26302464e-02  1.69204213e+09]
[-4.90111121e-03  4.74886995e-03  1.69204213e+09]
[-4.88467172e-03  4.12416930e-03  1.69204213e+09]
[-4.88467172e-03  3.97621388e-03  1.69204213e+09]
[-4.91755070e-03  3.84469796e-03  1.69204213e+09]
[-7.36839420e-02  3.81181897e-03  1.69204213e+09]
[-1.29167225e-01  3.71318203e-03  1.69204213e+09]
[-1.51113947e-01  3.61454508e-03  1.69204213e+09]
[-1.62588712e-01  3.54878712e-03  1.69204213e+09]
[-1.64101145e-01  3.56522661e-03  1.69204213e+09]
[-1.63065457e-01  3.51590814e-03  1.69204213e+09]
[-1.60303622e-01  3.58166610e-03  1.69204213e+09]
[-1.49930303e-01  3.53234763e-03  1.69204213e+09]
[-1.24449091e-01  3.43371068e-03  1.69204213e+09]
[-7.35359866e-02  3.51590814e-03  1.69204213e+09]
[-2.52860800e-02  3.46658967e-03  1.69204213e+09]
[-6.74233419e-03  3.41727119e-03  1.69204213e+09]
[-5.49293288e-03  3.41727119e-03  1.69204213e+09]
[-5.41073543e-03  3.38439221e-03  1.69204213e+09]
[-5.46005390e-03  3.36795272e-03  1.69204213e+09]
[-5.49293288e-03  3.41727119e-03  1.69204213e+09]
[-5.37785645e-03  3.35151323e-03  1.69204213e+09]
[-5.34497746e-03  3.07232654e-02  1.69204213e+09]
[-5.13126408e-03  7.25782085e-02  1.69204213e+09]
[-5.11482459e-03  1.06377801e-01  1.69204213e+09]
[-5.09838510e-03  1.29968469e-01  1.69204213e+09]
[-5.11482459e-03  1.39207463e-01  1.69204213e+09]
[-5.14770357e-03  1.41739144e-01  1.69204213e+09]
[-5.13126408e-03  1.33815310e-01  1.69204213e+09]
[-5.34497746e-03  9.96047308e-02  1.69204213e+09]
[-5.27921950e-03  3.62962528e-02  1.69204213e+09]
[-5.31209848e-03  4.94614384e-03  1.69204213e+09]
[-5.32853797e-03  4.50227759e-03  1.69204213e+09]
[-5.34497746e-03  4.32144319e-03  1.69204213e+09]
[-5.73952525e-03  4.10772981e-03  1.69204213e+09]
[-9.42197122e-03  4.07485083e-03  1.69204213e+09]
[-7.25195841e-03  4.05841134e-03  1.69204213e+09]
[-3.52019397e-03  3.94333490e-03  1.69204213e+09]
[-9.89871646e-03  3.94333490e-03  1.69204213e+09]
[-5.53210303e-02  3.86113745e-03  1.69204213e+09]
[-1.47119150e-01  3.82825846e-03  1.69204213e+09]
[-1.81790038e-01  3.77893999e-03  1.69204213e+09]
[-1.94366249e-01  3.79537948e-03  1.69204213e+09]
[-1.99429613e-01  3.69674254e-03  1.69204213e+09]
[-1.95911561e-01  3.76250050e-03  1.69204213e+09]
[-1.81116019e-01  3.72962152e-03  1.69204213e+09]
[-1.35940296e-01  3.66386356e-03  1.69204213e+09]
[-8.26434647e-02  3.99265337e-03  1.69204213e+09]
