HokinLeft_Hand
Dev2/ai0 Dev2/ai1
[-4.32572903e-03  2.80901003e-03  1.69204213e+09]
[-4.62163986e-03  2.74325207e-03  1.69204213e+09]
[-5.39429594e-03  2.72681258e-03  1.69204213e+09]
[-6.03543608e-03  2.79257054e-03  1.69204213e+09]
[-6.46286285e-03  2.71037308e-03  1.69204213e+09]
[-6.97248707e-03  2.77613105e-03  1.69204213e+09]
[-6.39710488e-03  2.85832850e-03  1.69204214e+09]
[-6.59437877e-03  2.71037308e-03  1.69204214e+09]
[-6.77521318e-03  2.74325207e-03  1.69204214e+09]
[-5.70664626e-03  2.71037308e-03  1.69204214e+09]
[-4.14489463e-03  2.77613105e-03  1.69204214e+09]
