HokinLeft_Hand
Dev2/ai0 Dev2/ai1
[-2.15543156e-02  9.02029085e-04  1.69204217e+09]
[-2.15871945e-02  3.59525886e-04  1.69204217e+09]
[-2.18502264e-02 -1.99416805e-04  1.69204217e+09]
[-2.21954557e-02 -1.61321302e-03  1.69204217e+09]
[-2.21461372e-02 -2.10639775e-03  1.69204217e+09]
[-2.03871117e-02 -2.20503470e-03  1.69204217e+09]
[-2.32640226e-02 -2.18859521e-03  1.69204217e+09]
[-8.34325603e-02 -2.10639775e-03  1.69204217e+09]
[-1.82727089e-01 -2.08995826e-03  1.69204217e+09]
[-2.33492239e-01 -2.02420030e-03  1.69204217e+09]
[-2.44506699e-01 -2.07351877e-03  1.69204217e+09]
[-2.45509508e-01 -2.00776081e-03  1.69204217e+09]
[-2.41350317e-01 -1.99132131e-03  1.69204217e+09]
[-2.27672659e-01  7.21479357e-03  1.69204217e+09]
[-1.51344099e-01  1.06640833e-01  1.69204217e+09]
[-2.45956214e-02  2.43384509e-01  1.69204217e+09]
[-4.11201564e-03  3.22655724e-01  1.69204217e+09]
[-4.19421310e-03  3.46854651e-01  1.69204217e+09]
[-4.11201564e-03  3.39703474e-01  1.69204217e+09]
[-4.06269717e-03  3.59397981e-01  1.69204217e+09]
[-4.14489463e-03  3.68439699e-01  1.69204217e+09]
[-4.16133412e-03  3.79141806e-01  1.69204217e+09]
[-4.32572903e-03  3.77382781e-01  1.69204217e+09]
[-4.16133412e-03  3.97471835e-01  1.69204217e+09]
[-4.24353157e-03  3.84714793e-01  1.69204217e+09]
[-4.25997106e-03  3.64083235e-01  1.69204217e+09]
[-4.14489463e-03  2.46935438e-01  1.69204217e+09]
[-4.06269717e-03  7.85457436e-02  1.69204217e+09]
[-6.80780755e-02  7.28055155e-03  1.69204217e+09]
[-1.45902628e-01  8.69150104e-04  1.69204217e+09]
[-2.06399957e-01  4.74602322e-04  1.69204217e+09]
[-2.31831851e-01  3.43086395e-04  1.69204217e+09]
[-2.45673903e-01  2.77328431e-04  1.69204217e+09]
[-2.48665890e-01  2.44449449e-04  1.69204217e+09]
[-2.42254489e-01  1.78691486e-04  1.69204217e+09]
[-2.40183113e-01  1.45812504e-04  1.69204217e+09]
[-2.38177495e-01  1.42965766e-05  1.69204217e+09]
[-2.37470596e-01  4.71755584e-05  1.69204217e+09]
[-2.33262087e-01  3.07360675e-05  1.69204217e+09]
[-2.29645398e-01  4.71755584e-05  1.69204217e+09]
[-2.22773691e-01 -2.14291431e-06  1.69204217e+09]
[-2.18252831e-01  4.71755584e-05  1.69204217e+09]
[-2.14077200e-01 -1.85824052e-05  1.69204217e+09]
[-2.12104461e-01 -5.14613870e-05  1.69204217e+09]
[-2.08619288e-01 -1.85824052e-05  1.69204217e+09]
[-1.96733536e-01 -1.33658842e-04  1.69204217e+09]
[-1.75148483e-01 -8.43403688e-05  1.69204217e+09]
[-1.54138813e-01 -3.50218961e-05  1.69204217e+09]
[-1.41266691e-01  3.07360675e-05  1.69204217e+09]
[-1.13188040e-01  4.23624249e-02  1.69204217e+09]
[-7.87308658e-02  1.20334928e-01  1.69204218e+09]
[-9.08138919e-02  1.48906762e-01  1.69204218e+09]
[-1.78041834e-01  1.57619691e-01  1.69204218e+09]
[-2.98789901e-01  1.61499411e-01  1.69204218e+09]
[-3.44820479e-01  2.08861581e-01  1.69204218e+09]
[-3.79096820e-01  2.80208964e-01  1.69204218e+09]
[-4.00418841e-01  3.12528999e-01  1.69204218e+09]
[-4.04315000e-01  3.19910330e-01  1.69204218e+09]
[-4.06402816e-01  3.14304464e-01  1.69204218e+09]
[-4.02868325e-01  3.08731477e-01  1.69204218e+09]
[-3.87135731e-01  3.06281994e-01  1.69204218e+09]
[-3.73096405e-01  3.09158904e-01  1.69204218e+09]
[-3.71271621e-01  3.12002936e-01  1.69204218e+09]
[-3.61769595e-01  3.23050272e-01  1.69204218e+09]
[-3.61243531e-01  3.43270843e-01  1.69204218e+09]
[-3.62081945e-01  3.69113718e-01  1.69204218e+09]
[-3.57396690e-01  4.03439369e-01  1.69204218e+09]
[-3.51823702e-01  4.26092983e-01  1.69204218e+09]
[-3.41696975e-01  4.30630282e-01  1.69204218e+09]
[-3.29268719e-01  4.21621443e-01  1.69204218e+09]
[-3.23268305e-01  4.14996329e-01  1.69204218e+09]
[-3.14078629e-01  4.11675553e-01  1.69204218e+09]
[-3.06516462e-01  4.07993107e-01  1.69204218e+09]
[-3.01617494e-01  4.02732471e-01  1.69204218e+09]
[-2.93496385e-01  3.94940154e-01  1.69204218e+09]
[-2.87249378e-01  3.86523136e-01  1.69204218e+09]
[-2.85769824e-01  3.81311819e-01  1.69204218e+09]
[-2.84799894e-01  3.79437717e-01  1.69204218e+09]
[-2.86756193e-01  3.79881583e-01  1.69204218e+09]
[-2.87117862e-01  3.79191125e-01  1.69204218e+09]
[-2.85046486e-01  3.77004673e-01  1.69204218e+09]
[-2.80640702e-01  3.73305788e-01  1.69204218e+09]
[-2.75001956e-01  3.65842260e-01  1.69204218e+09]
[-2.70431778e-01  3.59118510e-01  1.69204218e+09]
[-2.66535618e-01  3.51704300e-01  1.69204218e+09]
[-2.67028803e-01  3.47051925e-01  1.69204218e+09]
[-2.65746522e-01  3.45161384e-01  1.69204218e+09]
[-2.67620625e-01  3.46081995e-01  1.69204218e+09]
[-2.70546854e-01  3.48432842e-01  1.69204218e+09]
[-2.76596587e-01  3.51342632e-01  1.69204218e+09]
[-2.85753384e-01  3.53446886e-01  1.69204218e+09]
[-2.96291098e-01  3.57392363e-01  1.69204218e+09]
[-3.09179660e-01  3.59463739e-01  1.69204218e+09]
[-3.12862106e-01  3.60367911e-01  1.69204218e+09]
[-3.10708533e-01  3.58444491e-01  1.69204218e+09]
[-3.08801552e-01  3.55748414e-01  1.69204218e+09]
[-3.06286310e-01  3.53118096e-01  1.69204218e+09]
[-3.01485978e-01  3.50339823e-01  1.69204218e+09]
[-2.96554130e-01  3.48662995e-01  1.69204218e+09]
[-2.92970321e-01  3.46164193e-01  1.69204218e+09]
[-2.90750990e-01  3.43813346e-01  1.69204218e+09]
[-2.89961894e-01  3.42152958e-01  1.69204218e+09]
[-2.89715302e-01  3.40196659e-01  1.69204218e+09]
[-2.89419391e-01  3.38158162e-01  1.69204218e+09]
[-2.89633104e-01  3.37664977e-01  1.69204218e+09]
[-2.90586595e-01  3.39654155e-01  1.69204218e+09]
[-2.91474327e-01  3.42087200e-01  1.69204218e+09]
[-2.93200474e-01  3.44454486e-01  1.69204218e+09]
[-2.94219722e-01  3.47676626e-01  1.69204218e+09]
[-2.94499194e-01  3.49402772e-01  1.69204218e+09]
[-2.93742977e-01  3.49682243e-01  1.69204218e+09]
[-2.92641531e-01  3.48893148e-01  1.69204218e+09]
[-2.90734550e-01  3.47002607e-01  1.69204218e+09]
[-2.89961894e-01  3.46575180e-01  1.69204218e+09]
[-2.89156359e-01  3.46739575e-01  1.69204218e+09]
[-2.88926206e-01  3.46410785e-01  1.69204218e+09]
[-2.89074161e-01  3.46673817e-01  1.69204218e+09]
[-2.89271435e-01  3.46164193e-01  1.69204218e+09]
[-2.90109849e-01  3.46591619e-01  1.69204218e+09]
[-2.89978334e-01  3.46821772e-01  1.69204218e+09]
[-2.89254996e-01  3.45802524e-01  1.69204218e+09]
[-2.88696053e-01  3.45917600e-01  1.69204218e+09]
[-2.89172798e-01  3.46443664e-01  1.69204218e+09]
[-2.89008404e-01  3.47035486e-01  1.69204218e+09]
[-2.88942646e-01  3.47002607e-01  1.69204218e+09]
[-2.87150741e-01  3.46739575e-01  1.69204218e+09]
[-2.84717696e-01  3.45868282e-01  1.69204218e+09]
[-2.82876473e-01  3.44733957e-01  1.69204218e+09]
[-2.80920173e-01  3.43681830e-01  1.69204218e+09]
[-2.75725294e-01  3.41380302e-01  1.69204218e+09]
[-2.66749331e-01  3.39522639e-01  1.69204218e+09]
[-2.63855981e-01  3.39473321e-01  1.69204218e+09]
[-2.64940987e-01  3.41594015e-01  1.69204218e+09]
[-2.67702822e-01  3.43435238e-01  1.69204218e+09]
[-2.69774198e-01  3.44290091e-01  1.69204218e+09]
[-2.70727689e-01  3.43402359e-01  1.69204218e+09]
[-2.70481096e-01  3.42892735e-01  1.69204218e+09]
[-2.70119427e-01  3.41347423e-01  1.69204218e+09]
[-2.69757758e-01  3.40295295e-01  1.69204218e+09]
[-2.68541236e-01  3.38322557e-01  1.69204218e+09]
[-2.67554867e-01  3.38338996e-01  1.69204218e+09]
