HokinLeft_Hand
Dev2/ai0 Dev2/ai1
[-3.06946726e-02  6.03115024e-03  1.69204198e+09]
[-4.17255711e-02  6.01471075e-03  1.69204198e+09]
[-7.26811330e-02  6.03115024e-03  1.69204198e+09]
[-8.61615159e-02  6.03115024e-03  1.69204198e+09]
[-8.62930318e-02  6.06402922e-03  1.69204198e+09]
[-7.55251650e-02  5.98183177e-03  1.69204198e+09]
[-3.71389531e-02  6.26130311e-03  1.69204198e+09]
[-4.50656343e-03  6.38981576e-02  1.69204198e+09]
[-3.96406023e-03  1.41952857e-01  1.69204198e+09]
[-3.93118124e-03  1.62074793e-01  1.69204198e+09]
[-3.91474175e-03  1.69752035e-01  1.69204198e+09]
[-3.86542328e-03  1.72842659e-01  1.69204198e+09]
[-3.84898379e-03  1.72201519e-01  1.69204198e+09]
[-3.96406023e-03  1.70228780e-01  1.69204198e+09]
[-3.93118124e-03  1.67088838e-01  1.69204198e+09]
[-3.89830226e-03  1.67384748e-01  1.69204198e+09]
[-3.89830226e-03  1.68667029e-01  1.69204198e+09]
[-3.86542328e-03  1.72563188e-01  1.69204198e+09]
[-3.81610481e-03  1.81013085e-01  1.69204198e+09]
[-3.88186277e-03  1.89134193e-01  1.69204198e+09]
[-3.91474175e-03  2.03222836e-01  1.69204198e+09]
[-3.84898379e-03  2.10143861e-01  1.69204198e+09]
[-3.76678633e-03  2.15305861e-01  1.69204198e+09]
[-3.79966532e-03  2.16144275e-01  1.69204198e+09]
[-3.76678633e-03  2.20073313e-01  1.69204198e+09]
[-3.76678633e-03  2.27125854e-01  1.69204198e+09]
[-3.79966532e-03  2.33290662e-01  1.69204198e+09]
[-3.84898379e-03  2.37301898e-01  1.69204198e+09]
[-3.81610481e-03  2.34441427e-01  1.69204198e+09]
[-3.79966532e-03  2.27865631e-01  1.69204198e+09]
[-3.86542328e-03  2.14533205e-01  1.69204198e+09]
[-3.91474175e-03  1.60989787e-01  1.69204198e+09]
[-4.06269717e-03  8.49900238e-02  1.69204198e+09]
[-4.22709208e-03  4.10965841e-02  1.69204198e+09]
[-4.11201564e-03  2.29309468e-02  1.69204198e+09]
[-4.02981819e-03  8.69434776e-03  1.69204198e+09]
[-1.01288693e-02  8.13540507e-03  1.69204198e+09]
[-5.00275141e-02  7.97101017e-03  1.69204198e+09]
[-1.21999607e-01  7.87237322e-03  1.69204198e+09]
[-1.53415475e-01  7.98744966e-03  1.69204198e+09]
[-1.61898253e-01  7.98744966e-03  1.69204198e+09]
[-1.69180948e-01  7.82305475e-03  1.69204198e+09]
[-1.73652490e-01  7.79017577e-03  1.69204198e+09]
[-1.73652490e-01  7.69153882e-03  1.69204198e+09]
[-1.72698999e-01  8.49707387e-03  1.69204198e+09]
[-1.68835719e-01  8.26692100e-03  1.69204198e+09]
[-1.63246291e-01  8.25048151e-03  1.69204198e+09]
[-1.59974833e-01  7.90525220e-03  1.69204198e+09]
[-1.59909075e-01  7.92169169e-03  1.69204198e+09]
[-1.52083877e-01  8.06964711e-03  1.69204198e+09]
[-1.50637201e-01  7.98744966e-03  1.69204198e+09]
[-1.28969951e-01  7.80661526e-03  1.69204198e+09]
[-6.49545721e-02  7.77373627e-03  1.69204198e+09]
[-1.31044172e-02  7.72441780e-03  1.69204198e+09]
[-4.78888151e-04  7.82305475e-03  1.69204198e+09]
[-8.40556951e-04  7.74085729e-03  1.69204198e+09]
[-1.05427033e-03  7.77373627e-03  1.69204198e+09]
[-1.12002830e-03  7.83949424e-03  1.69204198e+09]
[-1.20222575e-03  7.70797831e-03  1.69204198e+09]
[-1.31730219e-03  7.62578086e-03  1.69204198e+09]
[-1.82692641e-03  7.69153882e-03  1.69204198e+09]
[-2.00776081e-03  8.21760253e-03  1.69204198e+09]
[-1.35018117e-03  2.76490807e-02  1.69204198e+09]
[-1.39949964e-03  6.43255843e-02  1.69204198e+09]
[-1.36662066e-03  8.32803168e-02  1.69204198e+09]
[-6.11763354e-03  6.72353741e-02  1.69204198e+09]
[-6.37216103e-02  1.97745646e-02  1.69204198e+09]
[-1.19303531e-01  7.41206748e-03  1.69204198e+09]
[-1.51755087e-01  7.16547511e-03  1.69204198e+09]
[-1.65514941e-01  7.13259613e-03  1.69204198e+09]
[-1.70233075e-01  7.05039868e-03  1.69204198e+09]
[-1.71844145e-01  7.01751970e-03  1.69204198e+09]
[-1.73701808e-01  7.03395919e-03  1.69204198e+09]
[-1.75263560e-01  6.91888275e-03  1.69204198e+09]
[-1.77630847e-01  6.83668530e-03  1.69204198e+09]
[-1.81296853e-01  6.83668530e-03  1.69204198e+09]
[-1.84568312e-01  6.83668530e-03  1.69204198e+09]
[-1.82710649e-01  6.85312479e-03  1.69204198e+09]
[-1.79833738e-01  6.83668530e-03  1.69204198e+09]
[-1.73816884e-01  6.78736682e-03  1.69204198e+09]
[-1.62901062e-01  6.77092733e-03  1.69204198e+09]
[-1.54467603e-01  6.85312479e-03  1.69204198e+09]
[-1.40526914e-01  6.80380631e-03  1.69204198e+09]
[-1.25090231e-01  6.78736682e-03  1.69204198e+09]
[-9.41511087e-02  6.75448784e-03  1.69204199e+09]
[-3.21413478e-02  6.73804835e-03  1.69204199e+09]
[-4.63807935e-03  3.31069916e-02  1.69204199e+09]
[-4.32572903e-03  6.01006352e-02  1.69204199e+09]
[-4.30928953e-03  7.89896098e-02  1.69204199e+09]
[-4.40792648e-03  9.18288518e-02  1.69204199e+09]
[-4.29285004e-03  1.02876189e-01  1.69204199e+09]
[-4.27641055e-03  1.11868591e-01  1.69204199e+09]
[-4.25997106e-03  1.19825304e-01  1.69204199e+09]
[-4.19421310e-03  1.22850170e-01  1.69204199e+09]
[-4.29285004e-03  1.22044635e-01  1.69204199e+09]
[-4.37504750e-03  1.20351367e-01  1.69204199e+09]
[-4.37504750e-03  1.16997711e-01  1.69204199e+09]
[-4.30928953e-03  1.12657686e-01  1.69204199e+09]
[-4.37504750e-03  1.08103947e-01  1.69204199e+09]
[-4.35860801e-03  1.07545005e-01  1.69204199e+09]
[-4.45724495e-03  1.06591514e-01  1.69204199e+09]
[-4.32572903e-03  1.07808036e-01  1.69204199e+09]
[-4.45724495e-03  1.08219024e-01  1.69204199e+09]
[-4.29285004e-03  1.10602750e-01  1.69204199e+09]
[-4.37504750e-03  1.14055043e-01  1.69204199e+09]
[-4.37504750e-03  1.21189781e-01  1.69204199e+09]
[-4.32572903e-03  1.23310476e-01  1.69204199e+09]
[-4.37504750e-03  1.17507336e-01  1.69204199e+09]
[-4.35860801e-03  9.31768901e-02  1.69204199e+09]
[-4.29285004e-03  7.75758137e-02  1.69204199e+09]
[-4.39148699e-03  8.61572277e-02  1.69204199e+09]
[-4.32572903e-03  8.64531385e-02  1.69204199e+09]
[-4.42436597e-03  7.70168710e-02  1.69204199e+09]
[-4.37504750e-03  3.45372273e-02  1.69204199e+09]
[-4.42436597e-03  1.04040548e-02  1.69204199e+09]
[-4.35860801e-03  8.48063438e-03  1.69204199e+09]
[-4.42436597e-03  8.23404202e-03  1.69204199e+09]
[-4.39148699e-03  8.08608660e-03  1.69204199e+09]
[-4.35860801e-03  8.02032864e-03  1.69204199e+09]
[-4.42436597e-03  7.95457067e-03  1.69204199e+09]
[-4.42436597e-03  7.83949424e-03  1.69204199e+09]
[-4.42436597e-03  7.82305475e-03  1.69204199e+09]
[-4.39148699e-03  7.77373627e-03  1.69204199e+09]
[-4.39148699e-03  7.80661526e-03  1.69204199e+09]
[-4.42436597e-03  7.75729678e-03  1.69204199e+09]
[-3.94762073e-03  3.91238452e-02  1.69204199e+09]
[-3.93118124e-03  6.38981576e-02  1.69204199e+09]
[-3.96406023e-03  7.70333105e-02  1.69204199e+09]
[-3.98049972e-03  8.21624315e-02  1.69204199e+09]
[-3.99693921e-03  8.62394251e-02  1.69204199e+09]
[-3.93118124e-03  9.20425652e-02  1.69204199e+09]
[-4.02981819e-03  1.00525342e-01  1.69204199e+09]
[-3.94762073e-03  1.11243890e-01  1.69204199e+09]
[-3.93118124e-03  1.12559049e-01  1.69204199e+09]
[-3.96406023e-03  1.05276355e-01  1.69204199e+09]
[-4.04625768e-03  7.91211258e-02  1.69204199e+09]
[-4.06269717e-03  6.96684187e-02  1.69204199e+09]
[-4.02981819e-03  4.85107944e-02  1.69204199e+09]
[-4.06269717e-03  1.48920358e-02  1.69204199e+09]
[-4.07913666e-03  8.92450064e-03  1.69204199e+09]
[-4.12845513e-03  8.56283184e-03  1.69204199e+09]
[-4.14489463e-03  8.44775540e-03  1.69204199e+09]
[-4.09557615e-03  8.29979998e-03  1.69204199e+09]
[-4.09557615e-03  8.23404202e-03  1.69204199e+09]
[-4.19421310e-03  8.18472355e-03  1.69204199e+09]
[-4.14489463e-03  8.10252609e-03  1.69204199e+09]
[-4.17777361e-03  8.10252609e-03  1.69204199e+09]
[-4.09557615e-03  2.52160360e-02  1.69204199e+09]
[-4.07913666e-03  5.76182722e-02  1.69204199e+09]
[-3.94762073e-03  6.64133996e-02  1.69204199e+09]
[-3.93118124e-03  6.14486735e-02  1.69204199e+09]
[-4.04625768e-03  4.33323548e-02  1.69204199e+09]
[-4.09557615e-03  1.45303670e-02  1.69204199e+09]
[-4.06269717e-03  8.28336049e-03  1.69204199e+09]
[-4.09557615e-03  8.23404202e-03  1.69204199e+09]
[-3.82239595e-02  8.20116304e-03  1.69204199e+09]
[-8.93014587e-02  8.18472355e-03  1.69204199e+09]
[-1.25172429e-01  8.28336049e-03  1.69204199e+09]
[-1.46856118e-01  8.23404202e-03  1.69204199e+09]
[-1.56867769e-01  8.26692100e-03  1.69204199e+09]
[-1.65695776e-01  8.25048151e-03  1.69204199e+09]
[-1.70298833e-01  8.29979998e-03  1.69204199e+09]
[-1.74096356e-01  8.20116304e-03  1.69204199e+09]
[-1.75904700e-01  8.23404202e-03  1.69204199e+09]
[-1.70627623e-01  8.23404202e-03  1.69204199e+09]
[-1.62950381e-01  8.28336049e-03  1.69204199e+09]
[-1.53218201e-01  8.25048151e-03  1.69204199e+09]
[-1.19533683e-01  8.23404202e-03  1.69204199e+09]
[-7.54758465e-02  8.15184456e-03  1.69204199e+09]
[-2.71601820e-02  8.21760253e-03  1.69204199e+09]
[-2.53382452e-03  8.18472355e-03  1.69204199e+09]
[-3.02700924e-03  1.40865008e-02  1.69204199e+09]
[-3.25716212e-03  3.52112464e-02  1.69204199e+09]
[-3.37223855e-03  4.97601956e-02  1.69204199e+09]
[-3.53663346e-03  6.06760174e-02  1.69204199e+09]
[-3.48731499e-03  7.48468582e-02  1.69204199e+09]
[-3.47087550e-03  8.72915525e-02  1.69204199e+09]
[-3.55307295e-03  9.26672659e-02  1.69204199e+09]
[-3.56951244e-03  9.95718518e-02  1.69204199e+09]
[-3.58595193e-03  9.69250939e-02  1.69204199e+09]
[-3.58595193e-03  8.02390111e-02  1.69204199e+09]
[-3.66814939e-03  4.21322720e-02  1.69204199e+09]
[-3.68458888e-03  1.29357364e-02  1.69204199e+09]
[-3.65170990e-03  7.51070442e-03  1.69204199e+09]
[-4.05912462e-02  7.18191460e-03  1.69204199e+09]
[-9.58279368e-02  6.96820122e-03  1.69204199e+09]
[-1.30202913e-01  6.88600377e-03  1.69204199e+09]
[-1.48154838e-01  6.75448784e-03  1.69204199e+09]
[-1.53464794e-01  6.82024580e-03  1.69204199e+09]
[-1.55010106e-01  6.67229039e-03  1.69204199e+09]
[-1.52790775e-01  6.72160886e-03  1.69204199e+09]
[-1.51705768e-01  6.73804835e-03  1.69204199e+09]
[-1.47809609e-01  6.65585090e-03  1.69204199e+09]
[-1.44028526e-01  6.65585090e-03  1.69204199e+09]
[-1.36844468e-01  6.70516937e-03  1.69204199e+09]
[-9.32469366e-02  6.63941141e-03  1.69204199e+09]
[-3.30948383e-02  6.54077446e-03  1.69204199e+09]
[-3.24072262e-03  6.63941141e-03  1.69204199e+09]
[-8.43403688e-05  1.12260294e-02  1.69204199e+09]
[-1.17219351e-04  2.52324755e-02  1.69204199e+09]
[-2.32295787e-04  1.91169850e-02  1.69204199e+09]
[-1.82977314e-04  8.94094013e-03  1.69204199e+09]
[-2.65174769e-04  7.62578086e-03  1.69204199e+09]
[-1.99416805e-04  6.77092733e-03  1.69204199e+09]
[-5.75596474e-03  6.75448784e-03  1.69204199e+09]
[-2.16036340e-02  6.60653242e-03  1.69204199e+09]
[-1.43538185e-02  6.72160886e-03  1.69204199e+09]
[-2.76397739e-03  7.59290188e-03  1.69204199e+09]
[-6.43283060e-04  1.97581251e-02  1.69204199e+09]
[-7.58359496e-04  3.80881573e-02  1.69204199e+09]
[-8.89875423e-04  5.68127371e-02  1.69204199e+09]
[-9.22754405e-04  7.22658582e-02  1.69204199e+09]
[-1.03783084e-03  7.68031576e-02  1.69204199e+09]
[-1.10358881e-03  7.81018773e-02  1.69204199e+09]
[-1.07070982e-03  8.03705270e-02  1.69204199e+09]
[-1.15290728e-03  8.68312468e-02  1.69204199e+09]
[-1.25154422e-03  8.60914697e-02  1.69204199e+09]
[-1.33374168e-03  8.54503296e-02  1.69204199e+09]
[-1.41593913e-03  8.18829601e-02  1.69204199e+09]
[-1.38306015e-03  6.13829155e-02  1.69204199e+09]
[-1.38306015e-03  1.72100040e-02  1.69204199e+09]
[-1.49813659e-03  7.69153882e-03  1.69204199e+09]
[-1.46525761e-03  7.47782544e-03  1.69204199e+09]
[-1.56389455e-03  7.41206748e-03  1.69204199e+09]
[-1.59677353e-03  7.37918849e-03  1.69204199e+09]
[-1.59677353e-03  7.32987002e-03  1.69204199e+09]
[-1.62965251e-03  7.32987002e-03  1.69204199e+09]
[-1.62965251e-03  7.34630951e-03  1.69204199e+09]
