HokinLeft_Hand
Dev2/ai0 Dev2/ai1
[-5.14613870e-05 -6.70945521e-03  1.69204222e+09]
[-2.32295787e-04 -6.61081827e-03  1.69204222e+09]
[-3.66814939e-03 -6.47930234e-03  1.69204222e+09]
[-9.78364002e-03 -6.24914947e-03  1.69204222e+09]
[-1.46826083e-02 -6.24914947e-03  1.69204222e+09]
[-1.62443600e-02 -6.56149979e-03  1.69204222e+09]
[-1.66060288e-02 -6.64369725e-03  1.69204222e+09]
[-1.64745128e-02 -6.16695201e-03  1.69204222e+09]
[-1.55539014e-02 -6.39710488e-03  1.69204222e+09]
[-1.46004109e-02 -6.64369725e-03  1.69204222e+09]
[-1.39099523e-02 -6.72589470e-03  1.69204222e+09]
[-1.43702580e-02 -6.74233419e-03  1.69204222e+09]
[-1.43209395e-02 -6.74233419e-03  1.69204222e+09]
[-1.46004109e-02 -6.75877368e-03  1.69204222e+09]
[-1.33016911e-02 -6.82453165e-03  1.69204222e+09]
[-4.29569678e-04 -6.82453165e-03  1.69204222e+09]
