HokinLeft_Hand
Dev2/ai0 Dev2/ai1
[-3.12564619e-03  7.23123308e-03  1.69204199e+09]
[-2.87905382e-03  7.11615664e-03  1.69204199e+09]
[-2.68177993e-03  7.14903562e-03  1.69204199e+09]
[-2.68177993e-03  7.16547511e-03  1.69204199e+09]
[-3.09276721e-03  7.14903562e-03  1.69204199e+09]
[-5.75596474e-03  7.16547511e-03  1.69204199e+09]
[-1.31537357e-02  7.14903562e-03  1.69204199e+09]
[-2.95274687e-02  7.16547511e-03  1.69204199e+09]
[-8.63094713e-02  7.93813118e-03  1.69204199e+09]
[-1.43502462e-01  7.79017577e-03  1.69204199e+09]
[-1.83072318e-01  7.18191460e-03  1.69204199e+09]
[-2.15047130e-01  7.06683817e-03  1.69204199e+09]
[-2.43701164e-01  7.19835409e-03  1.69204199e+09]
