HokinLeft_Hand
Dev2/ai0 Dev2/ai1
[-5.93980241e-02  7.49426493e-03  1.69204200e+09]
[-5.73924062e-02  7.32987002e-03  1.69204200e+09]
[-5.27400302e-02  6.85312479e-03  1.69204200e+09]
[-4.77917433e-02  6.75448784e-03  1.69204200e+09]
[-4.90082657e-02  6.78736682e-03  1.69204200e+09]
[-5.85924890e-02  6.78736682e-03  1.69204200e+09]
[-1.10508403e-01  6.77092733e-03  1.69204200e+09]
[-1.67487680e-01  6.80380631e-03  1.69204200e+09]
[-2.16543123e-01  6.83668530e-03  1.69204200e+09]
[-2.52397655e-01  6.82024580e-03  1.69204200e+09]
[-2.84980728e-01  6.86956428e-03  1.69204200e+09]
[-2.97096634e-01  6.83668530e-03  1.69204200e+09]
[-2.89649544e-01  6.98464071e-03  1.69204200e+09]
[-2.79621454e-01  6.90244326e-03  1.69204200e+09]
[-2.72881262e-01  6.90244326e-03  1.69204200e+09]
[-2.58726859e-01  6.83668530e-03  1.69204200e+09]
[-2.49964610e-01  6.91888275e-03  1.69204200e+09]
[-2.37963781e-01  6.85312479e-03  1.69204200e+09]
[-2.16329410e-01  6.88600377e-03  1.69204200e+09]
[-1.76003337e-01  6.82024580e-03  1.69204200e+09]
[-1.19862473e-01  6.77092733e-03  1.69204200e+09]
[-6.16173554e-02  6.83668530e-03  1.69204200e+09]
[-2.36256914e-02  1.60756791e-02  1.69204200e+09]
[-4.85179274e-03  5.69442530e-02  1.69204200e+09]
[-4.72027681e-03  9.47550811e-02  1.69204200e+09]
[-4.67095834e-03  1.21798043e-01  1.69204200e+09]
[-4.65451884e-03  1.40358227e-01  1.69204200e+09]
[-4.72027681e-03  1.57981360e-01  1.69204200e+09]
[-4.60520037e-03  1.69390366e-01  1.69204200e+09]
[-4.70383732e-03  1.82985824e-01  1.69204200e+09]
[-4.67095834e-03  1.92718002e-01  1.69204200e+09]
[-4.70383732e-03  1.95792187e-01  1.69204200e+09]
[-4.62163986e-03  1.94016722e-01  1.69204200e+09]
[-4.76959528e-03  1.88936920e-01  1.69204200e+09]
[-4.72027681e-03  1.85188716e-01  1.69204200e+09]
[-4.70383732e-03  1.83232417e-01  1.69204200e+09]
[-4.70383732e-03  1.83972194e-01  1.69204200e+09]
[-4.73671630e-03  1.83051582e-01  1.69204200e+09]
[-4.70383732e-03  1.81325436e-01  1.69204200e+09]
[-4.75315579e-03  1.76294952e-01  1.69204200e+09]
[-4.81891375e-03  1.43679004e-01  1.69204200e+09]
[-4.78603477e-03  6.64133996e-02  1.69204200e+09]
[-4.88467172e-03  2.01197939e-02  1.69204200e+09]
[-4.83535324e-03  8.05320762e-03  1.69204200e+09]
[-4.78603477e-03  7.79017577e-03  1.69204200e+09]
[-4.81891375e-03  7.74085729e-03  1.69204200e+09]
[-4.76959528e-03  7.77373627e-03  1.69204200e+09]
[-4.80247426e-03  7.72441780e-03  1.69204200e+09]
[-5.34497746e-03  7.64222035e-03  1.69204200e+09]
[-4.85179274e-03  7.59290188e-03  1.69204200e+09]
[-4.85179274e-03  7.65865984e-03  1.69204200e+09]
[-4.88467172e-03  7.67509933e-03  1.69204200e+09]
[-4.81891375e-03  7.69153882e-03  1.69204200e+09]
[-4.83535324e-03  7.56002289e-03  1.69204200e+09]
[-4.81891375e-03  7.56002289e-03  1.69204200e+09]
[-2.04035512e-02  7.51070442e-03  1.69204200e+09]
[-4.45038451e-02  7.56002289e-03  1.69204200e+09]
[-7.97665538e-02  7.57646238e-03  1.69204200e+09]
[-1.04277835e-01  7.59290188e-03  1.69204200e+09]
[-1.20536492e-01  7.52714391e-03  1.69204200e+09]
[-1.21637938e-01  7.52714391e-03  1.69204200e+09]
[-1.22328397e-01  7.47782544e-03  1.69204200e+09]
[-1.22164002e-01  7.46138595e-03  1.69204200e+09]
[-1.24317575e-01  7.54358340e-03  1.69204200e+09]
[-1.25747811e-01  7.42850697e-03  1.69204200e+09]
[-1.22624308e-01  7.39562799e-03  1.69204200e+09]
[-1.17330792e-01  7.46138595e-03  1.69204200e+09]
[-9.90829561e-02  7.42850697e-03  1.69204200e+09]
[-7.57059994e-02  7.44494646e-03  1.69204200e+09]
[-5.96281770e-02  7.32987002e-03  1.69204200e+09]
[-2.80479145e-02  7.42850697e-03  1.69204200e+09]
[-8.12325143e-03  7.42850697e-03  1.69204200e+09]
[-5.32853797e-03  7.36274900e-03  1.69204200e+09]
[-5.14770357e-03  7.42850697e-03  1.69204200e+09]
[-5.19702205e-03  7.39562799e-03  1.69204200e+09]
[-5.11482459e-03  7.42850697e-03  1.69204200e+09]
[-5.06550612e-03  7.36274900e-03  1.69204200e+09]
[-1.28742643e-02  7.47782544e-03  1.69204200e+09]
[-3.92103290e-02  7.34630951e-03  1.69204200e+09]
[-8.62437133e-02  7.37918849e-03  1.69204200e+09]
[-1.28279493e-01  7.42850697e-03  1.69204200e+09]
[-1.49716590e-01  7.46138595e-03  1.69204200e+09]
[-1.64873801e-01  7.39562799e-03  1.69204200e+09]
[-1.76512961e-01  7.42850697e-03  1.69204200e+09]
[-1.84732707e-01  7.46138595e-03  1.69204200e+09]
[-1.85308089e-01  7.44494646e-03  1.69204200e+09]
[-1.80573516e-01  7.36274900e-03  1.69204200e+09]
[-1.73816884e-01  7.42850697e-03  1.69204200e+09]
[-1.63558642e-01  7.39562799e-03  1.69204200e+09]
[-1.56604737e-01  7.32987002e-03  1.69204200e+09]
[-1.45968386e-01  7.28055155e-03  1.69204200e+09]
[-1.32455124e-01  7.34630951e-03  1.69204200e+09]
[-1.03949046e-01  7.42850697e-03  1.69204200e+09]
[-3.85691888e-02  7.37918849e-03  1.69204200e+09]
[-5.24634052e-03  7.36274900e-03  1.69204200e+09]
[-4.93399019e-03  4.54366096e-02  1.69204200e+09]
[-4.85179274e-03  8.26391767e-02  1.69204200e+09]
[-4.85179274e-03  1.01955578e-01  1.69204200e+09]
[-4.83535324e-03  1.08547813e-01  1.69204200e+09]
[-4.9175507e-03  1.1865810e-01  1.6920420e+09]
[-4.85179274e-03  1.21765164e-01  1.69204200e+09]
[-4.78603477e-03  1.22751533e-01  1.69204200e+09]
[-4.85179274e-03  1.21880240e-01  1.69204200e+09]
[-4.90111121e-03  1.20170533e-01  1.69204200e+09]
[-4.91755070e-03  1.15830508e-01  1.69204200e+09]
[-4.93399019e-03  9.86348008e-02  1.69204200e+09]
[-4.86823223e-03  7.35481385e-02  1.69204200e+09]
[-4.93399019e-03  3.47180617e-02  1.69204200e+09]
[-4.95042968e-03  8.02032864e-03  1.69204200e+09]
[-4.93399019e-03  7.29699104e-03  1.69204200e+09]
[-4.88467172e-03  7.05039868e-03  1.69204200e+09]
[-4.88467172e-03  6.93532224e-03  1.69204200e+09]
[-4.93399019e-03  6.96820122e-03  1.69204200e+09]
[-4.85179274e-03  6.88600377e-03  1.69204200e+09]
[-4.85179274e-03  6.72160886e-03  1.69204200e+09]
[-4.80247426e-03  6.68872988e-03  1.69204200e+09]
[-4.91755070e-03  6.77092733e-03  1.69204200e+09]
[-6.63848079e-02  6.65585090e-03  1.69204200e+09]
[-1.21753015e-01  6.67229039e-03  1.69204200e+09]
[-1.57919896e-01  6.59009293e-03  1.69204200e+09]
[-1.77992515e-01  6.62297191e-03  1.69204200e+09]
[-1.97259600e-01  6.59009293e-03  1.69204200e+09]
[-1.94760797e-01  6.60653242e-03  1.69204200e+09]
[-1.76052655e-01  6.54077446e-03  1.69204200e+09]
[-6.9869980e-02  6.4750165e-03  1.6920420e+09]
[-3.73390735e-03  6.55721395e-03  1.69204200e+09]
[-3.89830226e-03  6.54077446e-03  1.69204200e+09]
[-4.01337870e-03  6.54077446e-03  1.69204200e+09]
[-4.04625768e-03  6.55721395e-03  1.69204200e+09]
[-4.04625768e-03  6.44213751e-03  1.69204200e+09]
[-3.35579906e-03  5.66319027e-02  1.69204200e+09]
[-3.32292008e-03  1.06673712e-01  1.69204200e+09]
[-3.50375448e-03  1.31579539e-01  1.69204200e+09]
[-3.60239143e-03  1.38517004e-01  1.69204200e+09]
[-3.73390735e-03  1.39240342e-01  1.69204200e+09]
[-3.83254430e-03  1.39634889e-01  1.69204200e+09]
[-3.83254430e-03  1.38582762e-01  1.69204200e+09]
[-3.78322583e-03  1.41919979e-01  1.69204200e+09]
[-3.83254430e-03  1.39223902e-01  1.69204200e+09]
[-3.89830226e-03  1.26335342e-01  1.69204200e+09]
[-3.99693921e-03  1.20170533e-01  1.69204200e+09]
[-3.98049972e-03  1.14679743e-01  1.69204200e+09]
[-3.93118124e-03  1.20630839e-01  1.69204200e+09]
[-3.99693921e-03  1.19693788e-01  1.69204200e+09]
[-4.06269717e-03  1.14285196e-01  1.69204200e+09]
[-3.99693921e-03  1.03468011e-01  1.69204200e+09]
[-4.02981819e-03  7.22822977e-02  1.69204200e+09]
[-4.11201564e-03  3.00985648e-02  1.69204200e+09]
[-4.09557615e-03  1.29686154e-02  1.69204200e+09]
[-4.04625768e-03  9.43412485e-03  1.69204200e+09]
[-4.04625768e-03  9.00669809e-03  1.69204200e+09]
[-4.11201564e-03  8.71078725e-03  1.69204200e+09]
[-4.04625768e-03  8.54639235e-03  1.69204200e+09]
[-4.06269717e-03  8.43131591e-03  1.69204200e+09]
[-4.01337870e-03  8.29979998e-03  1.69204200e+09]
[-4.12845513e-03  8.25048151e-03  1.69204200e+09]
[-4.09557615e-03  8.18472355e-03  1.69204200e+09]
[-4.11201564e-03  8.06964711e-03  1.69204200e+09]
[-4.01337870e-03  8.06964711e-03  1.69204200e+09]
[-4.07913666e-03  7.98744966e-03  1.69204200e+09]
[-4.14489463e-03  7.98744966e-03  1.69204200e+09]
[-4.11201564e-03  7.90525220e-03  1.69204200e+09]
[-4.11201564e-03  7.93813118e-03  1.69204200e+09]
[-4.11201564e-03  7.87237322e-03  1.69204200e+09]
[-7.84378009e-03  7.79017577e-03  1.69204200e+09]
[-5.99076483e-02  7.75729678e-03  1.69204200e+09]
[-1.06151937e-01  7.82305475e-03  1.69204200e+09]
[-1.35134761e-01  7.87237322e-03  1.69204200e+09]
[-1.45245048e-01  7.79017577e-03  1.69204200e+09]
[-1.39310392e-01  7.75729678e-03  1.69204200e+09]
[-1.07746568e-01  7.74085729e-03  1.69204200e+09]
[-7.00672539e-02  7.72441780e-03  1.69204200e+09]
[-6.59080626e-02  7.62578086e-03  1.69204200e+09]
[-4.28927750e-02  7.65865984e-03  1.69204200e+09]
[-8.40272278e-03  7.64222035e-03  1.69204200e+09]
[-4.75315579e-03  7.65865984e-03  1.69204200e+09]
[-4.62163986e-03  7.67509933e-03  1.69204200e+09]
[-4.57232139e-03  1.96759276e-02  1.69204200e+09]
[-4.52300292e-03  4.42200873e-02  1.69204200e+09]
[-4.53944241e-03  6.52955142e-02  1.69204200e+09]
[-4.42436597e-03  7.53893614e-02  1.69204200e+09]
[-4.47368444e-03  7.41563996e-02  1.69204200e+09]
[-4.44080546e-03  7.12301703e-02  1.69204201e+09]
[-4.49012394e-03  4.64065396e-02  1.69204201e+09]
[-4.53944241e-03  2.41967876e-02  1.69204201e+09]
[-4.24353157e-03  3.36795272e-03  1.69204201e+09]
[-4.17777361e-03  3.48302916e-03  1.69204201e+09]
[-4.29285004e-03  3.48302916e-03  1.69204201e+09]
[-4.27641055e-03  3.46658967e-03  1.69204201e+09]
[-4.27641055e-03  3.33507374e-03  1.69204201e+09]
[-4.29285004e-03  3.41727119e-03  1.69204201e+09]
[-4.35860801e-03  3.43371068e-03  1.69204201e+09]
[-4.35860801e-03  3.41727119e-03  1.69204201e+09]
[-5.75596474e-03  3.54878712e-03  1.69204201e+09]
[-1.01946273e-02  3.45015017e-03  1.69204201e+09]
[-1.30715382e-02  3.46658967e-03  1.69204201e+09]
[-1.73293664e-02  3.46658967e-03  1.69204201e+09]
[-2.24420481e-02  3.48302916e-03  1.69204201e+09]
[-4.17255711e-02  3.51590814e-03  1.69204201e+09]
[-5.08494887e-02  3.49946865e-03  1.69204201e+09]
[-5.03891829e-02  3.54878712e-03  1.69204201e+09]
[-4.55888515e-02  3.51590814e-03  1.69204201e+09]
[-3.26509720e-02  3.49946865e-03  1.69204201e+09]
