HokinLeft_Hand
Dev2/ai0 Dev2/ai1
[-1.24961560e-02  3.92689541e-03  1.69204201e+09]
[-1.45017739e-02  3.30219476e-03  1.69204201e+09]
[-1.94500607e-02  3.08848137e-03  1.69204201e+09]
[-2.25242455e-02  2.21718836e-03  1.69204201e+09]
[-2.20146213e-02  1.78976159e-03  1.69204201e+09]
[-2.47928953e-02  7.04755195e-04  1.69204201e+09]
[-5.64060367e-02  6.55436722e-04  1.69204201e+09]
[-1.10557721e-01  5.40360286e-04  1.69204201e+09]
[-1.76397885e-01  6.06118249e-04  1.69204201e+09]
[-2.32588067e-01  5.73239267e-04  1.69204201e+09]
