HokinLeft_Hand
Dev2/ai0 Dev2/ai1
[-1.94579962e-01  6.50789548e-03  1.69204202e+09]
[-2.29744035e-01  6.12978719e-03  1.69204202e+09]
[-2.38621361e-01  6.09690821e-03  1.69204202e+09]
[-2.32686704e-01  6.16266617e-03  1.69204202e+09]
[-2.22264067e-01  5.99827126e-03  1.69204202e+09]
[-1.96421186e-01  5.96539228e-03  1.69204202e+09]
[-1.92212676e-01  6.03115024e-03  1.69204202e+09]
[-1.94432007e-01  6.01471075e-03  1.69204202e+09]
[-1.96503383e-01  6.06402922e-03  1.69204202e+09]
[-1.94974510e-01  6.03115024e-03  1.69204202e+09]
[-1.87905529e-01  6.04758973e-03  1.69204202e+09]
[-1.54812832e-01  5.99827126e-03  1.69204202e+09]
[-1.37896595e-01  6.03115024e-03  1.69204202e+09]
[-1.16508817e-01  5.99827126e-03  1.69204202e+09]
[-9.82445420e-02  5.98183177e-03  1.69204202e+09]
[-1.00776224e-01  5.91607381e-03  1.69204202e+09]
[-1.01022816e-01  6.06402922e-03  1.69204202e+09]
[-9.28359494e-02  5.98183177e-03  1.69204202e+09]
[-4.31722463e-02  5.99827126e-03  1.69204202e+09]
[-5.52581186e-03  5.86675533e-03  1.69204202e+09]
[-5.24634052e-03  4.80669281e-02  1.69204202e+09]
[-5.27921950e-03  9.10068773e-02  1.69204202e+09]
[-5.24634052e-03  1.33042654e-01  1.69204202e+09]
[-5.19702205e-03  1.47164176e-01  1.69204202e+09]
[-5.11482459e-03  1.61121303e-01  1.69204202e+09]
[-5.09838510e-03  1.74963353e-01  1.69204202e+09]
[-5.19702205e-03  1.78004659e-01  1.69204202e+09]
[-5.18058255e-03  1.68568392e-01  1.69204202e+09]
[-5.19702205e-03  1.36462068e-01  1.69204202e+09]
[-5.22990103e-03  9.23877945e-02  1.69204202e+09]
[-5.22990103e-03  9.07109665e-02  1.69204202e+09]
[-5.26278001e-03  8.05513614e-02  1.69204202e+09]
[-5.11482459e-03  4.32008389e-02  1.69204202e+09]
[-5.18058255e-03  7.09971715e-03  1.69204202e+09]
[-5.11482459e-03  6.54077446e-03  1.69204202e+09]
[-5.08194561e-03  6.49145599e-03  1.69204202e+09]
[-2.96918636e-02  6.40925853e-03  1.69204202e+09]
[-6.52998014e-02  6.50789548e-03  1.69204202e+09]
[-8.54710572e-02  6.45857701e-03  1.69204202e+09]
[-1.05543676e-01  6.44213751e-03  1.69204202e+09]
[-1.19599441e-01  6.39281904e-03  1.69204202e+09]
[-1.16163588e-01  6.37637955e-03  1.69204202e+09]
[-1.03159950e-01  6.45857701e-03  1.69204202e+09]
[-6.45435849e-02  6.42569802e-03  1.69204202e+09]
[-5.67376728e-03  6.35994006e-03  1.69204202e+09]
[-4.73671630e-03  6.31062159e-03  1.69204202e+09]
[-4.55588190e-03  3.51454884e-02  1.69204202e+09]
[-4.19421310e-03  1.08219024e-01  1.69204202e+09]
[-4.47368444e-03  1.34061902e-01  1.69204202e+09]
[-4.44080546e-03  1.43892717e-01  1.69204202e+09]
[-4.40792648e-03  1.51356246e-01  1.69204202e+09]
[-4.39148699e-03  1.57389539e-01  1.69204202e+09]
[-4.45724495e-03  1.57948481e-01  1.69204202e+09]
[-4.52300292e-03  1.55827787e-01  1.69204202e+09]
[-4.47368444e-03  1.50600029e-01  1.69204202e+09]
[-4.44080546e-03  1.49778055e-01  1.69204202e+09]
[-4.53944241e-03  1.39338979e-01  1.69204202e+09]
[-4.63807935e-03  6.90930366e-02  1.69204202e+09]
[-4.62163986e-03  8.39843693e-03  1.69204202e+09]
[-4.55588190e-03  7.19835409e-03  1.69204202e+09]
[-4.50656343e-03  6.91888275e-03  1.69204202e+09]
[-4.45860426e-02  6.85312479e-03  1.69204202e+09]
[-8.88904714e-02  6.67229039e-03  1.69204202e+09]
[-1.09998778e-01  6.68872988e-03  1.69204202e+09]
[-1.27654792e-01  6.55721395e-03  1.69204202e+09]
[-1.32685277e-01  6.47501650e-03  1.69204202e+09]
[-1.35447111e-01  6.50789548e-03  1.69204202e+09]
[-1.39770697e-01  6.52433497e-03  1.69204202e+09]
[-1.45606717e-01  6.59009293e-03  1.69204202e+09]
[-1.48220596e-01  7.69153882e-03  1.69204202e+09]
[-1.46132781e-01  6.45857701e-03  1.69204202e+09]
[-1.40806385e-01  6.50789548e-03  1.69204202e+09]
[-1.31057767e-01  6.45857701e-03  1.69204202e+09]
[-9.22770066e-02  6.35994006e-03  1.69204202e+09]
[-3.34565071e-02  6.31062159e-03  1.69204202e+09]
[-5.19702205e-03  6.31062159e-03  1.69204202e+09]
