HokinLeft_Hand
Dev2/ai0 Dev2/ai1
[-3.01192904e-02  5.02834130e-03  1.69204202e+09]
[-4.94850109e-02  5.12697824e-03  1.69204202e+09]
[-6.68451136e-02  5.15985723e-03  1.69204202e+09]
[-7.12344578e-02  5.12697824e-03  1.69204202e+09]
[-7.85829104e-02  5.15985723e-03  1.69204202e+09]
[-1.12546900e-01  5.06122028e-03  1.69204202e+09]
[-1.46412252e-01  5.12697824e-03  1.69204202e+09]
[-1.47974004e-01  5.15985723e-03  1.69204202e+09]
[-1.40428277e-01  5.17629672e-03  1.69204202e+09]
[-1.47776730e-01  5.17629672e-03  1.69204202e+09]
[-1.48220596e-01  3.49646540e-02  1.69204202e+09]
[-6.12721261e-02  2.61073399e-01  1.69204202e+09]
[-6.90672910e-03  3.63162624e-01  1.69204202e+09]
[-4.58876088e-03  3.84435321e-01  1.69204202e+09]
[-4.53944241e-03  3.99313058e-01  1.69204202e+09]
[-4.52300292e-03  3.96584103e-01  1.69204202e+09]
[-4.53944241e-03  3.99181542e-01  1.69204202e+09]
[-4.44080546e-03  3.96551224e-01  1.69204202e+09]
[-4.52300292e-03  3.88216403e-01  1.69204202e+09]
[-4.52300292e-03  3.80604921e-01  1.69204202e+09]
[-4.57232139e-03  3.47857460e-01  1.69204202e+09]
[-4.75315579e-03  1.22915928e-01  1.69204202e+09]
[-4.57232139e-03  1.29028574e-02  1.69204203e+09]
[-4.60520037e-03  6.93532224e-03  1.69204203e+09]
[-8.02432990e-02  6.83668530e-03  1.69204203e+09]
[-1.58626794e-01  6.67229039e-03  1.69204203e+09]
[-1.90650924e-01  6.63941141e-03  1.69204203e+09]
[-2.07764435e-01  6.80380631e-03  1.69204203e+09]
[-2.23842258e-01  6.67229039e-03  1.69204203e+09]
[-2.36681501e-01  6.70516937e-03  1.69204203e+09]
[-2.43668285e-01  6.54077446e-03  1.69204203e+09]
[-2.45394432e-01  6.62297191e-03  1.69204203e+09]
[-2.51575680e-01  6.57365344e-03  1.69204203e+09]
[-2.48254903e-01  6.60653242e-03  1.69204203e+09]
[-2.44868368e-01  6.59009293e-03  1.69204203e+09]
[-2.40413266e-01  6.50789548e-03  1.69204203e+09]
[-2.36533545e-01  6.50789548e-03  1.69204203e+09]
[-2.35892405e-01  6.50789548e-03  1.69204203e+09]
[-2.33755271e-01  6.57365344e-03  1.69204203e+09]
[-2.34495048e-01  6.57365344e-03  1.69204203e+09]
[-2.31831851e-01  6.50789548e-03  1.69204203e+09]
[-2.10378314e-01  6.44213751e-03  1.69204203e+09]
[-1.33211340e-01  6.47501650e-03  1.69204203e+09]
[-4.66738579e-02  6.54077446e-03  1.69204203e+09]
[-5.62444881e-03  6.47501650e-03  1.69204203e+09]
[-8.73435932e-04  6.57365344e-03  1.69204203e+09]
[-1.35018117e-03  6.49145599e-03  1.69204203e+09]
[-1.59677353e-03  6.42569802e-03  1.69204203e+09]
[-1.62965251e-03  6.49145599e-03  1.69204203e+09]
[-1.35018117e-03  5.62044760e-02  1.69204203e+09]
[-1.54745506e-03  9.76319919e-02  1.69204203e+09]
[-1.64609201e-03  9.47550811e-02  1.69204203e+09]
[-1.77760793e-03  8.95602022e-02  1.69204203e+09]
[-1.76116844e-03  8.76696608e-02  1.69204203e+09]
[-1.90912386e-03  8.74395079e-02  1.69204203e+09]
[-1.79404742e-03  9.18781703e-02  1.69204203e+09]
[-1.74472895e-03  9.48701576e-02  1.69204203e+09]
[-1.89268437e-03  9.34234824e-02  1.69204203e+09]
[-1.84336590e-03  7.54222404e-02  1.69204203e+09]
[-1.92556335e-03  2.98026540e-02  1.69204203e+09]
[-1.87624488e-03  4.00909286e-03  1.69204203e+09]
[-1.95844233e-03  4.14060879e-03  1.69204203e+09]
[-1.90912386e-03  4.28856421e-03  1.69204203e+09]
[-1.71184997e-03  4.86258708e-02  1.69204203e+09]
[-1.77760793e-03  1.05785979e-01  1.69204203e+09]
[-1.79404742e-03  1.36133278e-01  1.69204203e+09]
[-1.77760793e-03  1.57636131e-01  1.69204203e+09]
[-1.77760793e-03  1.73582436e-01  1.69204203e+09]
[-1.82692641e-03  1.90071244e-01  1.69204203e+09]
[-1.82692641e-03  2.02959804e-01  1.69204203e+09]
[-1.85980539e-03  2.03535186e-01  1.69204203e+09]
[-1.90912386e-03  1.92191938e-01  1.69204203e+09]
[-1.94200284e-03  1.34900316e-01  1.69204203e+09]
[-2.07351877e-03  3.55729152e-02  1.69204203e+09]
[-2.05707928e-03  6.68872988e-03  1.69204203e+09]
[-1.97488182e-03  6.40925853e-03  1.69204203e+09]
[-2.70286661e-02  6.29418210e-03  1.69204203e+09]
[-7.85335919e-02  6.35994006e-03  1.69204203e+09]
[-1.25517658e-01  6.26130311e-03  1.69204203e+09]
[-1.39195315e-01  6.27774261e-03  1.69204203e+09]
[-1.43025717e-01  6.19554515e-03  1.69204203e+09]
[-1.43486022e-01  6.26130311e-03  1.69204203e+09]
[-1.39737818e-01  6.17910566e-03  1.69204203e+09]
[-1.36186888e-01  6.24486362e-03  1.69204203e+09]
[-1.32783914e-01  6.16266617e-03  1.69204203e+09]
[-1.19352849e-01  6.09690821e-03  1.69204203e+09]
[-7.72019931e-02  6.14622668e-03  1.69204203e+09]
[-3.16152841e-02  6.17910566e-03  1.69204203e+09]
[-4.27641055e-03  6.19554515e-03  1.69204203e+09]
[-4.02981819e-03  6.26130311e-03  1.69204203e+09]
[-3.99693921e-03  6.08046872e-03  1.69204203e+09]
[-1.25125955e-02  6.14622668e-03  1.69204203e+09]
[-4.12323864e-02  6.11334770e-03  1.69204203e+09]
[-6.78150436e-02  6.06402922e-03  1.69204203e+09]
[-8.54217388e-02  6.16266617e-03  1.69204203e+09]
[-8.48792355e-02  6.11334770e-03  1.69204203e+09]
[-8.19858851e-02  6.08046872e-03  1.69204203e+09]
[-7.21879483e-02  6.06402922e-03  1.69204203e+09]
[-5.93980241e-02  6.06402922e-03  1.69204203e+09]
[-3.62347811e-02  6.12978719e-03  1.69204203e+09]
[-1.22166847e-02  6.01471075e-03  1.69204203e+09]
[-4.02981819e-03  6.11334770e-03  1.69204203e+09]
[-3.81610481e-03  6.11334770e-03  1.69204203e+09]
[-3.71746786e-03  6.11334770e-03  1.69204203e+09]
[-3.73390735e-03  6.11334770e-03  1.69204203e+09]
