HokinLeft_Hand
Dev2/ai0 Dev2/ai1
[-1.47020513e-01  1.29357364e-02  1.69204252e+09]
[-1.00858421e-01  1.30672523e-02  1.69204252e+09]
[-1.06003982e-01  1.31658893e-02  1.69204252e+09]
[-1.26947894e-01  1.17027746e-02  1.69204252e+09]
[-1.99002186e-01  4.73243046e-03  1.69204252e+09]
[-3.12270285e-01  7.04755195e-04  1.69204252e+09]
[-4.60653140e-01  6.06118249e-04  1.69204252e+09]
[-5.61805334e-01  3.92404867e-04  1.69204252e+09]
[-6.24012372e-01  3.92404867e-04  1.69204252e+09]
[-6.78558605e-01  4.25283849e-04  1.69204252e+09]
[-7.03020569e-01  4.25283849e-04  1.69204252e+09]
[-7.13985710e-01  3.59525886e-04  1.69204252e+09]
[-7.02083518e-01  3.92404867e-04  1.69204252e+09]
[-6.76158439e-01  4.25283849e-04  1.69204252e+09]
[-6.11715632e-01  3.75965377e-04  1.69204252e+09]
[-4.18387206e-01  3.92404867e-04  1.69204252e+09]
[-2.65647886e-01  4.25283849e-04  1.69204252e+09]
[-2.04608052e-01  3.59345840e-02  1.69204252e+09]
[-2.64069694e-01  4.58311574e-02  1.69204252e+09]
[-3.66964475e-01  1.48775246e-01  1.69204252e+09]
[-4.25045200e-01  2.82789964e-01  1.69204252e+09]
[-4.67212497e-01  4.11511158e-01  1.69204252e+09]
[-5.29238700e-01  4.89450767e-01  1.69204252e+09]
[-5.91445738e-01  5.49389135e-01  1.69204252e+09]
[-6.39646328e-01  6.21295446e-01  1.69204252e+09]
[-6.65604286e-01  6.40874872e-01  1.69204252e+09]
[-6.73971987e-01  6.46349221e-01  1.69204252e+09]
[-6.83572650e-01  6.74049753e-01  1.69204252e+09]
[-6.95146052e-01  6.88845289e-01  1.69204252e+09]
[-7.03447996e-01  7.24946396e-01  1.69204252e+09]
[-6.95655677e-01  7.62888724e-01  1.69204252e+09]
[-7.13624041e-01  7.60209088e-01  1.69204252e+09]
[-7.32134908e-01  7.56181415e-01  1.69204252e+09]
[-7.36179023e-01  7.45347795e-01  1.69204252e+09]
[-7.39006616e-01  7.41500956e-01  1.69204252e+09]
[-7.40305336e-01  7.38492531e-01  1.69204252e+09]
[-7.38792903e-01  7.37703435e-01  1.69204252e+09]
[-7.40124501e-01  7.28579522e-01  1.69204252e+09]
[-7.31017023e-01  7.25061472e-01  1.69204252e+09]
[-7.27285258e-01  7.23039416e-01  1.69204252e+09]
[-7.22369850e-01  7.19718640e-01  1.69204252e+09]
[-7.14511773e-01  7.10939956e-01  1.69204252e+09]
[-7.12966461e-01  6.98692540e-01  1.69204252e+09]
[-7.01360180e-01  6.86280729e-01  1.69204252e+09]
[-6.92269141e-01  6.76877344e-01  1.69204252e+09]
[-6.83835682e-01  6.73885358e-01  1.69204252e+09]
[-6.76355713e-01  6.62854464e-01  1.69204252e+09]
[-6.67544146e-01  6.51840009e-01  1.69204252e+09]
[-6.52518450e-01  6.44014814e-01  1.69204252e+09]
[-6.40040876e-01  6.46661571e-01  1.69204252e+09]
[-6.32264996e-01  6.43422993e-01  1.69204252e+09]
[-6.16861193e-01  6.40513204e-01  1.69204252e+09]
[-6.13787008e-01  6.27953437e-01  1.69204252e+09]
[-6.15759747e-01  6.13059263e-01  1.69204252e+09]
[-6.20494320e-01  5.98132211e-01  1.69204252e+09]
[-6.20445002e-01  5.91194748e-01  1.69204252e+09]
[-6.18406505e-01  5.91983843e-01  1.69204252e+09]
[-6.07474243e-01  5.96751294e-01  1.69204252e+09]
[-5.95720006e-01  5.97786981e-01  1.69204252e+09]
[-5.94125375e-01  5.95189543e-01  1.69204252e+09]
[-5.81138177e-01  5.92131798e-01  1.69204252e+09]
[-5.71290921e-01  5.85572444e-01  1.69204252e+09]
[-5.58829786e-01  5.79424076e-01  1.69204252e+09]
[-5.46631683e-01  5.67916436e-01  1.69204252e+09]
[-5.39579141e-01  5.59384343e-01  1.69204252e+09]
[-5.29337337e-01  5.52545516e-01  1.69204252e+09]
[-5.21972445e-01  5.48895950e-01  1.69204252e+09]
[-5.20723044e-01  5.49274059e-01  1.69204252e+09]
[-5.17944769e-01  5.49701485e-01  1.69204252e+09]
[-5.14278763e-01  5.50161791e-01  1.69204252e+09]
[-5.02721800e-01  5.52397561e-01  1.69204252e+09]
[-4.94304780e-01  5.52446879e-01  1.69204252e+09]
[-4.96310398e-01  5.51082402e-01  1.69204252e+09]
[-4.96162443e-01  5.50523459e-01  1.69204252e+09]
[-4.94765086e-01  5.51739981e-01  1.69204252e+09]
[-4.95389786e-01  5.50161791e-01  1.69204252e+09]
[-4.93943111e-01  5.47416397e-01  1.69204252e+09]
[-4.90425060e-01  5.44079181e-01  1.69204252e+09]
[-4.87170040e-01  5.42353035e-01  1.69204252e+09]
[-4.80824396e-01  5.40248781e-01  1.69204252e+09]
[-4.81399779e-01  5.39574762e-01  1.69204252e+09]
[-4.80380530e-01  5.41251589e-01  1.69204252e+09]
[-4.81399779e-01  5.42270837e-01  1.69204252e+09]
[-4.82714938e-01  5.44523047e-01  1.69204252e+09]
[-4.82846454e-01  5.45098429e-01  1.69204252e+09]
[-4.84753435e-01  5.44588805e-01  1.69204252e+09]
[-4.86216550e-01  5.43438041e-01  1.69204252e+09]
[-4.86824811e-01  5.42599627e-01  1.69204252e+09]
[-4.86956327e-01  5.39443246e-01  1.69204252e+09]
[-4.82599862e-01  5.29332962e-01  1.69204252e+09]
[-4.73591020e-01  5.16773194e-01  1.69204252e+09]
[-4.63891720e-01  5.11134450e-01  1.69204252e+09]
[-4.55162349e-01  5.09391864e-01  1.69204252e+09]
[-4.43473871e-01  5.07994508e-01  1.69204252e+09]
[-4.45315094e-01  5.03292815e-01  1.69204252e+09]
[-4.39314679e-01  4.98574682e-01  1.69204252e+09]
[-4.37424137e-01  4.94957995e-01  1.69204252e+09]
[-4.32492290e-01  4.90174104e-01  1.69204252e+09]
[-4.32212818e-01  4.85373774e-01  1.69204252e+09]
[-4.26541194e-01  4.76858120e-01  1.69204252e+09]
[-4.20080473e-01  4.67980797e-01  1.69204252e+09]
[-4.16003479e-01  4.62144779e-01  1.69204252e+09]
[-4.07652217e-01  4.56785506e-01  1.69204252e+09]
[-4.09312606e-01  4.57311570e-01  1.69204252e+09]
[-4.09772912e-01  4.59382945e-01  1.69204252e+09]
[-4.11137390e-01  4.60089843e-01  1.69204252e+09]
[-4.09509880e-01  4.59645977e-01  1.69204252e+09]
[-4.01487408e-01  4.58067786e-01  1.69204252e+09]
[-3.97344656e-01  4.54319583e-01  1.69204252e+09]
[-3.91097649e-01  4.52182450e-01  1.69204252e+09]
[-3.87628916e-01  4.47480756e-01  1.69204252e+09]
[-3.85689056e-01  4.33194842e-01  1.69204252e+09]
[-3.87365884e-01  4.28213677e-01  1.69204252e+09]
[-3.87842629e-01  4.26487531e-01  1.69204252e+09]
[-3.88418012e-01  4.23824334e-01  1.69204252e+09]
[-3.84801323e-01  4.18037634e-01  1.69204252e+09]
