HokinLeft_Hand
Dev2/ai0 Dev2/ai1
[-1.87280828e-01  5.35713112e-03  1.69204252e+09]
[-1.99906358e-01  5.24205468e-03  1.69204252e+09]
[-2.06367078e-01  5.11053875e-03  1.69204252e+09]
[-2.03358651e-01  4.94614384e-03  1.69204252e+09]
[-1.96470504e-01  4.83106741e-03  1.69204252e+09]
[-1.90437211e-01  4.79818843e-03  1.69204252e+09]
[-1.90667363e-01  4.89682537e-03  1.69204252e+09]
[-1.95780045e-01  4.92970435e-03  1.69204252e+09]
[-2.07205492e-01  4.96258334e-03  1.69204252e+09]
[-2.43849119e-01  5.09409926e-03  1.69204252e+09]
[-2.85769824e-01  4.99546232e-03  1.69204252e+09]
[-3.05398577e-01  5.02834130e-03  1.69204252e+09]
[-3.28496063e-01  5.04478079e-03  1.69204252e+09]
[-3.41844931e-01  5.09409926e-03  1.69204252e+09]
[-3.52711435e-01  5.06122028e-03  1.69204252e+09]
