HokinLeft_Hand
Dev2/ai0 Dev2/ai1
[-3.28660458e-01  3.15142878e-01  1.69204258e+09]
[-3.28709777e-01  3.14978483e-01  1.69204258e+09]
[-3.27789165e-01  3.15488107e-01  1.69204258e+09]
[-3.27920681e-01  3.16474477e-01  1.69204258e+09]
[-3.27854923e-01  3.16293642e-01  1.69204258e+09]
[-3.28726216e-01  3.16721069e-01  1.69204258e+09]
[-3.30370165e-01  3.17986910e-01  1.69204258e+09]
[-3.31701764e-01  3.18348578e-01  1.69204258e+09]
[-3.31488051e-01  3.18397897e-01  1.69204258e+09]
[-3.31422293e-01  3.18973279e-01  1.69204258e+09]
[-3.30370165e-01  3.18052667e-01  1.69204258e+09]
[-3.29482433e-01  3.17625241e-01  1.69204258e+09]
[-3.27575452e-01  3.16901903e-01  1.69204258e+09]
[-3.25849305e-01  3.15931973e-01  1.69204258e+09]
[-3.23909445e-01  3.15767579e-01  1.69204258e+09]
[-3.23958763e-01  3.15734700e-01  1.69204258e+09]
[-3.24501267e-01  3.16244324e-01  1.69204258e+09]
[-3.24336872e-01  3.16458037e-01  1.69204258e+09]
[-3.23728611e-01  3.15734700e-01  1.69204258e+09]
[-3.22035343e-01  3.15323712e-01  1.69204258e+09]
[-3.19635177e-01  3.15027802e-01  1.69204258e+09]
[-3.20358515e-01  3.14353783e-01  1.69204258e+09]
[-3.20457152e-01  3.15077120e-01  1.69204258e+09]
[-3.20309196e-01  3.15307273e-01  1.69204258e+09]
[-3.19881769e-01  3.15340152e-01  1.69204258e+09]
[-3.19470782e-01  3.14534617e-01  1.69204258e+09]
[-3.18648808e-01  3.13186579e-01  1.69204258e+09]
[-3.17382967e-01  3.12808471e-01  1.69204258e+09]
[-3.16807584e-01  3.12068694e-01  1.69204258e+09]
[-3.16971979e-01  3.11197401e-01  1.69204258e+09]
[-3.18254260e-01  3.11016566e-01  1.69204258e+09]
[-3.19635177e-01  3.11772783e-01  1.69204258e+09]
[-3.18796763e-01  3.11246719e-01  1.69204258e+09]
[-3.17810393e-01  3.12364604e-01  1.69204258e+09]
[-3.14982801e-01  3.15438789e-01  1.69204258e+09]
[-3.09278297e-01  3.15784018e-01  1.69204258e+09]
[-3.08604278e-01  3.14666133e-01  1.69204258e+09]
[-3.09294737e-01  3.12709834e-01  1.69204258e+09]
[-3.11103081e-01  3.12989305e-01  1.69204258e+09]
[-3.11398992e-01  3.12775592e-01  1.69204258e+09]
[-3.11974374e-01  3.14534617e-01  1.69204259e+09]
[-3.15591062e-01  3.14172948e-01  1.69204259e+09]
[-3.18172062e-01  3.13318095e-01  1.69204259e+09]
[-3.19700935e-01  3.12627636e-01  1.69204259e+09]
[-3.19322827e-01  3.10556261e-01  1.69204259e+09]
[-3.19355706e-01  3.07745108e-01  1.69204259e+09]
[-3.18615929e-01  3.01547421e-01  1.69204259e+09]
[-3.16659629e-01  2.93886619e-01  1.69204259e+09]
[-3.14341661e-01  2.86209378e-01  1.69204259e+09]
[-3.11859297e-01  2.79765098e-01  1.69204259e+09]
[-3.03951902e-01  2.72202933e-01  1.69204259e+09]
[-2.99266646e-01  2.64953118e-01  1.69204259e+09]
[-2.97343226e-01  2.64920240e-01  1.69204259e+09]
[-2.98411793e-01  2.66679265e-01  1.69204259e+09]
[-3.00055742e-01  2.67369723e-01  1.69204259e+09]
[-2.99874908e-01  2.66399794e-01  1.69204259e+09]
[-2.98954296e-01  2.64509252e-01  1.69204259e+09]
[-2.97524060e-01  2.63161214e-01  1.69204259e+09]
[-2.95485563e-01  2.59084221e-01  1.69204259e+09]
[-2.93430627e-01  2.55681247e-01  1.69204259e+09]
[-2.94433436e-01  2.52360470e-01  1.69204259e+09]
[-2.95945869e-01  2.49253406e-01  1.69204259e+09]
[-2.96307538e-01  2.48727343e-01  1.69204259e+09]
[-2.96192461e-01  2.47182031e-01  1.69204259e+09]
[-2.97524060e-01  2.43499585e-01  1.69204259e+09]
[-2.97376105e-01  2.42447458e-01  1.69204259e+09]
[-2.96899360e-01  2.41280254e-01  1.69204259e+09]
[-2.95666398e-01  2.41132299e-01  1.69204259e+09]
[-2.97162392e-01  2.40852827e-01  1.69204259e+09]
[-2.97951487e-01  2.42792687e-01  1.69204259e+09]
[-3.01009233e-01  2.47888929e-01  1.69204259e+09]
[-3.15739017e-01  2.79025321e-01  1.69204259e+09]
[-3.66750761e-01  3.61222764e-01  1.69204259e+09]
[-4.51545661e-01  4.42696866e-01  1.69204259e+09]
[-5.67411201e-01  4.99232262e-01  1.69204259e+09]
[-6.25015181e-01  5.33245559e-01  1.69204259e+09]
[-6.23979493e-01  5.36648533e-01  1.69204259e+09]
[-6.40205271e-01  5.41909169e-01  1.69204259e+09]
[-6.17436575e-01  5.12942794e-01  1.69204259e+09]
[-5.48883893e-01  4.79751470e-01  1.69204259e+09]
[-5.36767988e-01  4.77943126e-01  1.69204259e+09]
[-5.85034336e-01  5.00235070e-01  1.69204259e+09]
[-5.61739576e-01  4.95796409e-01  1.69204259e+09]
[-4.90540136e-01  5.05791617e-01  1.69204259e+09]
[-4.84243811e-01  5.03917515e-01  1.69204259e+09]
[-5.10037374e-01  5.05462827e-01  1.69204259e+09]
[-5.09478431e-01  4.91949569e-01  1.69204259e+09]
