HokinLeft_Hand
Dev2/ai0 Dev2/ai1
[-4.48487916e-01  3.98523962e-01  1.69204259e+09]
[-5.07933119e-01  3.88430117e-01  1.69204259e+09]
[-5.50642919e-01  3.98080096e-01  1.69204259e+09]
[-6.03857554e-01  4.05954611e-01  1.69204259e+09]
[-6.29864831e-01  4.16870431e-01  1.69204259e+09]
[-6.41964297e-01  4.15522393e-01  1.69204259e+09]
[-6.45745380e-01  4.80211775e-01  1.69204259e+09]
[-6.38051698e-01  5.00563860e-01  1.69204259e+09]
[-6.31426582e-01  5.04838127e-01  1.69204259e+09]
[-6.23486308e-01  5.10789221e-01  1.69204259e+09]
[-6.04087707e-01  5.36023833e-01  1.69204259e+09]
[-5.87418063e-01  4.82052998e-01  1.69204259e+09]
[-5.32707433e-01  4.10689183e-01  1.69204259e+09]
[-4.79328403e-01  4.07664318e-01  1.69204259e+09]
[-4.86134352e-01  4.10902897e-01  1.69204259e+09]
[-4.91773098e-01  3.75952545e-01  1.69204259e+09]
[-4.99746252e-01  3.87131397e-01  1.69204259e+09]
[-5.13818457e-01  3.94331893e-01  1.69204259e+09]
[-5.33841758e-01  4.11248126e-01  1.69204259e+09]
[-5.46516607e-01  4.35085383e-01  1.69204259e+09]
[-5.41995746e-01  4.33622269e-01  1.69204259e+09]
[-5.48061919e-01  4.32767415e-01  1.69204259e+09]
[-5.35863816e-01  4.27391703e-01  1.69204259e+09]
[-5.29518172e-01  4.11001534e-01  1.69204259e+09]
[-5.11878597e-01  4.02305045e-01  1.69204259e+09]
[-5.04497265e-01  3.91635817e-01  1.69204259e+09]
[-5.06305609e-01  3.89728836e-01  1.69204259e+09]
[-5.08524941e-01  3.96337511e-01  1.69204259e+09]
[-5.13325272e-01  3.97274561e-01  1.69204259e+09]
[-5.19013336e-01  3.97817064e-01  1.69204259e+09]
[-5.15561043e-01  3.97291001e-01  1.69204259e+09]
[-5.19128413e-01  3.96107358e-01  1.69204259e+09]
[-5.28137255e-01  3.96748498e-01  1.69204259e+09]
[-5.50281250e-01  4.00299427e-01  1.69204259e+09]
[-5.46204256e-01  4.01351554e-01  1.69204259e+09]
[-5.34334943e-01  3.97833504e-01  1.69204259e+09]
[-5.27150885e-01  3.94035982e-01  1.69204259e+09]
[-5.11352533e-01  3.91471422e-01  1.69204259e+09]
[-4.94567812e-01  3.88249282e-01  1.69204259e+09]
[-4.81646371e-01  3.88578072e-01  1.69204259e+09]
[-4.80150377e-01  3.90254900e-01  1.69204259e+09]
[-4.78342033e-01  3.91865970e-01  1.69204259e+09]
[-4.79985982e-01  3.92392033e-01  1.69204259e+09]
[-4.78818778e-01  3.94019543e-01  1.69204259e+09]
[-4.76993995e-01  3.99510332e-01  1.69204259e+09]
[-4.74741784e-01  4.02469439e-01  1.69204259e+09]
[-4.76517250e-01  4.01220038e-01  1.69204259e+09]
[-4.69925013e-01  3.98359568e-01  1.69204259e+09]
[-4.68001593e-01  3.90106945e-01  1.69204259e+09]
[-4.70040090e-01  3.83564028e-01  1.69204259e+09]
[-4.59337980e-01  3.81394016e-01  1.69204259e+09]
[-4.56247356e-01  3.80259691e-01  1.69204259e+09]
[-4.58417369e-01  3.81525532e-01  1.69204259e+09]
[-4.60110636e-01  3.78895214e-01  1.69204259e+09]
[-4.66259007e-01  3.76412851e-01  1.69204259e+09]
[-4.66719312e-01  3.70971381e-01  1.69204259e+09]
[-4.62231331e-01  3.65036725e-01  1.69204259e+09]
[-4.60653140e-01  3.63540732e-01  1.69204259e+09]
[-4.54291056e-01  3.61222764e-01  1.69204259e+09]
[-4.51282629e-01  3.59480178e-01  1.69204259e+09]
[-4.44854788e-01  3.58576006e-01  1.69204259e+09]
[-4.38163915e-01  3.59233586e-01  1.69204259e+09]
[-4.38032399e-01  3.59381541e-01  1.69204259e+09]
[-4.35007532e-01  3.60532306e-01  1.69204259e+09]
[-4.34317073e-01  3.59808968e-01  1.69204259e+09]
[-4.30552430e-01  3.57359484e-01  1.69204259e+09]
[-4.37374819e-01  3.54499013e-01  1.69204259e+09]
[-4.38969450e-01  3.55041516e-01  1.69204259e+09]
[-4.39692787e-01  3.55173032e-01  1.69204259e+09]
[-4.41977877e-01  3.55830612e-01  1.69204259e+09]
[-4.39742106e-01  3.54137345e-01  1.69204259e+09]
[-4.37555653e-01  3.50306944e-01  1.69204259e+09]
[-4.34300634e-01  3.44207894e-01  1.69204259e+09]
[-4.34958214e-01  3.35725118e-01  1.69204259e+09]
[-4.29072875e-01  3.29478112e-01  1.69204259e+09]
[-4.28629009e-01  3.19828132e-01  1.69204259e+09]
[-4.32360774e-01  3.12479681e-01  1.69204259e+09]
[-4.31423723e-01  2.98045810e-01  1.69204259e+09]
[-4.29516742e-01  2.87771129e-01  1.69204259e+09]
[-4.25521945e-01  2.87508097e-01  1.69204259e+09]
[-4.22266926e-01  2.88856135e-01  1.69204259e+09]
[-4.21050403e-01  2.89036970e-01  1.69204259e+09]
[-4.18041976e-01  2.88182116e-01  1.69204259e+09]
[-4.17203562e-01  2.86603925e-01  1.69204259e+09]
[-4.15773326e-01  2.84285958e-01  1.69204259e+09]
[-4.12205957e-01  2.73386576e-01  1.69204259e+09]
[-4.09920867e-01  2.64410615e-01  1.69204259e+09]
[-4.09641396e-01  2.65906609e-01  1.69204259e+09]
[-4.11383982e-01  2.68898596e-01  1.69204259e+09]
[-4.08244039e-01  2.70131558e-01  1.69204259e+09]
[-4.09624956e-01  2.69030112e-01  1.69204259e+09]
[-4.09296167e-01  2.70887774e-01  1.69204259e+09]
[-4.09049574e-01  2.75441512e-01  1.69204259e+09]
[-4.12485428e-01  2.91683728e-01  1.69204259e+09]
[-4.09674275e-01  3.37319748e-01  1.69204259e+09]
[-4.22891626e-01  4.03357172e-01  1.69204259e+09]
[-4.95850092e-01  5.09441183e-01  1.69204259e+09]
[-5.65290506e-01  5.76711561e-01  1.69204259e+09]
[-5.93106127e-01  6.31981111e-01  1.69204259e+09]
[-6.11304644e-01  6.68953513e-01  1.69204259e+09]
[-6.04186344e-01  6.81036534e-01  1.69204259e+09]
[-5.93122566e-01  6.77995229e-01  1.69204259e+09]
[-5.81384769e-01  6.71172843e-01  1.69204259e+09]
[-5.72112896e-01  6.63117495e-01  1.69204259e+09]
[-5.62512232e-01  6.56360867e-01  1.69204259e+09]
[-5.59421608e-01  6.39050090e-01  1.69204259e+09]
[-5.61213512e-01  6.21344764e-01  1.69204259e+09]
[-5.55048703e-01  6.03491483e-01  1.69204259e+09]
[-5.56939244e-01  5.85210775e-01  1.69204259e+09]
[-5.54917187e-01  5.69297353e-01  1.69204259e+09]
[-5.46565925e-01  5.55734777e-01  1.69204259e+09]
[-5.45743950e-01  5.47778065e-01  1.69204259e+09]
[-5.41486122e-01  5.37191036e-01  1.69204259e+09]
[-5.30373025e-01  5.30483726e-01  1.69204259e+09]
[-5.10168890e-01  5.24812103e-01  1.69204259e+09]
[-5.01702551e-01  5.10476871e-01  1.69204259e+09]
[-4.90704531e-01  4.98114377e-01  1.69204259e+09]
[-4.91099079e-01  4.93215410e-01  1.69204259e+09]
[-4.88567397e-01  4.85801201e-01  1.69204259e+09]
[-4.87153601e-01  4.82151635e-01  1.69204259e+09]
[-4.85608289e-01  4.75855311e-01  1.69204259e+09]
[-4.81449097e-01  4.69608306e-01  1.69204259e+09]
[-4.77635135e-01  4.61372123e-01  1.69204259e+09]
[-4.72769045e-01  4.56834825e-01  1.69204260e+09]
[-4.67097421e-01  4.50719335e-01  1.69204260e+09]
[-4.67064542e-01  4.49387737e-01  1.69204260e+09]
[-4.56559706e-01  4.44307935e-01  1.69204260e+09]
[-4.47912533e-01  4.36943045e-01  1.69204260e+09]
[-4.43161520e-01  4.34986746e-01  1.69204260e+09]
[-4.44789030e-01  4.34115453e-01  1.69204260e+09]
[-4.40449004e-01  4.31830364e-01  1.69204260e+09]
[-4.37687169e-01  4.28098601e-01  1.69204260e+09]
[-4.31505920e-01  4.21522806e-01  1.69204260e+09]
[-4.27412487e-01  4.15242921e-01  1.69204260e+09]
[-4.24913684e-01  4.04787407e-01  1.69204260e+09]
[-4.28826283e-01  3.94512727e-01  1.69204260e+09]
[-4.28694767e-01  3.85684722e-01  1.69204260e+09]
[-4.23565646e-01  3.74160641e-01  1.69204260e+09]
[-4.34760940e-01  3.72007068e-01  1.69204260e+09]
[-4.44410922e-01  3.71070017e-01  1.69204260e+09]
[-4.55080152e-01  3.76495049e-01  1.69204260e+09]
[-4.68840007e-01  3.81098105e-01  1.69204260e+09]
[-4.70500395e-01  3.81377576e-01  1.69204260e+09]
[-4.66423401e-01  3.83333876e-01  1.69204260e+09]
[-4.64795892e-01  3.85618964e-01  1.69204260e+09]
[-4.62510802e-01  3.84879187e-01  1.69204260e+09]
[-4.65535669e-01  3.86473818e-01  1.69204260e+09]
[-4.68363261e-01  3.88824665e-01  1.69204260e+09]
[-4.59255783e-01  3.86440939e-01  1.69204260e+09]
[-4.55310305e-01  3.83761302e-01  1.69204260e+09]
[-4.53962266e-01  3.78336271e-01  1.69204260e+09]
[-4.48800266e-01  3.70790546e-01  1.69204260e+09]
[-4.45594565e-01  3.67436891e-01  1.69204260e+09]
[-4.39446195e-01  3.69047960e-01  1.69204260e+09]
[-4.39511953e-01  3.70922062e-01  1.69204260e+09]
[-4.43835539e-01  3.70412438e-01  1.69204260e+09]
[-4.53567719e-01  3.70412438e-01  1.69204260e+09]
