HokinLeft_Hand
Dev2/ai0 Dev2/ai1
[-2.06564352e-01  1.70756414e-03  1.69204260e+09]
[-2.52282579e-01  2.01991447e-03  1.69204260e+09]
[-2.66617816e-01  2.08567243e-03  1.69204260e+09]
[-2.68524797e-01  2.23362785e-03  1.69204260e+09]
[-2.64694395e-01  2.43090174e-03  1.69204260e+09]
[-2.54732063e-01  2.48022021e-03  1.69204260e+09]
[-2.50326279e-01  2.61173614e-03  1.69204260e+09]
[-2.47975432e-01  2.71037308e-03  1.69204260e+09]
[-2.48896043e-01  2.72681258e-03  1.69204260e+09]
[-2.61505134e-01  2.84188901e-03  1.69204260e+09]
[-2.83271021e-01  2.79257054e-03  1.69204260e+09]
[-3.06730176e-01  2.89120748e-03  1.69204260e+09]
[-3.07732985e-01  2.90764697e-03  1.69204260e+09]
[-2.90619474e-01  2.92408647e-03  1.69204260e+09]
[-2.75922568e-01  2.97340494e-03  1.69204260e+09]
[-2.67242516e-01  3.05560239e-03  1.69204260e+09]
[-2.64036815e-01  3.07204188e-03  1.69204260e+09]
[-2.56277375e-01  3.15423934e-03  1.69204260e+09]
[-2.49257712e-01  3.13779985e-03  1.69204260e+09]
[-2.35563615e-01  3.10492087e-03  1.69204260e+09]
[-2.20488601e-01  3.15423934e-03  1.69204260e+09]
[-2.03161377e-01  3.05560239e-03  1.69204260e+09]
[-1.96010198e-01  3.15423934e-03  1.69204260e+09]
[-1.85735516e-01  3.13779985e-03  1.69204260e+09]
[-1.91226306e-01  3.18711832e-03  1.69204260e+09]
[-1.87741134e-01  3.13779985e-03  1.69204260e+09]
[-1.91456459e-01  3.20355781e-03  1.69204260e+09]
[-1.79915936e-01  3.21999730e-03  1.69204260e+09]
[-1.52642819e-01  3.08848137e-03  1.69204260e+09]
[-1.11544091e-01  3.15423934e-03  1.69204260e+09]
[-7.05275597e-02  3.18711832e-03  1.69204260e+09]
[-5.10467626e-02  3.10492087e-03  1.69204260e+09]
[-4.73971955e-02  3.23643679e-03  1.69204260e+09]
[-2.38887233e-02  4.61599472e-02  1.69204260e+09]
[-9.29045529e-03  9.43605334e-02  1.69204260e+09]
[-7.94241703e-03  1.11605559e-01  1.69204260e+09]
[-9.88512369e-04  1.11293208e-01  1.69204260e+09]
[-5.14613870e-05  1.25069501e-01  1.69204260e+09]
[-8.43403688e-05  1.49843813e-01  1.69204260e+09]
[-6.79008779e-05  1.70886360e-01  1.69204260e+09]
[-6.79008779e-05  1.76903213e-01  1.69204260e+09]
[-8.43403688e-05  1.79796563e-01  1.69204260e+09]
[-5.14613870e-05  1.80832251e-01  1.69204260e+09]
[-5.14613870e-05  1.85813416e-01  1.69204260e+09]
[-5.14613870e-05  1.93063231e-01  1.69204260e+09]
[-6.79008779e-05  2.01118581e-01  1.69204260e+09]
[-5.14613870e-05  2.08220441e-01  1.69204260e+09]
[-6.79008779e-05  2.08845141e-01  1.69204260e+09]
[-1.17219351e-04  2.11031594e-01  1.69204260e+09]
[-3.50218961e-05  2.09683555e-01  1.69204260e+09]
[-1.00779860e-04  2.06675129e-01  1.69204260e+09]
[-1.00779860e-04  2.05080498e-01  1.69204260e+09]
[-6.79008779e-05  2.03748900e-01  1.69204260e+09]
[-6.79008779e-05  2.04011932e-01  1.69204260e+09]
[-1.50098332e-04  2.10275377e-01  1.69204260e+09]
[-6.79008779e-05  2.38074554e-01  1.69204260e+09]
[-1.00779860e-04  2.79107519e-01  1.69204260e+09]
[-1.17219351e-04  2.92686536e-01  1.69204260e+09]
[-2.98053751e-04  2.99722638e-01  1.69204260e+09]
[-2.32295787e-04  2.94659275e-01  1.69204260e+09]
[-1.13646779e-03  2.89234244e-01  1.69204260e+09]
[-1.49813659e-03  2.84022926e-01  1.69204260e+09]
[-8.24117460e-04  2.79239034e-01  1.69204260e+09]
[-3.14493242e-04  2.75671665e-01  1.69204260e+09]
[-1.17219351e-04  2.72071417e-01  1.69204260e+09]
[-1.17219351e-04  2.59314374e-01  1.69204260e+09]
[-1.00779860e-04  1.90564429e-01  1.69204260e+09]
[-2.15856296e-04  8.01074952e-02  1.69204260e+09]
[-5.10303231e-02  2.55448258e-02  1.69204260e+09]
[-1.29002830e-01  6.93532224e-03  1.69204260e+09]
[-1.77976076e-01  6.35994006e-03  1.69204260e+09]
[-2.10213919e-01  6.17910566e-03  1.69204260e+09]
[-2.29333048e-01  6.19554515e-03  1.69204260e+09]
[-2.54929337e-01  6.04758973e-03  1.69204260e+09]
[-2.63297038e-01  5.99827126e-03  1.69204260e+09]
[-2.76810301e-01  5.91607381e-03  1.69204260e+09]
[-2.93595022e-01  5.88319482e-03  1.69204260e+09]
[-3.03458717e-01  5.88319482e-03  1.69204260e+09]
[-3.07880940e-01  5.83387635e-03  1.69204260e+09]
[-3.06072596e-01  5.80099737e-03  1.69204260e+09]
[-3.14012871e-01  5.80099737e-03  1.69204260e+09]
[-3.10807170e-01  5.78455788e-03  1.69204260e+09]
[-3.15722578e-01  5.81743686e-03  1.69204260e+09]
[-3.20917457e-01  5.78455788e-03  1.69204260e+09]
[-3.15097877e-01  5.85031584e-03  1.69204260e+09]
[-3.14654011e-01  5.81743686e-03  1.69204260e+09]
[-3.14193705e-01  5.80099737e-03  1.69204260e+09]
[-3.08538520e-01  5.73523941e-03  1.69204260e+09]
[-2.91112658e-01  5.70236043e-03  1.69204260e+09]
[-2.67965854e-01  5.78455788e-03  1.69204260e+09]
[-2.39459775e-01  5.76811839e-03  1.69204260e+09]
[-2.06334199e-01  5.78455788e-03  1.69204260e+09]
[-1.91998962e-01  5.71879992e-03  1.69204260e+09]
[-1.81181777e-01  5.75167890e-03  1.69204260e+09]
[-1.54352526e-01  5.68592093e-03  1.69204260e+09]
[-8.32517259e-02  5.71879992e-03  1.69204260e+09]
[-2.85410993e-02  7.61784570e-02  1.69204260e+09]
[-3.01056975e-03  1.39026628e-01  1.69204260e+09]
[-8.43403688e-05  1.74815398e-01  1.69204260e+09]
[-3.50218961e-05  2.04883224e-01  1.69204260e+09]
[-5.14613870e-05  2.19448612e-01  1.69204260e+09]
[-5.14613870e-05  2.26517593e-01  1.69204260e+09]
[-3.50218961e-05  2.27520401e-01  1.69204260e+09]
[-1.17219351e-04  2.19662326e-01  1.69204260e+09]
[-2.14291430e-06  2.09354766e-01  1.69204260e+09]
[-1.17219351e-04  1.63176239e-01  1.69204260e+09]
[-1.33658842e-04  5.75853932e-02  1.69204260e+09]
[-8.43403688e-05  8.43131591e-03  1.69204260e+09]
[-1.85824052e-05  5.27493366e-03  1.69204260e+09]
[-6.79008779e-05  5.20917570e-03  1.69204260e+09]
[-2.96096662e-02  5.15985723e-03  1.69204260e+09]
[-9.30003443e-02  4.99546232e-03  1.69204260e+09]
[-1.45705354e-01  5.04478079e-03  1.69204260e+09]
[-1.81691401e-01  5.06122028e-03  1.69204260e+09]
[-2.05397148e-01  5.01190181e-03  1.69204260e+09]
[-2.22050353e-01  5.07765977e-03  1.69204260e+09]
[-2.40363947e-01  5.02834130e-03  1.69204260e+09]
[-2.48106948e-01  5.02834130e-03  1.69204260e+09]
[-2.56655483e-01  5.09409926e-03  1.69204260e+09]
[-2.64809471e-01  5.04478079e-03  1.69204260e+09]
[-2.60025579e-01  5.02834130e-03  1.69204260e+09]
[-2.43898438e-01  5.11053875e-03  1.69204260e+09]
[-2.22543538e-01  5.09409926e-03  1.69204260e+09]
[-2.21162621e-01  5.12697824e-03  1.69204260e+09]
[-2.18170633e-01  5.07765977e-03  1.69204260e+09]
[-2.22247627e-01  5.07765977e-03  1.69204260e+09]
[-2.15918423e-01  5.01190181e-03  1.69204260e+09]
[-2.12482569e-01  5.07765977e-03  1.69204260e+09]
[-2.04854645e-01  5.02834130e-03  1.69204260e+09]
[-1.73159305e-01  5.09409926e-03  1.69204260e+09]
[-1.10837192e-01  5.06122028e-03  1.69204260e+09]
[-7.57881969e-02  5.09409926e-03  1.69204260e+09]
[-6.95905087e-02  5.09409926e-03  1.69204260e+09]
[-6.49710116e-02  5.11053875e-03  1.69204260e+09]
[-8.19858851e-02  5.04478079e-03  1.69204260e+09]
[-8.21338405e-02  5.02834130e-03  1.69204261e+09]
[-1.03866848e-01  5.07765977e-03  1.69204261e+09]
[-1.25862888e-01  5.07765977e-03  1.69204261e+09]
[-1.99248778e-01  5.04478079e-03  1.69204261e+09]
[-2.38654240e-01  5.07765977e-03  1.69204261e+09]
[-2.66930166e-01  5.02834130e-03  1.69204261e+09]
[-2.71993529e-01  4.99546232e-03  1.69204261e+09]
[-2.84306709e-01  5.11053875e-03  1.69204261e+09]
[-2.82662760e-01  5.04478079e-03  1.69204261e+09]
[-2.83271021e-01  4.97902283e-03  1.69204261e+09]
[-2.71335950e-01  4.97902283e-03  1.69204261e+09]
[-2.37437717e-01  4.99546232e-03  1.69204261e+09]
[-1.94349810e-01  4.99546232e-03  1.69204261e+09]
[-1.19451486e-01  5.01190181e-03  1.69204261e+09]
[-3.65142524e-02  4.97902283e-03  1.69204261e+09]
[-7.31771638e-03  4.32172784e-02  1.69204261e+09]
[-1.54745506e-03  1.19414317e-01  1.69204261e+09]
[-3.50218961e-05  1.67976570e-01  1.69204261e+09]
[-8.43403688e-05  1.90728824e-01  1.69204261e+09]
[-6.79008779e-05  1.95167486e-01  1.69204261e+09]
[-1.66537823e-04  1.97222422e-01  1.69204261e+09]
[-5.14613870e-05  1.95151047e-01  1.69204261e+09]
[-1.85824052e-05  1.94674301e-01  1.69204261e+09]
[-1.33658842e-04  1.93868766e-01  1.69204261e+09]
[-8.43403688e-05  2.04587314e-01  1.69204261e+09]
[-8.43403688e-05  2.04899664e-01  1.69204261e+09]
[-3.50218961e-05  1.77116926e-01  1.69204261e+09]
[-6.79008779e-05  1.69554761e-01  1.69204261e+09]
[-8.43403688e-05  1.66743608e-01  1.69204261e+09]
[-8.43403688e-05  1.76771697e-01  1.69204261e+09]
[-1.17219351e-04  1.83544767e-01  1.69204261e+09]
[-1.85824052e-05  1.78908831e-01  1.69204261e+09]
[3.07360675e-05 1.66760048e-01 1.69204261e+09]
[-6.79008779e-05  7.22822977e-02  1.69204261e+09]
[-5.14613870e-05  5.99827126e-03  1.69204261e+09]
[-3.23386217e-02  5.14341774e-03  1.69204261e+09]
[-1.21078996e-01  5.11053875e-03  1.69204261e+09]
[-1.69246706e-01  5.14341774e-03  1.69204261e+09]
[-2.07747995e-01  5.11053875e-03  1.69204261e+09]
[-2.29267290e-01  5.07765977e-03  1.69204261e+09]
[-2.43454572e-01  4.97902283e-03  1.69204261e+09]
[-2.50227642e-01  5.04478079e-03  1.69204261e+09]
[-2.62820293e-01  5.04478079e-03  1.69204261e+09]
[-2.77911746e-01  4.97902283e-03  1.69204261e+09]
[-2.95238971e-01  5.01190181e-03  1.69204261e+09]
[-3.11629144e-01  5.04478079e-03  1.69204261e+09]
[-3.16445916e-01  4.94614384e-03  1.69204261e+09]
[-3.15360909e-01  4.92970435e-03  1.69204261e+09]
[-3.13634762e-01  5.06122028e-03  1.69204261e+09]
[-3.18977597e-01  4.99546232e-03  1.69204261e+09]
[-3.08719354e-01  4.94614384e-03  1.69204261e+09]
[-2.98740583e-01  5.02834130e-03  1.69204261e+09]
[-2.89912576e-01  4.96258334e-03  1.69204261e+09]
[-2.84964288e-01  4.96258334e-03  1.69204261e+09]
[-2.70020790e-01  5.04478079e-03  1.69204261e+09]
[-2.44638215e-01  4.97902283e-03  1.69204261e+09]
[-1.98278848e-01  4.89682537e-03  1.69204261e+09]
[-1.80047452e-01  5.04478079e-03  1.69204261e+09]
[-1.78403503e-01  4.97902283e-03  1.69204261e+09]
[-1.76858190e-01  4.94614384e-03  1.69204261e+09]
[-1.70183757e-01  5.02834130e-03  1.69204261e+09]
[-1.55684125e-01  4.97902283e-03  1.69204261e+09]
[-1.37534927e-01  5.02834130e-03  1.69204261e+09]
[-1.07236944e-01  4.96258334e-03  1.69204261e+09]
[-7.11522603e-02  5.04478079e-03  1.69204261e+09]
[-2.69793476e-02  4.99546232e-03  1.69204261e+09]
[-1.19536528e-02  4.46146351e-02  1.69204261e+09]
[1.42965766e-05 8.02883296e-02 1.69204261e+09]
[-1.85824052e-05  1.11638438e-01  1.69204261e+09]
[-1.00779860e-04  1.37168966e-01  1.69204261e+09]
[-5.14613870e-05  1.63258436e-01  1.69204261e+09]
[-5.14613870e-05  1.73122130e-01  1.69204261e+09]
[-6.79008779e-05  1.75522296e-01  1.69204261e+09]
[-1.00779860e-04  1.72086443e-01  1.69204261e+09]
[-6.79008779e-05  1.67532704e-01  1.69204261e+09]
[-1.00779860e-04  1.66612092e-01  1.69204261e+09]
[-5.14613870e-05  1.68403997e-01  1.69204261e+09]
[-3.50218961e-05  1.71872729e-01  1.69204261e+09]
[-3.50218961e-05  1.74766079e-01  1.69204261e+09]
[-6.79008779e-05  1.83774920e-01  1.69204261e+09]
[-2.14291431e-06  2.05836715e-01  1.69204261e+09]
[-1.00779860e-04  2.23081739e-01  1.69204261e+09]
[-8.43403688e-05  2.37400535e-01  1.69204261e+09]
[-6.79008779e-05  2.53987979e-01  1.69204261e+09]
[-3.50218961e-05  2.70032921e-01  1.69204261e+09]
[-5.14613870e-05  2.80143206e-01  1.69204261e+09]
[-3.50218961e-05  2.77907436e-01  1.69204261e+09]
[-6.79008779e-05  2.72761876e-01  1.69204261e+09]
[-1.00779860e-04  2.62848864e-01  1.69204261e+09]
[-3.50218961e-05  2.26731306e-01  1.69204261e+09]
[-1.50098332e-04  1.20532202e-01  1.69204261e+09]
[-1.85824052e-05  4.13267369e-02  1.69204261e+09]
[-8.56996442e-04  9.36836689e-03  1.69204261e+09]
[-4.95014504e-02  5.86675533e-03  1.69204261e+09]
[-1.06102619e-01  5.75167890e-03  1.69204261e+09]
[-1.37584245e-01  5.65304195e-03  1.69204261e+09]
[-1.57887017e-01  5.63660246e-03  1.69204261e+09]
[-1.71120808e-01  5.50508653e-03  1.69204261e+09]
[-1.73685369e-01  5.50508653e-03  1.69204261e+09]
[-1.71778388e-01  5.47220755e-03  1.69204261e+09]
[-1.73849763e-01  5.52152603e-03  1.69204261e+09]
[-1.73077107e-01  5.45576806e-03  1.69204261e+09]
[-1.60204985e-01  5.43932857e-03  1.69204261e+09]
[-1.41496844e-01  5.40644959e-03  1.69204261e+09]
[-9.35264080e-02  5.34069163e-03  1.69204261e+09]
[-2.73574559e-02  5.37357061e-03  1.69204261e+09]
[-3.14493242e-04  9.53469028e-02  1.69204261e+09]
[-2.15856296e-04  1.62124112e-01  1.69204261e+09]
[-2.48735278e-04  1.98175913e-01  1.69204261e+09]
[-3.80251205e-04  2.07299829e-01  1.69204261e+09]
[-4.13130187e-04  2.15601772e-01  1.69204261e+09]
[-3.63811714e-04  2.21980294e-01  1.69204261e+09]
[-3.63811714e-04  2.23870835e-01  1.69204261e+09]
[-3.80251205e-04  2.23213255e-01  1.69204261e+09]
[-3.30932732e-04  2.25975089e-01  1.69204261e+09]
[-3.14493242e-04  2.27060096e-01  1.69204261e+09]
[-3.80251205e-04  2.32123459e-01  1.69204261e+09]
[-3.96690696e-04  2.36167573e-01  1.69204261e+09]
[-3.14493242e-04  2.42973521e-01  1.69204261e+09]
[-3.63811714e-04  2.51423419e-01  1.69204261e+09]
[-3.30932732e-04  2.69260265e-01  1.69204261e+09]
[-4.78888151e-04  2.79847296e-01  1.69204261e+09]
[-4.29569678e-04  2.86192938e-01  1.69204261e+09]
[-3.30932732e-04  2.90779556e-01  1.69204261e+09]
[-4.95327642e-04  2.93886619e-01  1.69204261e+09]
[-4.62448660e-04  2.98999300e-01  1.69204261e+09]
[-3.63811714e-04  2.99887032e-01  1.69204261e+09]
[-3.63811714e-04  3.03437962e-01  1.69204261e+09]
[-4.62448660e-04  3.10243910e-01  1.69204261e+09]
[-3.96690696e-04  3.07432758e-01  1.69204261e+09]
[-5.44646114e-04  3.05098350e-01  1.69204261e+09]
[-5.11767132e-04  2.97190956e-01  1.69204261e+09]
[-4.62448660e-04  2.89710989e-01  1.69204261e+09]
[-3.96690696e-04  2.87508097e-01  1.69204261e+09]
[-5.28206623e-04  2.82214582e-01  1.69204261e+09]
[-4.62448660e-04  2.83579060e-01  1.69204261e+09]
[-4.62448660e-04  2.79304792e-01  1.69204261e+09]
[-4.78888151e-04  2.59018463e-01  1.69204261e+09]
[-4.78888151e-04  1.78267691e-01  1.69204261e+09]
[-3.80251205e-04  5.23576352e-02  1.69204261e+09]
[-2.18831054e-02  6.63941141e-03  1.69204261e+09]
[-1.02058504e-01  6.11334770e-03  1.69204261e+09]
[-1.70496107e-01  5.93251330e-03  1.69204261e+09]
[-2.16723958e-01  5.71879992e-03  1.69204261e+09]
[-2.51855152e-01  5.66948144e-03  1.69204261e+09]
[-2.70316701e-01  5.50508653e-03  1.69204261e+09]
[-2.81331161e-01  5.47220755e-03  1.69204261e+09]
[-2.89912576e-01  5.43932857e-03  1.69204261e+09]
[-3.02669621e-01  5.37357061e-03  1.69204261e+09]
[-3.09048144e-01  5.40644959e-03  1.69204261e+09]
[-3.09179660e-01  5.42288908e-03  1.69204261e+09]
[-3.10313985e-01  5.35713112e-03  1.69204261e+09]
[-3.08226170e-01  5.37357061e-03  1.69204261e+09]
[-3.01699691e-01  5.35713112e-03  1.69204261e+09]
[-2.92970321e-01  5.30781264e-03  1.69204261e+09]
[-2.92131907e-01  5.35713112e-03  1.69204261e+09]
[-2.92477136e-01  5.34069163e-03  1.69204261e+09]
[-2.95386926e-01  5.27493366e-03  1.69204261e+09]
[-2.96751404e-01  5.32425214e-03  1.69204261e+09]
[-2.97737774e-01  5.29137315e-03  1.69204261e+09]
[-2.89600225e-01  5.29137315e-03  1.69204261e+09]
[-2.70102988e-01  5.25849417e-03  1.69204261e+09]
[-2.30352297e-01  5.14341774e-03  1.69204261e+09]
[-1.41365328e-01  5.25849417e-03  1.69204261e+09]
[-9.33455736e-02  5.20917570e-03  1.69204261e+09]
[-9.97569752e-02  5.29137315e-03  1.69204261e+09]
[-1.24531289e-01  5.24205468e-03  1.69204261e+09]
[-1.21621499e-01  5.12697824e-03  1.69204261e+09]
[-1.15045702e-01  5.17629672e-03  1.69204261e+09]
[-1.08371269e-01  5.17629672e-03  1.69204261e+09]
[-1.30433066e-01  5.17629672e-03  1.69204261e+09]
[-2.05841014e-01  5.20917570e-03  1.69204261e+09]
[-2.72700428e-01  5.20917570e-03  1.69204261e+09]
[-3.45971243e-01  5.07765977e-03  1.69204261e+09]
[-4.04857504e-01  5.14341774e-03  1.69204261e+09]
[-4.30733264e-01  5.14341774e-03  1.69204261e+09]
[-4.39890061e-01  5.12697824e-03  1.69204261e+09]
[-4.37604972e-01  5.01190181e-03  1.69204261e+09]
[-4.20343505e-01  5.09409926e-03  1.69204261e+09]
[-4.00895586e-01  5.09409926e-03  1.69204261e+09]
[-3.66504169e-01  5.12697824e-03  1.69204261e+09]
[-3.30107133e-01  5.11053875e-03  1.69204261e+09]
[-3.00976354e-01  5.04478079e-03  1.69204261e+09]
[-2.59729668e-01  5.07765977e-03  1.69204261e+09]
[-1.77729483e-01  5.14341774e-03  1.69204261e+09]
[-6.74533748e-02  5.09409926e-03  1.69204261e+09]
[-5.83816219e-03  5.11053875e-03  1.69204261e+09]
[-8.43403688e-05  1.08761527e-01  1.69204261e+09]
[-8.43403688e-05  2.27882070e-01  1.69204261e+09]
[-8.43403688e-05  2.63999628e-01  1.69204261e+09]
[-1.17219351e-04  3.05755930e-01  1.69204261e+09]
[-3.50218961e-05  3.29527431e-01  1.69204261e+09]
[-8.43403688e-05  3.43862664e-01  1.69204261e+09]
[-8.43403688e-05  3.51375511e-01  1.69204261e+09]
[-2.14291431e-06  3.57080013e-01  1.69204261e+09]
[-8.43403688e-05  3.63310579e-01  1.69204261e+09]
[-8.43403688e-05  3.51802937e-01  1.69204261e+09]
[-1.00779860e-04  3.40607646e-01  1.69204261e+09]
[-1.00779860e-04  3.26288851e-01  1.69204261e+09]
[-6.79008779e-05  3.08304051e-01  1.69204261e+09]
[-8.43403688e-05  3.07909503e-01  1.69204262e+09]
[-3.50218961e-05  2.80521315e-01  1.69204262e+09]
[-6.79008779e-05  1.67351869e-01  1.69204262e+09]
[-3.50218961e-05  4.75573039e-02  1.69204262e+09]
[-5.14613870e-05  1.48591568e-02  1.69204262e+09]
[-8.43403688e-05  6.37637955e-03  1.69204262e+09]
[-1.17219351e-04  6.12978719e-03  1.69204262e+09]
[-5.14613870e-05  6.27967117e-02  1.69204262e+09]
[-1.00779860e-04  8.58777563e-02  1.69204262e+09]
[-6.79008779e-05  6.26980747e-02  1.69204262e+09]
[-1.00779860e-04  8.00388915e-03  1.69204262e+09]
[-1.85824052e-05  1.10616344e-02  1.69204262e+09]
[-8.43403688e-05  1.16899075e-01  1.69204262e+09]
[-5.14613870e-05  2.51094629e-01  1.69204262e+09]
[-3.50218961e-05  2.56388145e-01  1.69204262e+09]
[-8.43403688e-05  2.45012018e-01  1.69204262e+09]
[-1.00779860e-04  2.37153942e-01  1.69204262e+09]
[-8.43403688e-05  2.16094956e-01  1.69204262e+09]
[-1.85824052e-05  1.95167486e-01  1.69204262e+09]
[-1.00779860e-04  1.99112964e-01  1.69204262e+09]
[-1.17219351e-04  1.92586486e-01  1.69204262e+09]
[-1.00779860e-04  1.49662978e-01  1.69204262e+09]
[-5.14613870e-05  8.93136098e-02  1.69204262e+09]
[-8.43403688e-05  2.11390423e-02  1.69204262e+09]
[-3.50218961e-05  3.16603164e-02  1.69204262e+09]
[-5.14613870e-05  1.27371030e-01  1.69204262e+09]
[-6.79008779e-05  1.99326677e-01  1.69204262e+09]
[-6.79008779e-05  1.88509493e-01  1.69204262e+09]
[-8.43403688e-05  1.68979379e-01  1.69204262e+09]
[-6.79008779e-05  1.37251163e-01  1.69204262e+09]
[-3.50218961e-05  1.62995405e-01  1.69204262e+09]
[-1.17219351e-04  2.00921307e-01  1.69204262e+09]
[-1.00779860e-04  2.07595740e-01  1.69204262e+09]
[-3.50218961e-05  1.90252079e-01  1.69204262e+09]
[1.42965766e-05 1.10767145e-01 1.69204262e+09]
[-6.79008779e-05  1.10306839e-01  1.69204262e+09]
[-5.14613870e-05  1.79155423e-01  1.69204262e+09]
[-2.14291430e-06  2.42283063e-01  1.69204262e+09]
[-5.14613870e-05  2.53149565e-01  1.69204262e+09]
[-6.79008779e-05  2.42020031e-01  1.69204262e+09]
[-1.00779860e-04  2.31827548e-01  1.69204262e+09]
[-6.79008779e-05  2.31252166e-01  1.69204262e+09]
[-5.14613870e-05  2.34605821e-01  1.69204262e+09]
[-8.43403688e-05  2.35115446e-01  1.69204262e+09]
[-5.14613870e-05  2.27619038e-01  1.69204262e+09]
[-8.43403688e-05  2.11590536e-01  1.69204262e+09]
[-8.43403688e-05  1.54627704e-01  1.69204262e+09]
[-1.00779860e-04  7.44029920e-02  1.69204262e+09]
[-5.14613870e-05  3.01478833e-02  1.69204262e+09]
[-1.33658842e-04  8.03676813e-03  1.69204262e+09]
[-1.47154873e-02  7.21479359e-03  1.69204262e+09]
[-7.61005472e-02  6.96820122e-03  1.69204262e+09]
[-1.39770697e-01  6.86956428e-03  1.69204262e+09]
[-1.70841336e-01  6.75448784e-03  1.69204262e+09]
[-1.86508172e-01  6.63941141e-03  1.69204262e+09]
[-1.90881077e-01  6.65585090e-03  1.69204262e+09]
[-2.05397148e-01  6.67229039e-03  1.69204262e+09]
[-2.15014251e-01  6.57365344e-03  1.69204262e+09]
[-2.27754857e-01  6.54077446e-03  1.69204262e+09]
[-2.34347093e-01  6.54077446e-03  1.69204262e+09]
[-2.34495048e-01  6.52433497e-03  1.69204262e+09]
[-2.33590876e-01  6.50789548e-03  1.69204262e+09]
[-2.37569233e-01  6.45857701e-03  1.69204262e+09]
[-2.46923304e-01  6.44213751e-03  1.69204262e+09]
[-2.42303807e-01  6.39281904e-03  1.69204262e+09]
[-2.41711985e-01  6.49145599e-03  1.69204262e+09]
[-2.40955769e-01  6.44213751e-03  1.69204262e+09]
[-2.37782947e-01  6.40925853e-03  1.69204262e+09]
[-2.39689928e-01  6.44213751e-03  1.69204262e+09]
[-2.33426481e-01  6.42569802e-03  1.69204262e+09]
[-2.34133380e-01  6.32706108e-03  1.69204262e+09]
[-2.32144201e-01  6.37637955e-03  1.69204262e+09]
[-2.25157417e-01  6.37637955e-03  1.69204262e+09]
[-2.16049939e-01  6.35994006e-03  1.69204262e+09]
[-2.02996982e-01  6.39281904e-03  1.69204262e+09]
[-1.96996568e-01  6.39281904e-03  1.69204262e+09]
[-1.78962445e-01  6.37637955e-03  1.69204262e+09]
[-1.68539808e-01  6.34350057e-03  1.69204262e+09]
[-1.84157325e-01  6.35994006e-03  1.69204262e+09]
[-2.06778065e-01  6.27774261e-03  1.69204262e+09]
[-2.32752462e-01  6.32706108e-03  1.69204262e+09]
[-2.54781381e-01  6.31062159e-03  1.69204262e+09]
[-2.73851192e-01  6.29418210e-03  1.69204262e+09]
[-2.70053669e-01  6.21198464e-03  1.69204262e+09]
[-2.65023185e-01  6.24486362e-03  1.69204262e+09]
[-2.64727274e-01  6.27774261e-03  1.69204262e+09]
[-2.72848383e-01  6.22842413e-03  1.69204262e+09]
[-2.74870440e-01  6.29418210e-03  1.69204262e+09]
[-2.65976675e-01  6.21198464e-03  1.69204262e+09]
[-2.36073240e-01  6.17910566e-03  1.69204262e+09]
[-1.69016553e-01  6.26130311e-03  1.69204262e+09]
[-9.08467709e-02  6.31062159e-03  1.69204262e+09]
[-4.91891001e-02  6.21198464e-03  1.69204262e+09]
[-2.79328381e-02  3.33864629e-02  1.69204262e+09]
[-1.36304809e-02  5.37878708e-02  1.69204262e+09]
[-2.09460544e-02  3.12986476e-02  1.69204262e+09]
[-1.83486148e-02  7.69153882e-03  1.69204262e+09]
[-8.18900940e-03  5.43932857e-03  1.69204262e+09]
[-1.79540670e-02  5.02834130e-03  1.69204262e+09]
[-2.43983475e-02  4.79818843e-03  1.69204262e+09]
[-8.86438791e-02  7.13259613e-03  1.69204262e+09]
[-1.89434402e-01  4.81462792e-03  1.69204262e+09]
[-2.66289026e-01  4.71599097e-03  1.69204262e+09]
[-2.98937857e-01  4.65023301e-03  1.69204262e+09]
[-3.12352482e-01  4.58447505e-03  1.69204262e+09]
[-3.20325636e-01  4.56803555e-03  1.69204262e+09]
[-3.26720598e-01  4.61735403e-03  1.69204262e+09]
[-3.16560992e-01  4.50227759e-03  1.69204262e+09]
[-2.94104646e-01  4.51871708e-03  1.69204262e+09]
[-2.53729254e-01  4.46939861e-03  1.69204262e+09]
[-1.80935184e-01  4.50227759e-03  1.69204262e+09]
[-1.19599441e-01  4.48583810e-03  1.69204262e+09]
[-5.99240878e-02  4.48583810e-03  1.69204262e+09]
[-4.72985586e-02  6.39145970e-02  1.69204262e+09]
[-2.89027681e-02  1.37037450e-01  1.69204262e+09]
[-3.24372586e-02  1.75522296e-01  1.69204262e+09]
[-4.33859597e-02  1.93326263e-01  1.69204262e+09]
[-4.18077686e-02  2.16308670e-01  1.69204262e+09]
[-2.61080546e-02  2.52360470e-01  1.69204262e+09]
[-1.81349014e-02  2.68865717e-01  1.69204262e+09]
[-1.90719524e-02  2.72104296e-01  1.69204262e+09]
[-1.86280862e-02  2.75490831e-01  1.69204262e+09]
[-2.00418824e-02  2.76855309e-01  1.69204262e+09]
[-2.79657171e-02  2.71150806e-01  1.69204262e+09]
[-2.95603477e-02  2.68224577e-01  1.69204262e+09]
[-3.54621250e-02  2.64344857e-01  1.69204262e+09]
[-3.71060741e-02  2.59413011e-01  1.69204262e+09]
[-4.21858769e-02  2.53478355e-01  1.69204262e+09]
[-5.05700173e-02  2.50453489e-01  1.69204262e+09]
[-5.78527119e-02  2.44173604e-01  1.69204262e+09]
[-6.54641964e-02  2.36151133e-01  1.69204262e+09]
[-9.15372295e-02  2.38238949e-01  1.69204262e+09]
[-1.36499239e-01  2.45883311e-01  1.69204262e+09]
[-1.87149312e-01  2.50305534e-01  1.69204262e+09]
[-2.27886373e-01  2.52853654e-01  1.69204262e+09]
[-2.54403273e-01  2.59330813e-01  1.69204262e+09]
[-2.74656727e-01  2.66366915e-01  1.69204262e+09]
[-2.87939837e-01  2.71479596e-01  1.69204262e+09]
[-3.00351653e-01  2.85880588e-01  1.69204262e+09]
[-3.09492010e-01  3.03306446e-01  1.69204262e+09]
[-3.14522495e-01  3.08238293e-01  1.69204262e+09]
[-3.15048559e-01  3.11460433e-01  1.69204262e+09]
[-3.18698126e-01  3.14518177e-01  1.69204262e+09]
[-3.13569004e-01  3.11937178e-01  1.69204262e+09]
[-3.11119520e-01  3.09915121e-01  1.69204262e+09]
[-3.12467559e-01  3.08188974e-01  1.69204262e+09]
[-3.12270285e-01  3.06824497e-01  1.69204262e+09]
[-3.15064998e-01  3.06808057e-01  1.69204262e+09]
[-3.13799157e-01  3.04358573e-01  1.69204262e+09]
[-3.11957934e-01  3.04555847e-01  1.69204262e+09]
[-3.12697711e-01  3.02451593e-01  1.69204262e+09]
[-3.09344055e-01  3.00495294e-01  1.69204262e+09]
[-3.05760246e-01  2.99295211e-01  1.69204262e+09]
[-3.01765449e-01  2.97075880e-01  1.69204262e+09]
[-2.97063755e-01  2.94511320e-01  1.69204262e+09]
[-2.91523646e-01  2.92390626e-01  1.69204262e+09]
[-2.87791881e-01  2.91387817e-01  1.69204262e+09]
[-2.84438225e-01  2.90467205e-01  1.69204262e+09]
[-2.81511995e-01  2.87557416e-01  1.69204262e+09]
[-2.75725294e-01  2.80159646e-01  1.69204262e+09]
[-2.73325128e-01  2.79732219e-01  1.69204262e+09]
[-2.72322319e-01  2.78828047e-01  1.69204262e+09]
[-2.72667549e-01  2.79617143e-01  1.69204262e+09]
[-2.73703237e-01  2.78647213e-01  1.69204262e+09]
[-2.74558090e-01  2.78071831e-01  1.69204262e+09]
[-2.72388077e-01  2.77085461e-01  1.69204262e+09]
[-2.72125045e-01  2.76575837e-01  1.69204262e+09]
[-2.69133058e-01  2.76723793e-01  1.69204262e+09]
[-2.67061682e-01  2.77332054e-01  1.69204262e+09]
[-2.65467051e-01  2.76625156e-01  1.69204262e+09]
[-2.64168331e-01  2.74849691e-01  1.69204262e+09]
[-2.62179153e-01  2.74290748e-01  1.69204262e+09]
[-2.60485885e-01  2.73205742e-01  1.69204262e+09]
[-2.57888445e-01  2.74668857e-01  1.69204262e+09]
[-2.57526777e-01  2.73501653e-01  1.69204262e+09]
[-2.56902076e-01  2.70822016e-01  1.69204262e+09]
[-2.56260936e-01  2.70674061e-01  1.69204262e+09]
[-2.56967834e-01  2.70969971e-01  1.69204262e+09]
[-2.56786999e-01  2.70328831e-01  1.69204262e+09]
[-2.57345942e-01  2.69802768e-01  1.69204262e+09]
[-2.55093732e-01  2.69112309e-01  1.69204262e+09]
[-2.50950980e-01  2.69342462e-01  1.69204262e+09]
[-2.50589311e-01  2.70082239e-01  1.69204262e+09]
[-2.52019547e-01  2.71463156e-01  1.69204262e+09]
[-2.50211203e-01  2.73468774e-01  1.69204262e+09]
[-2.48386419e-01  2.73978398e-01  1.69204262e+09]
[-2.50671508e-01  2.72992029e-01  1.69204262e+09]
[-2.49487865e-01  2.71446717e-01  1.69204262e+09]
[-2.50293400e-01  2.71134366e-01  1.69204262e+09]
[-2.50244082e-01  2.69473978e-01  1.69204262e+09]
[-2.48813846e-01  2.68175258e-01  1.69204262e+09]
[-2.49964610e-01  2.67517679e-01  1.69204262e+09]
[-2.48123387e-01  2.67254647e-01  1.69204262e+09]
[-2.44967005e-01  2.67238207e-01  1.69204262e+09]
[-2.44161470e-01  2.67616316e-01  1.69204262e+09]
[-2.44276546e-01  2.68799959e-01  1.69204262e+09]
[-2.46413680e-01  2.69375341e-01  1.69204262e+09]
[-2.46873986e-01  2.70246634e-01  1.69204262e+09]
[-2.55767751e-01  2.70164437e-01  1.69204262e+09]
[-2.60255732e-01  2.70657621e-01  1.69204262e+09]
[-2.61225662e-01  2.70098679e-01  1.69204263e+09]
[-2.64184771e-01  2.68504048e-01  1.69204263e+09]
[-2.61472255e-01  2.67205328e-01  1.69204263e+09]
[-2.59762547e-01  2.65396985e-01  1.69204263e+09]
[-2.57954203e-01  2.64739405e-01  1.69204263e+09]
[-2.60140656e-01  2.63358488e-01  1.69204263e+09]
[-2.59976261e-01  2.62388558e-01  1.69204263e+09]
[-2.56770560e-01  2.60810367e-01  1.69204263e+09]
