HokinLeft_Hand
Dev2/ai0 Dev2/ai1
[-8.89233504e-02  4.14060879e-03  1.69204263e+09]
[-1.70035801e-01  4.12416930e-03  1.69204263e+09]
[-2.14816977e-01  4.10772981e-03  1.69204263e+09]
[-2.23628544e-01  4.02553236e-03  1.69204263e+09]
[-2.22592856e-01  4.00909286e-03  1.69204263e+09]
[-2.15606072e-01  4.00909286e-03  1.69204263e+09]
[-2.19913219e-01  3.95977439e-03  1.69204263e+09]
[-2.29744035e-01  3.86113745e-03  1.69204263e+09]
[-2.55504719e-01  3.92689541e-03  1.69204263e+09]
[-2.81331161e-01  3.89401643e-03  1.69204263e+09]
[-3.01765449e-01  3.97621388e-03  1.69204263e+09]
[-3.12451119e-01  4.30500370e-03  1.69204263e+09]
[-3.19980406e-01  4.99546232e-03  1.69204263e+09]
[-3.13947113e-01  4.35432217e-03  1.69204263e+09]
[-3.07979577e-01  3.82825846e-03  1.69204263e+09]
[-2.98855659e-01  3.94333490e-03  1.69204263e+09]
[-2.86756193e-01  3.77893999e-03  1.69204263e+09]
[-2.75708855e-01  3.77893999e-03  1.69204263e+09]
[-2.57066471e-01  3.77893999e-03  1.69204263e+09]
[-2.40396826e-01  3.86113745e-03  1.69204263e+09]
[-2.44243667e-01  3.91045592e-03  1.69204263e+09]
[-2.32472991e-01  3.79537948e-03  1.69204263e+09]
[-2.31092074e-01  3.74606101e-03  1.69204263e+09]
[-2.29333048e-01  3.79537948e-03  1.69204263e+09]
[-2.21392773e-01  3.81181897e-03  1.69204263e+09]
[-2.21080423e-01  3.79537948e-03  1.69204263e+09]
[-2.13468938e-01  3.71318203e-03  1.69204263e+09]
[-2.05298511e-01  3.69674254e-03  1.69204263e+09]
[-1.81000942e-01  3.74606101e-03  1.69204263e+09]
[-1.72452407e-01  3.69674254e-03  1.69204263e+09]
[-1.84732707e-01  3.68030305e-03  1.69204263e+09]
[-2.29415245e-01  3.66386356e-03  1.69204263e+09]
[-3.03869704e-01  3.69674254e-03  1.69204263e+09]
[-3.93004630e-01  3.53234763e-03  1.69204263e+09]
[-4.69481147e-01  3.66386356e-03  1.69204263e+09]
[-5.10497680e-01  3.64742406e-03  1.69204263e+09]
[-4.93647200e-01  3.68030305e-03  1.69204263e+09]
[-4.93301971e-01  3.61454508e-03  1.69204263e+09]
[-4.84112295e-01  3.56522661e-03  1.69204263e+09]
[-4.44690393e-01  3.59810559e-03  1.69204263e+09]
[-3.84176623e-01  3.58166610e-03  1.69204263e+09]
[-2.62902490e-01  3.54878712e-03  1.69204263e+09]
[-1.37600685e-01  3.54878712e-03  1.69204263e+09]
[-5.46141322e-02  3.65264057e-02  1.69204263e+09]
[-1.63923154e-02  1.15945584e-01  1.69204263e+09]
[-6.76162042e-04  2.16900491e-01  1.69204263e+09]
[-8.43403688e-05  2.47461502e-01  1.69204263e+09]
[-2.15856296e-04  2.52968731e-01  1.69204263e+09]
[-1.17219351e-04  2.58821189e-01  1.69204263e+09]
[-1.66537823e-04  2.76000455e-01  1.69204263e+09]
[-1.66537823e-04  2.96549816e-01  1.69204263e+09]
[-1.33658842e-04  2.92423505e-01  1.69204263e+09]
[-2.48735278e-04  2.86094301e-01  1.69204263e+09]
[-1.82977314e-04  2.80619952e-01  1.69204263e+09]
[-1.99416805e-04  2.74816812e-01  1.69204263e+09]
[-1.99416805e-04  2.68290335e-01  1.69204263e+09]
[-2.48735278e-04  2.64985997e-01  1.69204263e+09]
[-2.65174769e-04  2.67895787e-01  1.69204263e+09]
[-1.99416805e-04  2.70082239e-01  1.69204263e+09]
[-2.48735278e-04  2.75277118e-01  1.69204263e+09]
[-1.82977314e-04  2.78186907e-01  1.69204263e+09]
[-1.82977314e-04  2.71775506e-01  1.69204263e+09]
[-1.82977314e-04  2.69013672e-01  1.69204263e+09]
[-1.82977314e-04  2.67451921e-01  1.69204263e+09]
[-1.66537823e-04  2.63637959e-01  1.69204263e+09]
[-1.82977314e-04  2.54300330e-01  1.69204263e+09]
[-2.15856296e-04  2.39274636e-01  1.69204263e+09]
[-2.81614260e-04  2.23065300e-01  1.69204263e+09]
[-2.48735278e-04  2.18758154e-01  1.69204263e+09]
[-1.99416805e-04  2.15914122e-01  1.69204263e+09]
[-1.99416805e-04  1.98307429e-01  1.69204263e+09]
[-1.99416805e-04  1.89430104e-01  1.69204263e+09]
[-2.65174769e-04  1.53559137e-01  1.69204263e+09]
[-2.27079266e-03  1.12690565e-01  1.69204263e+09]
[-2.69821942e-03  1.13200189e-01  1.69204263e+09]
[-3.15852517e-03  1.00903451e-01  1.69204263e+09]
[-5.34497746e-03  9.50838709e-02  1.69204263e+09]
[-4.29285004e-03  9.78785843e-02  1.69204263e+09]
[-1.51457608e-03  1.10191763e-01  1.69204263e+09]
[-6.10404078e-04  1.11917909e-01  1.69204263e+09]
[-1.74472895e-03  1.04339304e-01  1.69204263e+09]
[-1.03783084e-03  6.72024951e-02  1.69204263e+09]
[-7.23551892e-03  3.25973674e-02  1.69204263e+09]
[-4.04761698e-02  8.28336049e-03  1.69204263e+09]
[-8.67533376e-02  4.78174894e-03  1.69204263e+09]
[-1.41891392e-01  4.68311199e-03  1.69204263e+09]
[-1.60599533e-01  4.58447505e-03  1.69204263e+09]
[-1.67997304e-01  4.46939861e-03  1.69204263e+09]
[-1.77236299e-01  4.55159606e-03  1.69204263e+09]
[-1.88891898e-01  4.38720115e-03  1.69204263e+09]
[-2.02668192e-01  4.43651963e-03  1.69204263e+09]
[-2.07369887e-01  4.43651963e-03  1.69204263e+09]
[-2.16017060e-01  4.28856421e-03  1.69204263e+09]
[-2.16986990e-01  4.27212472e-03  1.69204263e+09]
[-2.11414002e-01  4.28856421e-03  1.69204263e+09]
[-2.04558734e-01  4.38720115e-03  1.69204263e+09]
[-2.03851836e-01  4.33788268e-03  1.69204263e+09]
[-2.05265632e-01  4.27212472e-03  1.69204263e+09]
[-2.01813339e-01  4.20636676e-03  1.69204263e+09]
[-2.06482154e-01  4.17348777e-03  1.69204263e+09]
[-2.06235562e-01  4.18992726e-03  1.69204263e+09]
[-2.06186244e-01  4.22280625e-03  1.69204263e+09]
[-2.03144938e-01  4.22280625e-03  1.69204263e+09]
[-1.96602020e-01  4.18992726e-03  1.69204263e+09]
[-1.95895122e-01  4.17348777e-03  1.69204263e+09]
[-1.80721471e-01  4.23924574e-03  1.69204263e+09]
[-1.75904700e-01  4.22280625e-03  1.69204263e+09]
[-1.59974833e-01  4.22280625e-03  1.69204263e+09]
[-1.12694855e-01  4.18992726e-03  1.69204263e+09]
[-6.24064510e-02  2.84381762e-02  1.69204263e+09]
[-2.26064430e-02  9.08589219e-02  1.69204263e+09]
[-1.53730669e-02  1.18395068e-01  1.69204263e+09]
[-6.89028961e-03  1.41591189e-01  1.69204263e+09]
[-8.56996442e-04  1.62699494e-01  1.69204263e+09]
[-7.41920005e-04  1.85155837e-01  1.69204263e+09]
[-6.92601532e-04  1.94378391e-01  1.69204263e+09]
[-7.91238478e-04  2.05179135e-01  1.69204263e+09]
[-7.09041023e-04  2.03880416e-01  1.69204263e+09]
[-8.24117460e-04  2.06428536e-01  1.69204263e+09]
[-7.09041023e-04  1.97090906e-01  1.69204263e+09]
[-7.91238478e-04  1.82903627e-01  1.69204263e+09]
[-7.91238478e-04  1.68798545e-01  1.69204263e+09]
[-7.74798987e-04  1.23031004e-01  1.69204263e+09]
[-8.40556951e-04  2.36049659e-02  1.69204263e+09]
[-3.36373415e-02  5.35713112e-03  1.69204263e+09]
[-9.81952235e-02  4.86394639e-03  1.69204263e+09]
[-1.27062970e-01  4.63379352e-03  1.69204263e+09]
[-1.37156818e-01  4.48583810e-03  1.69204263e+09]
[-1.32553761e-01  4.42008014e-03  1.69204263e+09]
[-1.27342442e-01  4.33788268e-03  1.69204263e+09]
[-1.28000021e-01  4.28856421e-03  1.69204263e+09]
[-1.36433481e-01  4.27212472e-03  1.69204263e+09]
[-1.49141208e-01  4.20636676e-03  1.69204263e+09]
[-1.31320799e-01  4.22280625e-03  1.69204263e+09]
[-8.71478854e-02  4.12416930e-03  1.69204263e+09]
[-4.12159469e-02  4.23924574e-03  1.69204263e+09]
[-4.99974815e-03  4.09129032e-03  1.69204263e+09]
[-6.79008779e-05  4.07485083e-03  1.69204263e+09]
[-1.00779860e-04  2.70079405e-02  1.69204263e+09]
[-8.43403688e-05  9.44098518e-02  1.69204263e+09]
[-8.43403688e-05  1.29360208e-01  1.69204263e+09]
[-5.14613870e-05  1.56731959e-01  1.69204263e+09]
[-5.14613870e-05  1.57274462e-01  1.69204263e+09]
[-5.14613870e-05  1.53444061e-01  1.69204263e+09]
[-5.14613870e-05  1.54709902e-01  1.69204263e+09]
[-6.79008779e-05  1.53624895e-01  1.69204263e+09]
[-3.50218961e-05  1.52359055e-01  1.69204263e+09]
[-8.43403688e-05  1.51175411e-01  1.69204263e+09]
[-1.17219351e-04  1.46144927e-01  1.69204263e+09]
[-1.33658842e-04  1.48051908e-01  1.69204263e+09]
[-8.43403688e-05  1.32023405e-01  1.69204263e+09]
[-1.00779860e-04  9.37193932e-02  1.69204263e+09]
[-3.50218961e-05  5.83416097e-02  1.69204263e+09]
[-1.33658842e-04  1.91827429e-02  1.69204263e+09]
[-6.79008779e-05  3.30219476e-03  1.69204263e+09]
[-1.33658842e-04  3.03916290e-03  1.69204263e+09]
[-6.79008779e-05  3.00628392e-03  1.69204263e+09]
[-5.21646480e-02  2.82544952e-03  1.69204263e+09]
[-9.35099685e-02  2.90764697e-03  1.69204263e+09]
[-1.24120302e-01  2.87476799e-03  1.69204263e+09]
[-1.40592672e-01  2.90764697e-03  1.69204263e+09]
[-1.55930718e-01  2.87476799e-03  1.69204264e+09]
[-1.74490904e-01  2.84188901e-03  1.69204264e+09]
[-1.88185000e-01  2.84188901e-03  1.69204264e+09]
[-1.99363855e-01  2.95696545e-03  1.69204264e+09]
[-2.04542294e-01  2.89120748e-03  1.69204264e+09]
[-2.10641346e-01  2.87476799e-03  1.69204264e+09]
[-2.08980957e-01  2.82544952e-03  1.69204264e+09]
[-2.03309333e-01  2.82544952e-03  1.69204264e+09]
[-1.54878590e-01  2.85832850e-03  1.69204264e+09]
[-1.01548880e-01  2.84188901e-03  1.69204264e+09]
[-1.02831160e-01  2.82544952e-03  1.69204264e+09]
[-9.83431790e-02  2.77613105e-03  1.69204264e+09]
[-6.00556038e-02  2.77613105e-03  1.69204264e+09]
[-4.29256540e-02  2.82544952e-03  1.69204264e+09]
[-2.79163986e-02  2.84188901e-03  1.69204264e+09]
[-1.71156530e-02  2.87476799e-03  1.69204264e+09]
[-1.97624110e-02  2.90764697e-03  1.69204264e+09]
[-7.53936491e-02  2.89120748e-03  1.69204264e+09]
[-1.54533361e-01  2.82544952e-03  1.69204264e+09]
[-2.02651753e-01  2.89120748e-03  1.69204264e+09]
[-2.14603263e-01  2.87476799e-03  1.69204264e+09]
[-2.11035894e-01  2.79257054e-03  1.69204264e+09]
[-1.96815733e-01  2.87476799e-03  1.69204264e+09]
[-1.74162114e-01  2.85832850e-03  1.69204264e+09]
[-1.68046623e-01  2.92408647e-03  1.69204264e+09]
[-1.49305603e-01  2.85832850e-03  1.69204264e+09]
[-1.05428600e-01  2.80901003e-03  1.69204264e+09]
[-5.55511832e-02  2.77613105e-03  1.69204264e+09]
[-3.47223479e-02  2.18295009e-02  1.69204264e+09]
[-1.06713725e-02  5.65168263e-02  1.69204264e+09]
[-4.37504750e-03  8.07650748e-02  1.69204264e+09]
[-4.80247426e-03  8.52201767e-02  1.69204264e+09]
[-1.82692641e-03  1.01676107e-01  1.69204264e+09]
[-1.82977314e-04  1.26154508e-01  1.69204264e+09]
[-1.82977314e-04  1.46194246e-01  1.69204264e+09]
[-1.82977314e-04  1.48002590e-01  1.69204264e+09]
[-2.48735278e-04  1.39996558e-01  1.69204264e+09]
[-2.32295787e-04  1.23688584e-01  1.69204264e+09]
[-1.99416805e-04  7.12794888e-02  1.69204264e+09]
[-1.99416805e-04  6.78600748e-02  1.69204264e+09]
[-2.32295787e-04  6.88135652e-02  1.69204264e+09]
[-2.65174769e-04  4.57818389e-02  1.69204264e+09]
[-1.82977314e-04  2.94052596e-03  1.69204264e+09]
[-2.32295787e-04  3.00628392e-03  1.69204264e+09]
[-1.61457230e-02  2.98984443e-03  1.69204264e+09]
[-5.46963296e-02  3.05560239e-03  1.69204264e+09]
[-8.72794013e-02  2.85832850e-03  1.69204264e+09]
[-1.07072549e-01  2.90764697e-03  1.69204264e+09]
[-1.18497995e-01  2.92408647e-03  1.69204264e+09]
[-1.22081805e-01  2.82544952e-03  1.69204264e+09]
[-1.23742193e-01  2.94052596e-03  1.69204264e+09]
[-1.24383333e-01  2.80901003e-03  1.69204264e+09]
[-1.28805557e-01  2.82544952e-03  1.69204264e+09]
[-1.23429843e-01  2.77613105e-03  1.69204264e+09]
[-1.23840830e-01  2.85832850e-03  1.69204264e+09]
[-1.07532855e-01  2.84188901e-03  1.69204264e+09]
[-1.00858421e-01  2.82544952e-03  1.69204264e+09]
[-1.12382505e-01  2.80901003e-03  1.69204264e+09]
[-1.27194486e-01  2.75969156e-03  1.69204264e+09]
[-1.23709314e-01  2.79257054e-03  1.69204264e+09]
[-1.34000436e-01  2.84188901e-03  1.69204264e+09]
[-1.29726168e-01  2.82544952e-03  1.69204264e+09]
[-1.33260659e-01  2.71037308e-03  1.69204264e+09]
[-1.27326002e-01  2.79257054e-03  1.69204264e+09]
[-1.25517658e-01  2.77613105e-03  1.69204264e+09]
[-1.08963090e-01  2.82544952e-03  1.69204264e+09]
[-6.93767953e-02  2.77613105e-03  1.69204264e+09]
