HokinLeft_Hand
Dev2/ai0 Dev2/ai1
[-7.18098400e-02  1.78018257e-02  1.69204264e+09]
[-9.40195927e-02  1.50564307e-02  1.69204264e+09]
[-1.28805557e-01  7.44494646e-03  1.69204264e+09]
[-1.72156496e-01  1.04998450e-03  1.69204264e+09]
[-1.95188224e-01  6.71876213e-04  1.69204264e+09]
[-2.08783683e-01  6.22557740e-04  1.69204264e+09]
[-2.09507021e-01  6.71876213e-04  1.69204264e+09]
[-2.10098843e-01  6.55436722e-04  1.69204264e+09]
[-2.28543952e-01  5.73239267e-04  1.69204264e+09]
[-2.64957427e-01  6.38997231e-04  1.69204264e+09]
[-3.28364547e-01  6.88315704e-04  1.69204264e+09]
