HokinLeft_Hand
Dev2/ai0 Dev2/ai1
[-1.17219351e-04  2.88478027e-01  1.69204264e+09]
[-6.79008779e-05  3.01613179e-01  1.69204264e+09]
[-1.66537823e-04  3.12413923e-01  1.69204264e+09]
[-3.50218961e-05  3.17658120e-01  1.69204264e+09]
[-1.00779860e-04  3.17888273e-01  1.69204264e+09]
[-8.43403688e-05  3.22425571e-01  1.69204264e+09]
[-8.43403688e-05  3.28245150e-01  1.69204264e+09]
[-1.17219351e-04  3.37369067e-01  1.69204264e+09]
[-1.33658842e-04  3.32749570e-01  1.69204264e+09]
[-1.12760613e-01  2.77858117e-01  1.69204264e+09]
[-3.83880712e-01  6.21226926e-02  1.69204264e+09]
[-4.73640338e-01  4.60091454e-03  1.69204264e+09]
[-5.26180955e-01  4.18992726e-03  1.69204264e+09]
[-5.67542717e-01  4.02553236e-03  1.69204264e+09]
[-6.01062841e-01  3.97621388e-03  1.69204264e+09]
[-5.98695554e-01  3.99265337e-03  1.69204264e+09]
[-5.76617316e-01  3.94333490e-03  1.69204264e+09]
[-5.37442007e-01  3.92689541e-03  1.69204264e+09]
[-4.60324350e-01  3.86113745e-03  1.69204264e+09]
[-3.33608745e-01  3.77893999e-03  1.69204264e+09]
[-1.37781519e-01  4.12416930e-03  1.69204264e+09]
[-3.39661313e-02  3.48166986e-02  1.69204264e+09]
[-8.43403688e-05  9.10890748e-02  1.69204264e+09]
[-1.00779860e-04  1.63817379e-01  1.69204264e+09]
[-6.79008779e-05  2.09732874e-01  1.69204264e+09]
[-1.99416805e-04  2.42611853e-01  1.69204264e+09]
[-5.64088830e-03  2.94511320e-01  1.69204264e+09]
[-5.44646114e-04  3.40755601e-01  1.69204264e+09]
[-1.00779860e-04  3.62702318e-01  1.69204264e+09]
[-1.17219351e-04  3.70527514e-01  1.69204264e+09]
[-1.82977314e-04  3.71119336e-01  1.69204264e+09]
[-8.43403688e-05  3.66532719e-01  1.69204264e+09]
[-1.00779860e-04  3.63902401e-01  1.69204264e+09]
[-1.33658842e-04  3.60121318e-01  1.69204264e+09]
[-1.50098332e-04  3.56126523e-01  1.69204264e+09]
[-1.17219351e-04  3.51161797e-01  1.69204264e+09]
[-1.33658842e-04  3.46443664e-01  1.69204264e+09]
[-1.17219351e-04  3.40245977e-01  1.69204264e+09]
[-1.66537823e-04  3.38947257e-01  1.69204264e+09]
[-1.82977314e-04  3.29741144e-01  1.69204264e+09]
[-1.17219351e-04  3.15866215e-01  1.69204264e+09]
[-1.82977314e-04  2.87984843e-01  1.69204264e+09]
[-8.43403688e-05  2.52689260e-01  1.69204264e+09]
[-1.17219351e-04  2.14746918e-01  1.69204264e+09]
[-1.50098332e-04  1.92537168e-01  1.69204264e+09]
[-3.79773671e-02  8.42338073e-02  1.69204264e+09]
[-1.74507343e-01  6.40925853e-03  1.69204264e+09]
[-2.23858697e-01  2.92408647e-03  1.69204264e+09]
[-2.39952960e-01  2.61173614e-03  1.69204264e+09]
[-2.48222024e-01  2.79257054e-03  1.69204264e+09]
[-2.39821444e-01  2.87476799e-03  1.69204264e+09]
[-2.30155023e-01  2.82544952e-03  1.69204264e+09]
[-2.00004995e-01  2.89120748e-03  1.69204264e+09]
[-1.21489983e-01  5.85388836e-02  1.69204264e+09]
[-3.36209020e-02  1.55762029e-01  1.69204264e+09]
[-3.30932732e-04  2.33750968e-01  1.69204264e+09]
[-2.32295787e-04  2.74159232e-01  1.69204264e+09]
[-2.32295787e-04  2.81918671e-01  1.69204264e+09]
[-2.65174769e-04  3.02024166e-01  1.69204264e+09]
[-1.99416805e-04  3.12035815e-01  1.69204264e+09]
[-2.65174769e-04  3.13860598e-01  1.69204264e+09]
[-2.15856296e-04  3.09602770e-01  1.69204265e+09]
[-1.33658842e-04  3.02254319e-01  1.69204265e+09]
[-2.15856296e-04  2.97108759e-01  1.69204265e+09]
[-1.99416805e-04  2.90713798e-01  1.69204265e+09]
[-2.32295787e-04  2.88116358e-01  1.69204265e+09]
[-2.98053751e-04  2.82806404e-01  1.69204265e+09]
[-2.81614260e-04  2.80258283e-01  1.69204265e+09]
[-2.32295787e-04  2.74718175e-01  1.69204265e+09]
[-2.15856296e-04  2.41329573e-01  1.69204265e+09]
[-1.90390734e-02  1.55597634e-01  1.69204265e+09]
[-2.80972330e-02  1.38632080e-01  1.69204265e+09]
[-5.41373869e-02  1.09353349e-01  1.69204265e+09]
[-1.09439836e-01  4.48447879e-02  1.69204265e+09]
[-1.62851744e-01  1.50564307e-02  1.69204265e+09]
[-1.74047037e-01  4.71599097e-03  1.69204265e+09]
[-1.54812832e-01  4.42008014e-03  1.69204265e+09]
[-1.14273046e-01  4.25568523e-03  1.69204265e+09]
[-7.14646107e-02  3.49975330e-02  1.69204265e+09]
[-9.29839048e-02  2.78627940e-02  1.69204265e+09]
[-1.50144017e-01  2.41446225e-03  1.69204265e+09]
[-1.92146918e-01  2.26650683e-03  1.69204265e+09]
[-1.78485700e-01  1.10945134e-02  1.69204265e+09]
[-8.86931975e-02  1.74404411e-01  1.69204265e+09]
[-2.55655514e-02  2.07036798e-01  1.69204265e+09]
[-5.77525096e-04  2.11179549e-01  1.69204265e+09]
[-2.48735278e-04  2.15766167e-01  1.69204265e+09]
[-2.48735278e-04  2.15420937e-01  1.69204265e+09]
[-2.48735278e-04  2.11820689e-01  1.69204265e+09]
[-2.32295787e-04  2.06461415e-01  1.69204265e+09]
[-2.15856296e-04  2.02367983e-01  1.69204265e+09]
[-2.15856296e-04  2.02926925e-01  1.69204265e+09]
[-2.32295787e-04  2.02367983e-01  1.69204265e+09]
[-1.99416805e-04  1.95677110e-01  1.69204265e+09]
[-2.32295787e-04  1.80996646e-01  1.69204265e+09]
[-2.48735278e-04  1.76146997e-01  1.69204265e+09]
[-2.48735278e-04  1.68732787e-01  1.69204265e+09]
[-2.98053751e-04  1.67302551e-01  1.69204265e+09]
[-2.48735278e-04  1.66513455e-01  1.69204265e+09]
[-2.15856296e-04  1.56551125e-01  1.69204265e+09]
[-2.15856296e-04  1.42692635e-01  1.69204265e+09]
[-2.15856296e-04  9.15000620e-02  1.69204265e+09]
[-1.50098332e-04  5.56784123e-02  1.69204265e+09]
[-2.98053751e-04  4.78367752e-02  1.69204265e+09]
[-2.81614260e-04  3.89101318e-02  1.69204265e+09]
[-2.81614260e-04  2.98355329e-02  1.69204265e+09]
[-2.98053751e-04  4.23924574e-03  1.69204265e+09]
[-2.15856296e-04  3.92689541e-03  1.69204265e+09]
[-1.99416805e-04  2.43283035e-02  1.69204265e+09]
[-1.99416805e-04  3.39289661e-02  1.69204265e+09]
[-1.50098332e-04  1.49577938e-02  1.69204265e+09]
[-1.99416805e-04  4.76530945e-03  1.69204265e+09]
[-2.32295787e-04  4.55159606e-03  1.69204265e+09]
[-2.15856296e-04  4.27212472e-03  1.69204265e+09]
[-2.38394048e-02  4.14060879e-03  1.69204265e+09]
[-3.83225964e-02  4.07485083e-03  1.69204265e+09]
[-7.81883626e-02  4.05841134e-03  1.69204265e+09]
[-1.12218110e-01  3.94333490e-03  1.69204265e+09]
[-1.37123939e-01  3.94333490e-03  1.69204265e+09]
[-1.57393832e-01  3.86113745e-03  1.69204265e+09]
[-1.61816056e-01  3.89401643e-03  1.69204265e+09]
[-1.81642083e-01  3.91045592e-03  1.69204265e+09]
[-1.89976905e-01  3.86113745e-03  1.69204265e+09]
[-2.07189053e-01  3.79537948e-03  1.69204265e+09]
[-2.15211525e-01  3.81181897e-03  1.69204265e+09]
[-2.03835396e-01  3.84469796e-03  1.69204265e+09]
[-1.59498087e-01  3.79537948e-03  1.69204265e+09]
[-7.34702286e-02  3.76250050e-03  1.69204265e+09]
[-2.05515066e-02  3.68030305e-03  1.69204265e+09]
[-6.79008779e-05  3.71318203e-03  1.69204265e+09]
[-3.50218961e-05  3.64742406e-03  1.69204265e+09]
[-1.17219351e-04  7.17397945e-02  1.69204265e+09]
[-8.43403688e-05  1.25990113e-01  1.69204265e+09]
[1.42965766e-05 1.41804902e-01 1.69204265e+09]
[-6.79008779e-05  1.47164176e-01  1.69204265e+09]
[-1.00779860e-04  1.36922374e-01  1.69204265e+09]
[-6.79008779e-05  1.25809278e-01  1.69204265e+09]
[-3.50218961e-05  1.15353762e-01  1.69204265e+09]
[-3.50218961e-05  1.11950788e-01  1.69204265e+09]
[-5.14613870e-05  1.11983667e-01  1.69204265e+09]
[-1.85824052e-05  1.05194157e-01  1.69204265e+09]
[-1.17219351e-04  7.89074124e-02  1.69204265e+09]
[-8.43403688e-05  3.71182273e-02  1.69204265e+09]
[-3.50218961e-05  1.59606027e-02  1.69204265e+09]
[-1.17219351e-04  4.96258334e-03  1.69204265e+09]
[-1.85824052e-05  4.09129032e-03  1.69204265e+09]
[-1.33658842e-04  3.81181897e-03  1.69204265e+09]
[-1.87760416e-02  3.77893999e-03  1.69204265e+09]
[-1.98610480e-02  3.63098457e-03  1.69204265e+09]
[-6.33134692e-03  3.53234763e-03  1.69204265e+09]
[-1.33658842e-04  3.46658967e-03  1.69204265e+09]
[-1.50098332e-04  3.51590814e-03  1.69204265e+09]
[-6.79008779e-05  3.48302916e-03  1.69204265e+09]
[-3.36373415e-02  3.41727119e-03  1.69204265e+09]
[-7.96679168e-02  3.43371068e-03  1.69204265e+09]
[-1.00776224e-01  3.36795272e-03  1.69204265e+09]
[-1.15160779e-01  4.27212472e-03  1.69204265e+09]
[-1.41842073e-01  3.36795272e-03  1.69204265e+09]
[-1.76151292e-01  3.40083170e-03  1.69204265e+09]
[-2.07123295e-01  3.35151323e-03  1.69204265e+09]
[-2.31420863e-01  3.36795272e-03  1.69204265e+09]
[-2.52578489e-01  3.28575527e-03  1.69204265e+09]
[-2.71089357e-01  3.30219476e-03  1.69204265e+09]
[-2.69987911e-01  3.26931577e-03  1.69204265e+09]
[-2.81791467e-01  3.35151323e-03  1.69204265e+09]
[-2.88202868e-01  3.31863425e-03  1.69204265e+09]
[-2.96389735e-01  3.33507374e-03  1.69204265e+09]
[-3.00664003e-01  3.28575527e-03  1.69204265e+09]
[-2.91835996e-01  3.18711832e-03  1.69204265e+09]
[-2.86871270e-01  3.23643679e-03  1.69204265e+09]
[-2.84191632e-01  3.25287628e-03  1.69204265e+09]
[-2.90833187e-01  3.28575527e-03  1.69204265e+09]
[-2.84372467e-01  3.28575527e-03  1.69204265e+09]
[-2.71385268e-01  3.20355781e-03  1.69204265e+09]
[-2.51230451e-01  3.25287628e-03  1.69204265e+09]
[-2.05660180e-01  3.30219476e-03  1.69204265e+09]
[-1.56999285e-01  3.25287628e-03  1.69204265e+09]
[-1.28411009e-01  3.25287628e-03  1.69204265e+09]
[-1.41233812e-01  3.20355781e-03  1.69204265e+09]
[-1.63542202e-01  3.20355781e-03  1.69204265e+09]
[-1.81921554e-01  3.18711832e-03  1.69204265e+09]
[-2.03407970e-01  3.26931577e-03  1.69204265e+09]
[-2.09342626e-01  3.23643679e-03  1.69204265e+09]
[-2.22050353e-01  3.17067883e-03  1.69204265e+09]
[-2.43865559e-01  3.23643679e-03  1.69204265e+09]
[-2.64875229e-01  3.26931577e-03  1.69204265e+09]
[-2.76366434e-01  3.18711832e-03  1.69204265e+09]
[-2.89665983e-01  3.17067883e-03  1.69204265e+09]
[-3.01584615e-01  3.26931577e-03  1.69204265e+09]
[-3.10248227e-01  3.12136036e-03  1.69204265e+09]
[-3.18977597e-01  3.21999730e-03  1.69204265e+09]
[-3.17136374e-01  3.17067883e-03  1.69204265e+09]
[-3.16150005e-01  3.08848137e-03  1.69204265e+09]
[-3.12648393e-01  3.18711832e-03  1.69204265e+09]
[-3.22561407e-01  3.13779985e-03  1.69204265e+09]
[-3.20703744e-01  3.13779985e-03  1.69204265e+09]
[-3.22101101e-01  3.20355781e-03  1.69204265e+09]
[-3.15886973e-01  3.12136036e-03  1.69204265e+09]
[-3.12944304e-01  3.03916290e-03  1.69204265e+09]
[-3.02307952e-01  3.08848137e-03  1.69204265e+09]
[-2.84010798e-01  3.13779985e-03  1.69204265e+09]
[-2.55027974e-01  3.18711832e-03  1.69204265e+09]
[-2.08372696e-01  3.13779985e-03  1.69204265e+09]
[-1.10639919e-01  3.08848137e-03  1.69204265e+09]
[-3.12371758e-02  2.10897238e-02  1.69204265e+09]
[-1.17219351e-04  1.31595979e-01  1.69204265e+09]
[-1.66537823e-04  1.93194747e-01  1.69204265e+09]
[-1.33658842e-04  2.18922549e-01  1.69204265e+09]
[-1.99416805e-04  2.44765426e-01  1.69204265e+09]
[-2.32295787e-04  2.47182031e-01  1.69204265e+09]
[-1.82977314e-04  2.42891324e-01  1.69204265e+09]
[-1.33658842e-04  2.37663566e-01  1.69204265e+09]
[-1.50098332e-04  2.29920567e-01  1.69204265e+09]
[-1.82977314e-04  2.23591364e-01  1.69204265e+09]
[-2.15856296e-04  2.20287026e-01  1.69204265e+09]
[-1.66537823e-04  2.20961045e-01  1.69204265e+09]
[-8.73435933e-04  2.24972281e-01  1.69204265e+09]
[-1.53101557e-03  2.28325936e-01  1.69204265e+09]
[-4.78888151e-04  2.30068522e-01  1.69204265e+09]
[-2.32295787e-04  2.31663153e-01  1.69204265e+09]
[-1.99416805e-04  2.33471497e-01  1.69204265e+09]
[-1.66537823e-04  2.35000369e-01  1.69204265e+09]
[-1.82977314e-04  2.31334363e-01  1.69204265e+09]
[-2.15856296e-04  2.27454644e-01  1.69204265e+09]
[-1.99416805e-04  2.18018377e-01  1.69204265e+09]
[-1.82977314e-04  1.82624155e-01  1.69204265e+09]
