HokinLeft_Hand
Dev2/ai0 Dev2/ai1
[-1.49620797e-02  9.66427772e-03  1.69204265e+09]
[-1.63429969e-02  1.35768765e-02  1.69204265e+09]
[-1.49127612e-02  1.24918701e-02  1.69204265e+09]
[-1.23810796e-02  9.49988282e-03  1.69204265e+09]
[-1.30715382e-02  9.68071721e-03  1.69204266e+09]
[-1.49620797e-02  1.08479211e-02  1.69204266e+09]
[-1.69183791e-02  1.38563479e-02  1.69204266e+09]
[-1.64580734e-02  1.35604371e-02  1.69204266e+09]
[-1.52908695e-02  1.26398256e-02  1.69204266e+09]
[-1.48141243e-02  1.17685326e-02  1.69204266e+09]
[-1.73786849e-02  1.28370995e-02  1.69204266e+09]
