HokinLeft_Hand
Dev2/ai0 Dev2/ai1
[-3.45412300e-01  9.64940311e-05  1.69204266e+09]
[-3.49653689e-01  2.11570467e-04  1.69204266e+09]
[-3.53993715e-01  2.28009958e-04  1.69204266e+09]
[-3.54371824e-01  1.45812504e-04  1.69204266e+09]
[-3.51725065e-01  2.11570467e-04  1.69204266e+09]
[-3.49078307e-01  2.44449449e-04  1.69204266e+09]
[-3.49357779e-01  1.95130977e-04  1.69204266e+09]
[-3.56525397e-01  3.26646904e-04  1.69204266e+09]
[-3.56689792e-01  2.77328431e-04  1.69204266e+09]
[-3.49357779e-01  3.26646904e-04  1.69204266e+09]
[-3.25208165e-01  2.77328431e-04  1.69204266e+09]
[-2.85621868e-01  2.93767922e-04  1.69204266e+09]
[-2.50572871e-01  2.60888940e-04  1.69204266e+09]
[-2.39969399e-01  3.26646904e-04  1.69204266e+09]
[-2.29333048e-01  2.77328431e-04  1.69204266e+09]
[-2.26373940e-01  4.08844358e-04  1.69204266e+09]
[-1.97769224e-01  1.77031887e-02  1.69204266e+09]
[-1.36219767e-01  9.77799473e-02  1.69204266e+09]
[-1.21062556e-01  1.54003004e-01  1.69204266e+09]
[-1.25797130e-01  2.05129817e-01  1.69204266e+09]
[-1.38965162e-01  2.38337585e-01  1.69204266e+09]
[-1.78354184e-01  2.62273482e-01  1.69204266e+09]
[-2.53088114e-01  2.93163282e-01  1.69204266e+09]
[-2.96603449e-01  3.11509751e-01  1.69204266e+09]
[-3.12681272e-01  3.29576749e-01  1.69204266e+09]
[-3.14374540e-01  3.45029868e-01  1.69204266e+09]
[-3.23087470e-01  3.64280509e-01  1.69204266e+09]
[-3.25652031e-01  3.77760889e-01  1.69204266e+09]
[-3.39707797e-01  3.92523549e-01  1.69204266e+09]
[-3.60437996e-01  4.11330323e-01  1.69204266e+09]
[-3.74066335e-01  4.30433008e-01  1.69204266e+09]
[-3.83814954e-01  4.30169976e-01  1.69204266e+09]
[-3.85179432e-01  4.30433008e-01  1.69204266e+09]
[-3.85047916e-01  4.25534041e-01  1.69204266e+09]
[-3.82812145e-01  4.23364028e-01  1.69204266e+09]
[-3.83354648e-01  4.19352793e-01  1.69204266e+09]
[-3.81694259e-01  4.13730489e-01  1.69204266e+09]
[-3.78176208e-01  4.10935776e-01  1.69204266e+09]
[-3.70597602e-01  4.06086127e-01  1.69204266e+09]
[-3.66224697e-01  4.01663905e-01  1.69204266e+09]
[-3.61851792e-01  3.97554033e-01  1.69204266e+09]
[-3.56591155e-01  3.94216817e-01  1.69204266e+09]
[-3.55539028e-01  3.91504301e-01  1.69204266e+09]
[-3.54799250e-01  3.89137015e-01  1.69204266e+09]
[-3.53796441e-01  3.85635404e-01  1.69204266e+09]
[-3.53369015e-01  3.83498270e-01  1.69204266e+09]
[-3.47960422e-01  3.80309010e-01  1.69204266e+09]
[-3.45083511e-01  3.78221195e-01  1.69204266e+09]
[-3.39625599e-01  3.76182698e-01  1.69204266e+09]
[-3.39494083e-01  3.75130571e-01  1.69204266e+09]
[-3.37784376e-01  3.74522310e-01  1.69204266e+09]
[-3.37061039e-01  3.72812603e-01  1.69204266e+09]
[-3.37850134e-01  3.70839865e-01  1.69204266e+09]
[-3.33493669e-01  3.69113718e-01  1.69204266e+09]
[-3.31422293e-01  3.65053165e-01  1.69204266e+09]
[-3.26687719e-01  3.60696700e-01  1.69204266e+09]
[-3.21476400e-01  3.57343045e-01  1.69204266e+09]
[-3.17481604e-01  3.54071587e-01  1.69204266e+09]
[-3.14473177e-01  3.50175428e-01  1.69204266e+09]
[-3.11842858e-01  3.48547919e-01  1.69204266e+09]
[-3.06121915e-01  3.45194263e-01  1.69204266e+09]
[-3.06006838e-01  3.39933627e-01  1.69204266e+09]
[-3.05743806e-01  3.36859442e-01  1.69204266e+09]
[-3.05168424e-01  3.35330570e-01  1.69204266e+09]
[-3.08143972e-01  3.33900334e-01  1.69204266e+09]
[-3.13437489e-01  3.36530653e-01  1.69204266e+09]
[-3.20654426e-01  3.38454073e-01  1.69204266e+09]
[-3.23284744e-01  3.39489761e-01  1.69204266e+09]
[-3.25767108e-01  3.39719913e-01  1.69204266e+09]
[-3.24714980e-01  3.39489761e-01  1.69204266e+09]
[-3.25339681e-01  3.40410372e-01  1.69204266e+09]
[-3.25405439e-01  3.38059525e-01  1.69204266e+09]
[-3.22512088e-01  3.38717105e-01  1.69204266e+09]
[-3.23564216e-01  3.38930818e-01  1.69204266e+09]
[-3.23334063e-01  3.39210289e-01  1.69204266e+09]
[-3.22972394e-01  3.39867869e-01  1.69204266e+09]
[-3.24846496e-01  3.40887117e-01  1.69204266e+09]
[-3.23761490e-01  3.40459690e-01  1.69204266e+09]
[-3.20374954e-01  3.39982945e-01  1.69204266e+09]
[-3.19766693e-01  3.39654155e-01  1.69204266e+09]
[-3.15919852e-01  3.37270430e-01  1.69204266e+09]
[-3.14538935e-01  3.35396328e-01  1.69204266e+09]
[-3.13437489e-01  3.32289265e-01  1.69204266e+09]
[-3.11826418e-01  3.27176584e-01  1.69204266e+09]
[-3.09902998e-01  3.22491329e-01  1.69204266e+09]
[-3.10018074e-01  3.19499342e-01  1.69204266e+09]
[-3.10922246e-01  3.13433171e-01  1.69204266e+09]
[-3.10231788e-01  3.08846554e-01  1.69204266e+09]
[-3.08867310e-01  3.06479267e-01  1.69204266e+09]
[-3.06943889e-01  3.03240688e-01  1.69204266e+09]
