HokinLeft_Hand
Dev2/ai0 Dev2/ai1
[-1.15966314e-01  6.08897308e-02  1.69204266e+09]
[-1.04491549e-01  5.42152976e-02  1.69204266e+09]
[-9.12741977e-02  5.20617243e-02  1.69204266e+09]
[-8.16735347e-02  5.03848963e-02  1.69204267e+09]
[-7.74979040e-02  4.88724632e-02  1.69204267e+09]
[-7.50812987e-02  4.64558580e-02  1.69204267e+09]
[-7.03302858e-02  4.37597816e-02  1.69204267e+09]
[-6.73382984e-02  4.14253739e-02  1.69204267e+09]
[-6.97384641e-02  4.01595331e-02  1.69204267e+09]
[-7.35524261e-02  4.06855968e-02  1.69204267e+09]
[-7.53772096e-02  4.17212847e-02  1.69204267e+09]
[-7.43086427e-02  4.18034822e-02  1.69204267e+09]
[-7.37003815e-02  4.12116605e-02  1.69204267e+09]
[-7.36346235e-02  4.10472656e-02  1.69204267e+09]
