HokinLeft_Hand
Dev2/ai0 Dev2/ai1
[-2.45706782e-01  1.27486106e-01  1.69204253e+09]
[-2.22675054e-01  1.49778055e-01  1.69204253e+09]
[-2.18515862e-01  1.61006226e-01  1.69204253e+09]
[-2.43487450e-01  2.09436963e-01  1.69204253e+09]
[-3.46234275e-01  3.27883482e-01  1.69204253e+09]
[-4.09772912e-01  4.43814751e-01  1.69204253e+09]
[-4.49507164e-01  5.35251177e-01  1.69204253e+09]
[-4.65979535e-01  5.77286943e-01  1.69204253e+09]
[-5.15544604e-01  6.15590944e-01  1.69204253e+09]
[-5.97939337e-01  7.19291214e-01  1.69204253e+09]
[-6.39810723e-01  7.49490545e-01  1.69204253e+09]
[-6.62908209e-01  7.67195869e-01  1.69204253e+09]
[-6.70256662e-01  7.48043871e-01  1.69204253e+09]
[-6.65850878e-01  7.41714670e-01  1.69204253e+09]
[-6.56496807e-01  7.32607196e-01  1.69204253e+09]
[-6.47783877e-01  7.22759945e-01  1.69204253e+09]
[-6.37081768e-01  7.27313682e-01  1.69204253e+09]
[-6.27201633e-01  7.21642060e-01  1.69204253e+09]
[-6.09035994e-01  7.17482870e-01  1.69204253e+09]
[-5.88881177e-01  7.09378205e-01  1.69204253e+09]
[-5.69055150e-01  7.03131201e-01  1.69204253e+09]
[-5.62298519e-01  6.99218603e-01  1.69204253e+09]
[-5.48949651e-01  6.97426700e-01  1.69204253e+09]
[-5.37376249e-01  6.86132774e-01  1.69204253e+09]
[-4.96425474e-01  6.56821173e-01  1.69204253e+09]
[-4.82830014e-01  6.46793087e-01  1.69204253e+09]
[-4.77059753e-01  6.30994742e-01  1.69204253e+09]
[-4.56082961e-01  5.91013913e-01  1.69204253e+09]
[-4.33577296e-01  5.47515034e-01  1.69204253e+09]
[-4.00155809e-01  4.60155601e-01  1.69204253e+09]
[-3.96818592e-01  3.98573281e-01  1.69204253e+09]
[-3.99284516e-01  3.83892818e-01  1.69204253e+09]
[-4.04364319e-01  3.82922888e-01  1.69204253e+09]
[-4.10578447e-01  3.87854735e-01  1.69204253e+09]
[-4.14639001e-01  3.94068861e-01  1.69204253e+09]
[-4.14688320e-01  3.96929332e-01  1.69204253e+09]
[-4.09329046e-01  3.95466218e-01  1.69204253e+09]
[-3.95634949e-01  3.91865970e-01  1.69204253e+09]
[-3.60536633e-01  3.87936932e-01  1.69204253e+09]
[-3.34891026e-01  3.86835487e-01  1.69204253e+09]
[-3.31718204e-01  3.87114958e-01  1.69204253e+09]
[-3.28709777e-01  3.87788977e-01  1.69204253e+09]
[-3.30452363e-01  3.85651843e-01  1.69204253e+09]
[-3.16248642e-01  3.84829869e-01  1.69204253e+09]
[-3.12007253e-01  3.83580468e-01  1.69204253e+09]
[-3.16971979e-01  3.82955767e-01  1.69204253e+09]
[-3.19816011e-01  3.83317436e-01  1.69204253e+09]
[-3.23597095e-01  3.84829869e-01  1.69204253e+09]
[-3.24353311e-01  3.85766920e-01  1.69204253e+09]
[-3.25093088e-01  3.85487448e-01  1.69204253e+09]
[-3.22002464e-01  3.83317436e-01  1.69204253e+09]
[-3.16051368e-01  3.82084474e-01  1.69204253e+09]
[-3.09409813e-01  3.81476213e-01  1.69204253e+09]
[-3.05826004e-01  3.80456965e-01  1.69204253e+09]
[-3.04379328e-01  3.77678692e-01  1.69204253e+09]
[-3.01403780e-01  3.74505870e-01  1.69204253e+09]
[-2.95814353e-01  3.69721979e-01  1.69204253e+09]
[-2.94548512e-01  3.65069604e-01  1.69204253e+09]
[-2.89616665e-01  3.58625325e-01  1.69204253e+09]
[-2.88449461e-01  3.57014255e-01  1.69204253e+09]
[-2.89501588e-01  3.57869108e-01  1.69204253e+09]
[-2.92690850e-01  3.60104879e-01  1.69204253e+09]
[-2.97935048e-01  3.65480592e-01  1.69204253e+09]
[-3.00433850e-01  3.69606903e-01  1.69204253e+09]
[-3.03688870e-01  3.69475387e-01  1.69204253e+09]
[-3.06154794e-01  3.67075222e-01  1.69204253e+09]
[-3.08143972e-01  3.66762872e-01  1.69204253e+09]
[-3.10133151e-01  3.65579228e-01  1.69204253e+09]
[-3.08965947e-01  3.65053165e-01  1.69204253e+09]
[-3.10840049e-01  3.64412025e-01  1.69204253e+09]
[-3.09393374e-01  3.63261261e-01  1.69204253e+09]
[-3.08522080e-01  3.61617312e-01  1.69204253e+09]
[-3.05645169e-01  3.56126523e-01  1.69204253e+09]
[-3.06697297e-01  3.53594842e-01  1.69204253e+09]
[-3.05530093e-01  3.51605663e-01  1.69204253e+09]
[-3.06598660e-01  3.49517848e-01  1.69204253e+09]
[-3.06516462e-01  3.45309339e-01  1.69204253e+09]
[-3.05053348e-01  3.42580384e-01  1.69204253e+09]
[-3.05102666e-01  3.39900748e-01  1.69204253e+09]
[-3.04149176e-01  3.32650933e-01  1.69204253e+09]
[-3.00811959e-01  3.25335361e-01  1.69204253e+09]
[-2.99496799e-01  3.24677781e-01  1.69204253e+09]
[-3.01732570e-01  3.24217476e-01  1.69204253e+09]
[-3.02028481e-01  3.24562705e-01  1.69204253e+09]
[-3.02324392e-01  3.25203845e-01  1.69204253e+09]
[-2.98937857e-01  3.25713469e-01  1.69204253e+09]
[-2.97787092e-01  3.27439615e-01  1.69204253e+09]
[-2.99907787e-01  3.29165762e-01  1.69204253e+09]
[-2.98329595e-01  3.29428794e-01  1.69204253e+09]
[-2.93463506e-01  3.28836972e-01  1.69204253e+09]
[-2.94959500e-01  3.27751966e-01  1.69204253e+09]
[-2.94959500e-01  3.25680590e-01  1.69204253e+09]
