HokinLeft_Hand
Dev2/ai0 Dev2/ai1
[-1.49354921e-01  8.54010111e-02  1.69204267e+09]
[-1.57936336e-01  9.77470684e-02  1.69204267e+09]
[-1.65695776e-01  1.10241081e-01  1.69204267e+09]
[-1.67158890e-01  1.11687756e-01  1.69204267e+09]
[-1.61322871e-01  1.09106756e-01  1.69204267e+09]
[-1.48006883e-01  1.02761113e-01  1.69204267e+09]
[-1.39721379e-01  9.62675142e-02  1.69204267e+09]
[-1.36630755e-01  9.19439283e-02  1.69204267e+09]
[-1.36038933e-01  8.97245971e-02  1.69204267e+09]
[-1.38324022e-01  8.95930812e-02  1.69204267e+09]
[-1.38915844e-01  8.90012595e-02  1.69204267e+09]
[-1.37995232e-01  8.77682977e-02  1.69204267e+09]
[-1.38225385e-01  8.73573105e-02  1.69204267e+09]
[-1.40247443e-01  8.71271576e-02  1.69204267e+09]
