HokinLeft_Hand
Dev2/ai0 Dev2/ai1
[-1.39293952e-01  8.30008455e-02  1.69204267e+09]
[-1.38291143e-01  8.30337245e-02  1.69204267e+09]
[-1.38882965e-01  8.27049347e-02  1.69204267e+09]
[-1.38981602e-01  8.26720557e-02  1.69204267e+09]
[-1.39261073e-01  8.31981194e-02  1.69204267e+09]
[-1.39458347e-01  8.28364506e-02  1.69204267e+09]
[-1.39441908e-01  8.21788710e-02  1.69204267e+09]
[-1.39507666e-01  8.25241003e-02  1.69204267e+09]
[-1.39441908e-01  8.23925844e-02  1.69204267e+09]
[-1.40428277e-01  8.29679665e-02  1.69204267e+09]
[-1.41168054e-01  8.26720557e-02  1.69204267e+09]
[-1.41611920e-01  8.31488009e-02  1.69204267e+09]
[-1.41480405e-01  8.30501640e-02  1.69204267e+09]
[-1.42762685e-01  8.35926672e-02  1.69204267e+09]
[-1.43403825e-01  8.40036544e-02  1.69204267e+09]
