HokinLeft_Hand
Dev2/ai0 Dev2/ai1
[-4.20113352e-01  3.41133709e-01  1.69204267e+09]
[-4.05515083e-01  3.43484556e-01  1.69204267e+09]
[-3.92741598e-01  3.42728340e-01  1.69204267e+09]
[-3.59057079e-01  3.82692736e-01  1.69204267e+09]
[-3.41581899e-01  3.80703557e-01  1.69204267e+09]
[-3.47220645e-01  3.87788977e-01  1.69204267e+09]
[-3.40069466e-01  3.98277370e-01  1.69204267e+09]
[-3.22791559e-01  4.04803847e-01  1.69204267e+09]
[-3.30271528e-01  4.14371629e-01  1.69204267e+09]
[-3.41680536e-01  4.18925367e-01  1.69204267e+09]
[-3.51511352e-01  4.22542054e-01  1.69204267e+09]
[-3.72932010e-01  4.41020038e-01  1.69204267e+09]
[-3.87119292e-01  4.39113057e-01  1.69204267e+09]
[-4.12682702e-01  4.35726523e-01  1.69204267e+09]
[-4.17959779e-01  4.32898931e-01  1.69204267e+09]
[-4.19225620e-01  4.29348002e-01  1.69204267e+09]
[-4.19866760e-01  4.25945028e-01  1.69204267e+09]
[-4.18633798e-01  4.22591372e-01  1.69204267e+09]
[-4.22217607e-01  4.19977494e-01  1.69204267e+09]
[-4.22283365e-01  4.18251348e-01  1.69204267e+09]
[-4.21724423e-01  4.14831934e-01  1.69204267e+09]
[-4.20705174e-01  4.11313884e-01  1.69204267e+09]
[-4.14639001e-01  4.09834330e-01  1.69204267e+09]
[-4.11827848e-01  4.08979477e-01  1.69204267e+09]
[-4.09509880e-01  4.08963037e-01  1.69204267e+09]
[-3.97558369e-01  4.08272579e-01  1.69204267e+09]
[-3.89124910e-01  4.06168324e-01  1.69204267e+09]
[-3.81431227e-01  4.03291414e-01  1.69204267e+09]
[-3.76252788e-01  3.97965020e-01  1.69204267e+09]
[-3.64646506e-01  3.88117767e-01  1.69204267e+09]
[-3.58859805e-01  3.82709175e-01  1.69204267e+09]
[-3.51971658e-01  3.78665061e-01  1.69204267e+09]
[-3.51445594e-01  3.75212768e-01  1.69204267e+09]
[-3.50196193e-01  3.73996246e-01  1.69204267e+09]
[-3.48026180e-01  3.70708349e-01  1.69204267e+09]
[-3.48650880e-01  3.66351884e-01  1.69204267e+09]
[-3.45165708e-01  3.63047547e-01  1.69204267e+09]
[-3.40694166e-01  3.58658204e-01  1.69204267e+09]
[-3.32573057e-01  3.51424829e-01  1.69204267e+09]
[-3.27690528e-01  3.46756014e-01  1.69204267e+09]
[-3.25882184e-01  3.42679021e-01  1.69204267e+09]
[-3.21854508e-01  3.38733544e-01  1.69204267e+09]
[-3.20785941e-01  3.34607232e-01  1.69204267e+09]
[-3.20621547e-01  3.33587984e-01  1.69204267e+09]
[-3.15886973e-01  3.31500169e-01  1.69204267e+09]
[-3.14604692e-01  3.31154940e-01  1.69204267e+09]
[-3.19602298e-01  3.32683812e-01  1.69204267e+09]
[-3.19931088e-01  3.34146927e-01  1.69204267e+09]
[-3.20637986e-01  3.35199054e-01  1.69204267e+09]
[-3.22544967e-01  3.34952462e-01  1.69204267e+09]
[-3.24961572e-01  3.34525035e-01  1.69204267e+09]
[-3.28676898e-01  3.33160557e-01  1.69204267e+09]
[-3.29137203e-01  3.32798889e-01  1.69204267e+09]
[-3.28167273e-01  3.31615246e-01  1.69204267e+09]
[-3.26950751e-01  3.31187819e-01  1.69204267e+09]
[-3.24336872e-01  3.30513800e-01  1.69204267e+09]
[-3.21854508e-01  3.28360227e-01  1.69204267e+09]
[-3.18977597e-01  3.22902317e-01  1.69204267e+09]
[-3.16791145e-01  3.11707025e-01  1.69204267e+09]
[-3.17629559e-01  3.05229866e-01  1.69204267e+09]
[-3.19684495e-01  3.02665306e-01  1.69204267e+09]
[-3.17169253e-01  3.01333707e-01  1.69204267e+09]
[-3.15755457e-01  2.99771956e-01  1.69204267e+09]
[-3.13404610e-01  2.98275963e-01  1.69204267e+09]
[-3.10511259e-01  2.95530568e-01  1.69204267e+09]
[-3.08834431e-01  2.92604339e-01  1.69204267e+09]
[-3.07206921e-01  2.91552212e-01  1.69204267e+09]
[-3.07124724e-01  2.89661670e-01  1.69204267e+09]
[-3.07650787e-01  2.87721811e-01  1.69204268e+09]
[-3.07338437e-01  2.85617556e-01  1.69204268e+09]
[-3.07880940e-01  2.84877779e-01  1.69204268e+09]
[-3.09393374e-01  2.85009295e-01  1.69204268e+09]
[-3.08867310e-01  2.85502480e-01  1.69204268e+09]
[-3.10642775e-01  2.85897027e-01  1.69204268e+09]
[-3.09820800e-01  2.85502480e-01  1.69204268e+09]
[-3.08522080e-01  2.84631187e-01  1.69204268e+09]
[-3.05776685e-01  2.83595499e-01  1.69204268e+09]
[-3.02192876e-01  2.80965181e-01  1.69204268e+09]
[-2.99858468e-01  2.73666048e-01  1.69204268e+09]
[-2.96800723e-01  2.65577819e-01  1.69204268e+09]
[-2.94827984e-01  2.58837629e-01  1.69204268e+09]
[-2.97589818e-01  2.57588227e-01  1.69204268e+09]
[-3.03064169e-01  2.58262246e-01  1.69204268e+09]
