HokinLeft_Hand
Dev2/ai0 Dev2/ai1
[-2.89435830e-01  2.20270587e-01  1.69204268e+09]
[-2.90027652e-01  2.19974676e-01  1.69204268e+09]
[-2.88844009e-01  2.20352784e-01  1.69204268e+09]
[-2.87117862e-01  2.21372032e-01  1.69204268e+09]
[-2.86969907e-01  2.22177567e-01  1.69204268e+09]
[-2.88137110e-01  2.23476287e-01  1.69204268e+09]
[-2.90685232e-01  2.24988720e-01  1.69204268e+09]
[-2.91260614e-01  2.25054478e-01  1.69204268e+09]
[-2.95995188e-01  2.26418956e-01  1.69204268e+09]
[-2.95682837e-01  2.27306688e-01  1.69204268e+09]
[-2.97836411e-01  2.26945019e-01  1.69204268e+09]
[-3.04856074e-01  2.26238121e-01  1.69204268e+09]
[-3.20884578e-01  2.29098592e-01  1.69204268e+09]
[-3.27361738e-01  2.30874057e-01  1.69204268e+09]
[-3.30238649e-01  2.31975503e-01  1.69204268e+09]
[-3.27295980e-01  2.31778229e-01  1.69204268e+09]
[-3.25027330e-01  2.31169968e-01  1.69204268e+09]
[-3.22824438e-01  2.31449439e-01  1.69204268e+09]
[-3.22495649e-01  2.31745350e-01  1.69204268e+09]
[-3.19931088e-01  2.32123459e-01  1.69204268e+09]
[-3.15739017e-01  2.32304293e-01  1.69204268e+09]
[-3.15525304e-01  2.32419369e-01  1.69204268e+09]
[-3.18796763e-01  2.33866044e-01  1.69204268e+09]
[-3.22429891e-01  2.35312719e-01  1.69204268e+09]
[-3.26474006e-01  2.38501980e-01  1.69204268e+09]
[-3.29663267e-01  2.47708094e-01  1.69204268e+09]
[-3.33723822e-01  2.68306774e-01  1.69204268e+09]
[-3.30698955e-01  3.29757583e-01  1.69204268e+09]
[-3.36748688e-01  3.83333876e-01  1.69204268e+09]
[-3.60536633e-01  3.89432926e-01  1.69204268e+09]
[-3.76039074e-01  3.89531563e-01  1.69204268e+09]
[-4.09016695e-01  3.78517106e-01  1.69204268e+09]
[-4.28004308e-01  3.65743623e-01  1.69204268e+09]
[-4.40695596e-01  3.51030281e-01  1.69204268e+09]
[-4.41928558e-01  3.40476130e-01  1.69204268e+09]
[-4.21116161e-01  3.36579971e-01  1.69204268e+09]
[-4.01586045e-01  3.40525448e-01  1.69204268e+09]
[-3.86017846e-01  3.42695461e-01  1.69204268e+09]
[-3.68575545e-01  3.43747588e-01  1.69204268e+09]
[-3.62542251e-01  3.44635320e-01  1.69204268e+09]
[-3.68805698e-01  3.46361467e-01  1.69204268e+09]
[-3.82072368e-01  3.47380715e-01  1.69204268e+09]
[-3.94960929e-01  3.46903970e-01  1.69204268e+09]
[-4.06682287e-01  3.47002607e-01  1.69204268e+09]
[-4.09181090e-01  3.47199881e-01  1.69204268e+09]
[-4.10216778e-01  3.47232760e-01  1.69204268e+09]
[-4.13521116e-01  3.47824581e-01  1.69204268e+09]
[-4.13948543e-01  3.49632925e-01  1.69204268e+09]
[-4.12436110e-01  3.53923631e-01  1.69204268e+09]
[-4.16907651e-01  3.60335032e-01  1.69204268e+09]
[-4.24058830e-01  3.90205582e-01  1.69204268e+09]
[-4.35911704e-01  4.77910247e-01  1.69204268e+09]
[-4.31144251e-01  5.03259936e-01  1.69204268e+09]
[-4.29944169e-01  4.97325281e-01  1.69204268e+09]
[-4.20096913e-01  4.85932717e-01  1.69204268e+09]
[-4.20787371e-01  4.78173279e-01  1.69204268e+09]
[-4.12222396e-01  4.71219376e-01  1.69204268e+09]
[-4.05054778e-01  4.55503226e-01  1.69204268e+09]
[-3.88664604e-01  4.14059278e-01  1.69204268e+09]
[-2.97376105e-01  2.64229781e-01  1.69204268e+09]
[-1.65136833e-01  1.13200189e-01  1.69204268e+09]
[-1.21259830e-01  6.49502849e-02  1.69204268e+09]
[-7.33715916e-02  3.54578388e-02  1.69204268e+09]
[-3.82732780e-02  2.39802276e-03  1.69204268e+09]
[-4.83535324e-03  1.65824567e-03  1.69204268e+09]
[-6.79008779e-05  4.95300428e-02  1.69204268e+09]
[-8.43403688e-05  6.92903104e-02  1.69204268e+09]
[-2.34777360e-02  7.36467754e-02  1.69204268e+09]
[-1.14388123e-01  6.48352085e-02  1.69204268e+09]
[-2.04805326e-01  5.48235588e-02  1.69204268e+09]
[-3.08505641e-01  9.26343869e-02  1.69204268e+09]
[-3.69381080e-01  2.20237708e-01  1.69204268e+09]
[-4.10907237e-01  3.19351387e-01  1.69204268e+09]
[-4.34596545e-01  3.83202360e-01  1.69204268e+09]
[-4.50920960e-01  4.16475883e-01  1.69204268e+09]
[-4.77963925e-01  4.49502813e-01  1.69204268e+09]
[-5.07555011e-01  4.89795996e-01  1.69204268e+09]
[-5.46664562e-01  4.92541391e-01  1.69204268e+09]
[-5.80694310e-01  4.68145192e-01  1.69204268e+09]
[-6.10959415e-01  4.62703722e-01  1.69204268e+09]
[-6.09956606e-01  4.90141225e-01  1.69204268e+09]
[-5.75335036e-01  5.06350559e-01  1.69204268e+09]
[-5.60588812e-01  5.59055553e-01  1.69204268e+09]
[-5.13785578e-01  5.62984590e-01  1.69204268e+09]
[-4.63316337e-01  5.73440103e-01  1.69204268e+09]
[-4.05104096e-01  5.49964517e-01  1.69204268e+09]
[-4.00007854e-01  5.24631269e-01  1.69204268e+09]
[-3.87760432e-01  5.01254319e-01  1.69204268e+09]
[-3.94106076e-01  4.70512478e-01  1.69204268e+09]
[-4.13537555e-01  4.55059360e-01  1.69204268e+09]
[-4.41534010e-01  4.09801451e-01  1.69204268e+09]
[-4.47386470e-01  3.60104879e-01  1.69204268e+09]
[-4.13110129e-01  3.45144945e-01  1.69204268e+09]
[-3.94878732e-01  3.60285713e-01  1.69204268e+09]
[-3.86445273e-01  3.74637386e-01  1.69204268e+09]
[-3.89256426e-01  3.92523549e-01  1.69204268e+09]
[-3.87957706e-01  4.13615412e-01  1.69204268e+09]
[-3.87480961e-01  4.47941062e-01  1.69204268e+09]
[-3.80691450e-01  4.94070263e-01  1.69204268e+09]
[-3.72816934e-01  5.62803756e-01  1.69204268e+09]
[-3.56245926e-01  5.59811769e-01  1.69204268e+09]
[-3.45067071e-01  4.47283483e-01  1.69204268e+09]
[-3.27723407e-01  2.47050515e-01  1.69204268e+09]
[-2.68837147e-01  1.25677762e-01  1.69204268e+09]
[-2.09079594e-01  9.25850684e-02  1.69204268e+09]
[-1.84025809e-01  1.01281559e-01  1.69204268e+09]
[-1.52840093e-01  9.59716034e-02  1.69204268e+09]
[-1.07467097e-01  5.64181893e-02  1.69204268e+09]
[-6.47408587e-02  2.43118640e-02  1.69204268e+09]
[-2.96261057e-02  3.99786987e-02  1.69204268e+09]
[-2.78999591e-02  2.00197970e-01  1.69204268e+09]
[-5.63895972e-02  2.95810039e-01  1.69204268e+09]
[-1.11165982e-01  3.34640111e-01  1.69204268e+09]
[-2.41399635e-01  3.36843003e-01  1.69204268e+09]
[-3.57758359e-01  3.29363036e-01  1.69204268e+09]
[-4.11581256e-01  3.19039037e-01  1.69204268e+09]
[-4.15197944e-01  3.11608388e-01  1.69204268e+09]
[-3.97443293e-01  3.01761134e-01  1.69204268e+09]
[-3.62312098e-01  2.95185339e-01  1.69204268e+09]
[-3.39609160e-01  2.88724620e-01  1.69204268e+09]
[-2.94482754e-01  2.82362537e-01  1.69204268e+09]
[-2.76415753e-01  2.79485627e-01  1.69204268e+09]
[-2.75560899e-01  2.81951550e-01  1.69204268e+09]
[-2.78569326e-01  2.86390212e-01  1.69204268e+09]
[-2.75445823e-01  2.86916276e-01  1.69204268e+09]
[-2.69971472e-01  2.85749072e-01  1.69204268e+09]
[-2.64562879e-01  2.82494053e-01  1.69204268e+09]
[-2.58809057e-01  2.80488436e-01  1.69204268e+09]
[-2.52512732e-01  2.79189716e-01  1.69204268e+09]
[-2.51608559e-01  2.77989633e-01  1.69204268e+09]
[-2.53778572e-01  2.79107519e-01  1.69204268e+09]
[-2.54584107e-01  2.80028130e-01  1.69204268e+09]
[-2.55866388e-01  2.81787155e-01  1.69204268e+09]
[-2.57855566e-01  2.83842091e-01  1.69204268e+09]
[-2.61258541e-01  2.86357333e-01  1.69204268e+09]
