HokinLeft_Hand
Dev2/ai0 Dev2/ai1
[-1.31701752e-02  1.93306983e-02  1.69204269e+09]
[-1.30879777e-02  1.71606855e-02  1.69204269e+09]
[-1.12303152e-02  1.50728702e-02  1.69204269e+09]
[-9.47128969e-03  1.57962078e-02  1.69204269e+09]
[-9.66856358e-03  1.63715900e-02  1.69204269e+09]
[-9.63568460e-03  1.71606855e-02  1.69204269e+09]
[-9.99735340e-03  1.84429658e-02  1.69204269e+09]
[-9.60280562e-03  2.07116156e-02  1.69204269e+09]
[-1.21180477e-02  9.28974187e-02  1.69204269e+09]
[-1.91212709e-02  2.01529569e-01  1.69204269e+09]
