HokinLeft_Hand
Dev2/ai0 Dev2/ai1
[-3.04645197e-02  3.79537948e-03  1.69204269e+09]
[-8.11639105e-02  3.59810559e-03  1.69204269e+09]
[-1.39293952e-01  3.53234763e-03  1.69204269e+09]
[-1.90355013e-01  3.45015017e-03  1.69204269e+09]
[-2.43125782e-01  3.49946865e-03  1.69204269e+09]
[-2.84125874e-01  3.48302916e-03  1.69204269e+09]
[-3.08176851e-01  3.30219476e-03  1.69204269e+09]
[-3.17711756e-01  3.38439221e-03  1.69204269e+09]
[-3.32030554e-01  3.35151323e-03  1.69204269e+09]
[-3.32425102e-01  2.65640743e-02  1.69204269e+09]
[-3.70794876e-01  2.72874119e-02  1.69204269e+09]
