HokinLeft_Hand
Dev2/ai0 Dev2/ai1
[-4.25997106e-03  2.39044484e-01  1.69204269e+09]
[-4.57232139e-03  2.39718503e-01  1.69204269e+09]
[-5.70664626e-03  2.39488350e-01  1.69204269e+09]
[-6.77521318e-03  2.37795082e-01  1.69204269e+09]
[-6.70945521e-03  2.33471497e-01  1.69204269e+09]
[-6.54506030e-03  2.29098592e-01  1.69204269e+09]
[-6.05187557e-03  2.29838369e-01  1.69204269e+09]
[-5.77240423e-03  2.41395330e-01  1.69204269e+09]
[-5.54225135e-03  2.76723793e-01  1.69204269e+09]
[-7.00014959e-02  2.69062991e-01  1.69204269e+09]
[-2.54353955e-01  1.90284958e-01  1.69204269e+09]
[-3.82729947e-01  5.25220301e-02  1.69204269e+09]
[-4.40317488e-01  1.06342077e-02  1.69204269e+09]
[-4.60455866e-01  5.22561519e-03  1.69204269e+09]
[-4.59239343e-01  4.94614384e-03  1.69204269e+09]
[-4.52926578e-01  4.76530945e-03  1.69204269e+09]
[-4.50115425e-01  4.65023301e-03  1.69204269e+09]
[-4.46350782e-01  4.56803555e-03  1.69204269e+09]
[-4.12633383e-01  4.50227759e-03  1.69204269e+09]
[-3.47072689e-01  4.32144319e-03  1.69204269e+09]
[-2.17924041e-01  4.02553236e-03  1.69204269e+09]
[-1.01631077e-01  3.97621388e-03  1.69204269e+09]
[-4.85808389e-02  4.20665140e-02  1.69204269e+09]
[-2.55326724e-02  7.31864697e-02  1.69204269e+09]
[-2.06994620e-02  6.62818837e-02  1.69204269e+09]
[-4.84164440e-02  4.76723803e-02  1.69204269e+09]
[-1.05954663e-01  8.44968391e-02  1.69204269e+09]
[-1.61043399e-01  1.54364672e-01  1.69204269e+09]
[-1.82891484e-01  2.22637873e-01  1.69204269e+09]
[-2.08438454e-01  2.67665634e-01  1.69204269e+09]
[-2.47104139e-01  2.90664479e-01  1.69204269e+09]
[-2.87331575e-01  3.06232675e-01  1.69204269e+09]
[-3.21492840e-01  3.18512973e-01  1.69204269e+09]
[-3.34019733e-01  3.27193023e-01  1.69204269e+09]
[-3.32260707e-01  3.30990545e-01  1.69204269e+09]
[-3.29071445e-01  3.33407150e-01  1.69204269e+09]
[-3.30041375e-01  3.36136105e-01  1.69204269e+09]
[-3.30814032e-01  3.40130901e-01  1.69204269e+09]
[-3.34381401e-01  3.42300913e-01  1.69204269e+09]
[-3.36354140e-01  3.43846225e-01  1.69204269e+09]
[-3.39296809e-01  3.44125696e-01  1.69204269e+09]
[-3.35877395e-01  3.39177410e-01  1.69204269e+09]
[-3.29926299e-01  3.35626481e-01  1.69204269e+09]
[-3.25931502e-01  3.30645316e-01  1.69204269e+09]
[-3.17711756e-01  3.24085960e-01  1.69204269e+09]
[-3.10412622e-01  3.20140483e-01  1.69204269e+09]
[-3.03491596e-01  3.14567496e-01  1.69204269e+09]
[-3.01518857e-01  3.12118012e-01  1.69204269e+09]
[-2.99020054e-01  3.08632840e-01  1.69204269e+09]
[-2.93825175e-01  3.05772369e-01  1.69204269e+09]
[-2.94153964e-01  3.04095542e-01  1.69204269e+09]
[-2.98280277e-01  3.06429949e-01  1.69204269e+09]
[-3.02209316e-01  3.09750726e-01  1.69204269e+09]
[-3.08045335e-01  3.15652502e-01  1.69204269e+09]
[-3.21196929e-01  3.22721482e-01  1.69204269e+09]
[-3.32836089e-01  3.23165348e-01  1.69204269e+09]
[-3.45658893e-01  3.22573527e-01  1.69204269e+09]
[-3.54503340e-01  3.18858202e-01  1.69204269e+09]
[-3.66454850e-01  3.09405496e-01  1.69204269e+09]
[-3.74986947e-01  3.07038210e-01  1.69204269e+09]
[-3.68559105e-01  3.07432758e-01  1.69204269e+09]
[-3.57051461e-01  3.08550643e-01  1.69204269e+09]
[-3.49752326e-01  3.07860185e-01  1.69204269e+09]
[-3.47302842e-01  3.06166917e-01  1.69204269e+09]
[-3.40299618e-01  3.03947586e-01  1.69204269e+09]
[-3.31109942e-01  3.00298020e-01  1.69204269e+09]
[-3.22216177e-01  2.96829288e-01  1.69204269e+09]
[-3.15854094e-01  2.92489263e-01  1.69204270e+09]
[-3.13421049e-01  2.90713798e-01  1.69204270e+09]
[-3.14982801e-01  2.89464397e-01  1.69204270e+09]
[-3.11990813e-01  2.87771129e-01  1.69204270e+09]
[-3.11234597e-01  2.85387403e-01  1.69204270e+09]
[-3.07009647e-01  2.83480423e-01  1.69204270e+09]
[-3.02044921e-01  2.81721397e-01  1.69204270e+09]
[-2.98247398e-01  2.79008882e-01  1.69204270e+09]
[-2.99825589e-01  2.79913053e-01  1.69204270e+09]
[-3.05776685e-01  2.83776333e-01  1.69204270e+09]
[-3.13799157e-01  2.93722224e-01  1.69204270e+09]
[-3.19816011e-01  3.03290007e-01  1.69204270e+09]
[-3.28446745e-01  3.09093146e-01  1.69204270e+09]
[-3.33460790e-01  3.11904299e-01  1.69204270e+09]
[-3.34660873e-01  3.15520986e-01  1.69204270e+09]
[-3.36781567e-01  3.19170553e-01  1.69204270e+09]
[-3.43784791e-01  3.20255559e-01  1.69204270e+09]
[-3.49834524e-01  3.20650107e-01  1.69204270e+09]
[-3.51330518e-01  3.20156922e-01  1.69204270e+09]
[-3.54273187e-01  3.19910330e-01  1.69204270e+09]
[-3.51231881e-01  3.18891081e-01  1.69204270e+09]
[-3.48322091e-01  3.17970470e-01  1.69204270e+09]
[-3.45642453e-01  3.15784018e-01  1.69204270e+09]
[-3.42716224e-01  3.11805662e-01  1.69204270e+09]
[-3.41318867e-01  3.08764356e-01  1.69204270e+09]
[-3.37833695e-01  3.06643662e-01  1.69204270e+09]
[-3.34923905e-01  3.03224249e-01  1.69204270e+09]
[-3.33148439e-01  2.99459606e-01  1.69204270e+09]
[-3.30518121e-01  2.96664893e-01  1.69204270e+09]
[-3.28479624e-01  2.95875797e-01  1.69204270e+09]
[-3.27871363e-01  2.94494880e-01  1.69204270e+09]
[-3.28791974e-01  2.94330485e-01  1.69204270e+09]
