HokinLeft_Hand
Dev2/ai0 Dev2/ai1
[-1.27605474e-01  1.27354590e-01  1.69204270e+09]
[-8.75259937e-02  7.10493359e-02  1.69204270e+09]
[-4.98959982e-02  3.56222337e-02  1.69204270e+09]
[-1.68033027e-02  1.23603542e-02  1.69204270e+09]
[-3.80251205e-04  5.88319482e-03  1.69204270e+09]
[-1.33658842e-04  2.27665519e-02  1.69204270e+09]
[-1.82977314e-04  1.07545005e-01  1.69204270e+09]
[-1.99416805e-04  1.83758480e-01  1.69204270e+09]
[-1.66537823e-04  2.40261006e-01  1.69204270e+09]
[-1.50098332e-04  3.05739490e-01  1.69204270e+09]
[-1.00779860e-04  3.89843913e-01  1.69204270e+09]
[-1.33658842e-04  4.20372042e-01  1.69204270e+09]
