HokinLeft_Hand
Dev2/ai0 Dev2/ai1
[-1.15851237e-01  4.33788268e-03  1.69204254e+09]
[-1.38208946e-01  4.40364065e-03  1.69204254e+09]
[-1.54796393e-01  4.35432217e-03  1.69204254e+09]
[-1.71548235e-01  4.32144319e-03  1.69204254e+09]
[-1.91637293e-01  4.35432217e-03  1.69204254e+09]
[-2.15425238e-01  4.28856421e-03  1.69204254e+09]
[-2.44769731e-01  4.32144319e-03  1.69204254e+09]
[-2.70957841e-01  4.97902283e-03  1.69204254e+09]
[-2.97228149e-01  6.22842413e-03  1.69204254e+09]
[-3.29252280e-01  7.09971715e-03  1.69204254e+09]
[-3.62690207e-01  2.34870428e-03  1.69204254e+09]
[-3.90670222e-01  1.93771701e-03  1.69204254e+09]
