HokinLeft_Hand
Dev2/ai0 Dev2/ai1
[-3.48075498e-01  3.94759320e-01  1.69204254e+09]
[-3.45872606e-01  3.85224417e-01  1.69204254e+09]
[-3.44491689e-01  3.75147011e-01  1.69204254e+09]
[-3.44162899e-01  3.75196329e-01  1.69204254e+09]
[-3.46661702e-01  3.80243252e-01  1.69204254e+09]
[-3.39987268e-01  3.89268531e-01  1.69204254e+09]
[-3.31767522e-01  3.96518345e-01  1.69204254e+09]
[-3.26408248e-01  4.10426152e-01  1.69204254e+09]
[-3.19109113e-01  4.30252174e-01  1.69204254e+09]
[-3.19931088e-01  4.35085383e-01  1.69204254e+09]
[-3.25323241e-01  4.36745771e-01  1.69204254e+09]
[-3.36173306e-01  4.35890918e-01  1.69204254e+09]
[-3.48585122e-01  4.36943045e-01  1.69204254e+09]
[-3.62509372e-01  4.36877287e-01  1.69204254e+09]
[-3.76433622e-01  4.30367250e-01  1.69204254e+09]
[-3.83930030e-01  4.20585755e-01  1.69204254e+09]
[-3.83009419e-01  4.14305871e-01  1.69204254e+09]
[-3.79721520e-01  4.09604177e-01  1.69204254e+09]
[-3.70383889e-01  4.04820286e-01  1.69204254e+09]
[-3.61506563e-01  4.00315867e-01  1.69204254e+09]
[-3.53023785e-01  3.95729249e-01  1.69204254e+09]
[-3.48700199e-01  3.91701575e-01  1.69204254e+09]
[-3.43653275e-01  3.88430117e-01  1.69204254e+09]
[-3.40266739e-01  3.87920493e-01  1.69204254e+09]
[-3.37998090e-01  3.86720410e-01  1.69204254e+09]
[-3.33756701e-01  3.87131397e-01  1.69204254e+09]
[-3.29383796e-01  3.86769729e-01  1.69204255e+09]
[-3.27164464e-01  3.85701162e-01  1.69204255e+09]
[-3.20901018e-01  3.85027143e-01  1.69204255e+09]
[-3.13026501e-01  3.83251678e-01  1.69204255e+09]
[-3.05497214e-01  3.77234826e-01  1.69204255e+09]
[-2.98198080e-01  3.75278526e-01  1.69204255e+09]
[-2.93693659e-01  3.72582450e-01  1.69204255e+09]
[-2.80837976e-01  3.68834247e-01  1.69204255e+09]
[-2.62392866e-01  3.66812190e-01  1.69204255e+09]
[-2.48222024e-01  3.67173859e-01  1.69204255e+09]
[-2.39821444e-01  3.66631356e-01  1.69204255e+09]
[-2.35497857e-01  3.67667043e-01  1.69204255e+09]
[-2.36862335e-01  3.69919253e-01  1.69204255e+09]
[-2.41317438e-01  3.71694718e-01  1.69204255e+09]
[-2.53581298e-01  3.75196329e-01  1.69204255e+09]
[-2.60140656e-01  3.82265309e-01  1.69204255e+09]
[-2.68097370e-01  3.91915288e-01  1.69204255e+09]
[-2.64349166e-01  4.08173942e-01  1.69204255e+09]
[-2.68080930e-01  4.25435404e-01  1.69204255e+09]
[-2.74344377e-01  4.35923797e-01  1.69204255e+09]
[-2.85901340e-01  4.45277865e-01  1.69204255e+09]
[-2.93907372e-01  4.52840029e-01  1.69204255e+09]
[-3.11283915e-01  4.43222929e-01  1.69204255e+09]
[-3.22446330e-01  4.36499179e-01  1.69204255e+09]
[-3.41516141e-01  4.28673983e-01  1.69204255e+09]
[-3.53023785e-01  4.24153124e-01  1.69204255e+09]
[-3.55177359e-01  4.23413347e-01  1.69204255e+09]
[-3.52300448e-01  4.24087366e-01  1.69204255e+09]
[-3.45971243e-01  4.23840773e-01  1.69204255e+09]
[-3.40348937e-01  4.20388481e-01  1.69204255e+09]
[-3.34512917e-01  4.16163533e-01  1.69204255e+09]
[-3.28397426e-01  4.14585342e-01  1.69204255e+09]
[-3.22627165e-01  4.13220864e-01  1.69204255e+09]
[-3.19733814e-01  4.10080922e-01  1.69204255e+09]
[-3.17415846e-01  4.05691579e-01  1.69204255e+09]
[-3.16577432e-01  4.03455809e-01  1.69204255e+09]
[-3.18665247e-01  4.03242095e-01  1.69204255e+09]
[-3.18188502e-01  4.03981872e-01  1.69204255e+09]
[-3.19191311e-01  4.06793025e-01  1.69204255e+09]
[-3.18665247e-01  4.08436974e-01  1.69204255e+09]
[-3.19109113e-01  4.08535610e-01  1.69204255e+09]
[-3.18106304e-01  4.08371216e-01  1.69204255e+09]
[-3.15591062e-01  4.08502731e-01  1.69204255e+09]
[-3.15328030e-01  4.07647878e-01  1.69204255e+09]
[-3.11809979e-01  4.08009547e-01  1.69204255e+09]
[-3.08817991e-01  4.07779394e-01  1.69204255e+09]
[-3.07174042e-01  4.06908101e-01  1.69204255e+09]
[-3.02275074e-01  4.05888853e-01  1.69204255e+09]
[-3.00006424e-01  4.04869605e-01  1.69204255e+09]
[-2.97836411e-01  4.03850356e-01  1.69204255e+09]
[-2.97556939e-01  4.05198394e-01  1.69204255e+09]
[-2.96669207e-01  4.07516362e-01  1.69204255e+09]
[-2.97211710e-01  4.08190381e-01  1.69204255e+09]
[-2.96784283e-01  4.08305458e-01  1.69204255e+09]
[-2.96734965e-01  4.07401286e-01  1.69204255e+09]
[-2.94614270e-01  4.06497114e-01  1.69204255e+09]
[-2.90898945e-01  4.05872413e-01  1.69204255e+09]
[-2.86263008e-01  4.04475057e-01  1.69204255e+09]
[-2.88433021e-01  4.03077701e-01  1.69204255e+09]
[-2.90011213e-01  4.02272166e-01  1.69204255e+09]
[-2.90257805e-01  4.01335115e-01  1.69204255e+09]
[-2.91194856e-01  3.99970637e-01  1.69204255e+09]
[-2.90011213e-01  3.98030778e-01  1.69204255e+09]
[-2.87331575e-01  3.93542798e-01  1.69204255e+09]
[-2.86871270e-01  3.86654652e-01  1.69204255e+09]
[-2.84109435e-01  3.85076461e-01  1.69204255e+09]
[-2.79374861e-01  3.84517519e-01  1.69204255e+09]
[-2.77056893e-01  3.82594099e-01  1.69204255e+09]
[-2.75922568e-01  3.81262500e-01  1.69204255e+09]
[-2.73999147e-01  3.81739245e-01  1.69204255e+09]
[-2.69955032e-01  3.79700749e-01  1.69204255e+09]
[-2.68886465e-01  3.78763698e-01  1.69204255e+09]
[-2.65417733e-01  3.76922475e-01  1.69204255e+09]
[-2.59943382e-01  3.73026317e-01  1.69204255e+09]
[-2.59581713e-01  3.67601285e-01  1.69204255e+09]
[-2.67505548e-01  3.64740815e-01  1.69204255e+09]
[-2.79572135e-01  3.63935280e-01  1.69204255e+09]
[-2.97524060e-01  3.66845069e-01  1.69204255e+09]
[-3.10692093e-01  3.67683483e-01  1.69204255e+09]
[-3.13421049e-01  3.63885961e-01  1.69204255e+09]
[-3.03869704e-01  3.58444491e-01  1.69204255e+09]
[-2.92477136e-01  3.58066382e-01  1.69204255e+09]
