HokinLeft_Hand
Dev2/ai0 Dev2/ai1
[-8.20187641e-02  4.73243046e-03  1.69204255e+09]
[-1.06053300e-01  4.78174894e-03  1.69204255e+09]
[-1.05642313e-01  4.69955148e-03  1.69204255e+09]
[-9.36579239e-02  4.66667250e-03  1.69204255e+09]
[-7.80075282e-02  4.68311199e-03  1.69204255e+09]
[-7.11851393e-02  4.60091454e-03  1.69204255e+09]
[-8.05720888e-02  4.61735403e-03  1.69204255e+09]
[-1.27227365e-01  4.63379352e-03  1.69204255e+09]
[-2.35629373e-01  4.68311199e-03  1.69204255e+09]
[-3.76450061e-01  4.78174894e-03  1.69204255e+09]
[-5.55772041e-01  4.43651963e-03  1.69204255e+09]
