HokinLeft_Hand
Dev2/ai0 Dev2/ai1
[-7.57388784e-02  1.39521381e-03  1.69204255e+09]
[-7.21221903e-02  1.47741127e-03  1.69204255e+09]
[-6.98206615e-02  1.49385076e-03  1.69204255e+09]
[-7.37990184e-02  1.47741127e-03  1.69204255e+09]
[-8.12461080e-02  1.62536669e-03  1.69204255e+09]
[-1.05297084e-01  1.60892719e-03  1.69204255e+09]
[-1.56489660e-01  1.74044312e-03  1.69204255e+09]
[-2.03983352e-01  1.78976159e-03  1.69204255e+09]
[-2.87282257e-01  1.82264058e-03  1.69204255e+09]
[-4.12929294e-01  1.83908007e-03  1.69204255e+09]
[-4.88353684e-01  1.83908007e-03  1.69204255e+09]
[-5.10645635e-01  1.85551956e-03  1.69204255e+09]
[-5.04168475e-01  2.29938581e-03  1.69204255e+09]
[-4.73032077e-01  2.57885716e-03  1.69204255e+09]
[-3.97196700e-01  2.48022021e-03  1.69204255e+09]
[-3.76861049e-01  2.05279345e-03  1.69204255e+09]
[-4.10414052e-01  1.92127752e-03  1.69204255e+09]
[-4.56740541e-01  2.25006734e-03  1.69204255e+09]
[-4.83651989e-01  2.94052596e-03  1.69204255e+09]
[-4.64910968e-01  1.80620108e-03  1.69204255e+09]
[-4.13504676e-01  1.14862145e-03  1.69204255e+09]
[-3.09590647e-01  1.21437941e-03  1.69204255e+09]
[-1.85242331e-01  1.16506094e-03  1.69204255e+09]
[-1.50801596e-01  1.18150043e-03  1.69204255e+09]
[-1.36433481e-01  1.51029025e-03  1.69204255e+09]
[-8.07693627e-02  2.66627112e-02  1.69204255e+09]
[-6.93960809e-03  1.81210359e-01  1.69204255e+09]
[-3.50218961e-05  3.05542217e-01  1.69204255e+09]
[-6.79008779e-05  3.76297775e-01  1.69204255e+09]
[-6.79008779e-05  4.21966672e-01  1.69204255e+09]
[-1.00779860e-04  4.67882160e-01  1.69204255e+09]
[-1.00779860e-04  4.82365348e-01  1.69204255e+09]
[-1.50098332e-04  4.91801614e-01  1.69204255e+09]
[-8.43403688e-05  4.96092320e-01  1.69204255e+09]
[-1.00779860e-04  4.81329660e-01  1.69204255e+09]
[-2.65174769e-04  4.72830446e-01  1.69204255e+09]
[-2.32295787e-04  4.57278691e-01  1.69204255e+09]
[-1.82977314e-04  3.97652670e-01  1.69204255e+09]
[-1.82977314e-04  1.64096850e-01  1.69204255e+09]
[-1.33658842e-04  3.72004248e-02  1.69204255e+09]
[-2.15856296e-04  4.33788268e-03  1.69204255e+09]
[-8.94658536e-02  4.42008014e-03  1.69204255e+09]
[-1.87034236e-01  4.45295912e-03  1.69204255e+09]
[-2.35563615e-01  4.48583810e-03  1.69204255e+09]
[-2.63066885e-01  4.56803555e-03  1.69204255e+09]
[-2.76004765e-01  4.58447505e-03  1.69204256e+09]
[-2.74886880e-01  4.68311199e-03  1.69204256e+09]
[-2.48780967e-01  4.68311199e-03  1.69204256e+09]
[-2.05364269e-01  4.63379352e-03  1.69204256e+09]
[-1.11576970e-01  4.66667250e-03  1.69204256e+09]
[-2.08309780e-02  5.86539601e-02  1.69204256e+09]
[-1.66253150e-03  1.58129316e-01  1.69204256e+09]
[-1.74472895e-03  2.10242498e-01  1.69204256e+09]
[-1.62965251e-03  2.29624656e-01  1.69204256e+09]
[-1.56389455e-03  2.32238535e-01  1.69204256e+09]
[-1.61321302e-03  2.34803095e-01  1.69204256e+09]
[-1.69541048e-03  2.38288267e-01  1.69204256e+09]
[-1.62965251e-03  2.34194834e-01  1.69204256e+09]
[-1.69541048e-03  2.29460261e-01  1.69204256e+09]
[-1.62965251e-03  2.14533205e-01  1.69204256e+09]
[-1.64609201e-03  9.52811448e-02  1.69204256e+09]
[-1.53101557e-03  8.10252609e-03  1.69204256e+09]
[-1.61321302e-03  5.37357061e-03  1.69204256e+09]
[-1.58033404e-03  5.32425214e-03  1.69204256e+09]
[-8.39257451e-02  5.27493366e-03  1.69204256e+09]
[-1.79636465e-01  5.29137315e-03  1.69204256e+09]
[-2.22872328e-01  5.34069163e-03  1.69204256e+09]
[-2.61932560e-01  5.32425214e-03  1.69204256e+09]
[-2.81462677e-01  5.29137315e-03  1.69204256e+09]
[-2.84273830e-01  5.29137315e-03  1.69204256e+09]
[-2.81972301e-01  5.34069163e-03  1.69204256e+09]
[-2.79128269e-01  5.35713112e-03  1.69204256e+09]
[-2.78421371e-01  5.37357061e-03  1.69204256e+09]
[-2.77582957e-01  5.30781264e-03  1.69204256e+09]
[-2.74607409e-01  5.35713112e-03  1.69204256e+09]
[-2.73900510e-01  5.29137315e-03  1.69204256e+09]
[-2.65138261e-01  5.30781264e-03  1.69204256e+09]
[-2.29300169e-01  5.34069163e-03  1.69204256e+09]
[-1.23988786e-01  5.30781264e-03  1.69204256e+09]
[-1.59484491e-02  5.35713112e-03  1.69204256e+09]
[-1.33658842e-04  5.30781264e-03  1.69204256e+09]
[-1.33658842e-04  3.78415649e-02  1.69204256e+09]
[-1.99416805e-04  1.04355743e-01  1.69204256e+09]
[-1.50098332e-04  1.85813416e-01  1.69204256e+09]
[-2.65174769e-04  2.34079758e-01  1.69204256e+09]
[-1.66537823e-04  2.58393762e-01  1.69204256e+09]
[-1.99416805e-04  2.63769475e-01  1.69204256e+09]
[-1.66537823e-04  2.62273482e-01  1.69204256e+09]
[-2.48735278e-04  2.63210533e-01  1.69204256e+09]
[-2.15856296e-04  2.66268278e-01  1.69204256e+09]
[-2.65174769e-04  2.66613507e-01  1.69204256e+09]
[-2.81614260e-04  2.66202520e-01  1.69204256e+09]
[-1.82977314e-04  2.71841264e-01  1.69204256e+09]
[-2.32295787e-04  2.78893805e-01  1.69204256e+09]
[-2.32295787e-04  2.84039365e-01  1.69204256e+09]
[-2.48735278e-04  2.84910658e-01  1.69204256e+09]
[-2.15856296e-04  2.77775920e-01  1.69204256e+09]
[-1.99416805e-04  2.71265882e-01  1.69204256e+09]
[-2.81614260e-04  2.66136762e-01  1.69204256e+09]
[-2.48735278e-04  2.60744609e-01  1.69204256e+09]
[-2.15856296e-04  2.55253820e-01  1.69204256e+09]
[-2.65174769e-04  2.51834406e-01  1.69204256e+09]
[-2.15856296e-04  2.46606649e-01  1.69204256e+09]
[-2.65174769e-04  2.38830770e-01  1.69204256e+09]
[-2.48735278e-04  2.27602599e-01  1.69204256e+09]
[-2.32295787e-04  1.83659843e-01  1.69204256e+09]
[-2.65174769e-04  5.24727116e-02  1.69204256e+09]
[-3.66786473e-02  6.27774261e-03  1.69204256e+09]
[-1.27112289e-01  5.57084450e-03  1.69204256e+09]
[-1.79291235e-01  5.48864704e-03  1.69204256e+09]
[-2.04690250e-01  5.60372348e-03  1.69204256e+09]
[-2.08997397e-01  5.53796552e-03  1.69204256e+09]
[-2.09852250e-01  5.55440501e-03  1.69204256e+09]
[-2.09720734e-01  5.52152603e-03  1.69204256e+09]
[-2.12975754e-01  5.48864704e-03  1.69204256e+09]
[-2.21063984e-01  5.50508653e-03  1.69204256e+09]
[-2.19288519e-01  5.43932857e-03  1.69204256e+09]
[-2.10953696e-01  5.45576806e-03  1.69204256e+09]
[-2.00794090e-01  5.50508653e-03  1.69204256e+09]
[-1.94103217e-01  5.52152603e-03  1.69204256e+09]
[-1.77334936e-01  5.43932857e-03  1.69204256e+09]
[-1.69361782e-01  5.50508653e-03  1.69204256e+09]
[-1.70939973e-01  5.53796552e-03  1.69204256e+09]
[-1.73405897e-01  5.55440501e-03  1.69204256e+09]
[-1.73077107e-01  5.58728399e-03  1.69204256e+09]
[-1.61816056e-01  5.48864704e-03  1.69204256e+09]
[-1.34921047e-01  5.45576806e-03  1.69204256e+09]
[-1.27293123e-01  5.52152603e-03  1.69204256e+09]
[-1.26323193e-01  5.53796552e-03  1.69204256e+09]
[-1.31090646e-01  5.50508653e-03  1.69204256e+09]
[-1.44192921e-01  5.47220755e-03  1.69204256e+09]
[-1.54270329e-01  5.45576806e-03  1.69204256e+09]
[-1.64314858e-01  5.40644959e-03  1.69204256e+09]
[-1.68605566e-01  5.47220755e-03  1.69204256e+09]
[-1.69591935e-01  5.52152603e-03  1.69204256e+09]
[-1.74079916e-01  5.45576806e-03  1.69204256e+09]
[-1.77450012e-01  5.39001010e-03  1.69204256e+09]
[-1.93281243e-01  5.53796552e-03  1.69204256e+09]
[-1.93577153e-01  5.48864704e-03  1.69204256e+09]
[-1.84847783e-01  5.45576806e-03  1.69204256e+09]
[-1.63114775e-01  5.47220755e-03  1.69204256e+09]
[-1.30778296e-01  5.42288908e-03  1.69204256e+09]
[-5.95131005e-02  5.40644959e-03  1.69204256e+09]
[-2.26064430e-02  3.72661827e-02  1.69204256e+09]
[-2.64890095e-03  9.87663168e-02  1.69204256e+09]
[-3.50218961e-05  1.48594411e-01  1.69204256e+09]
[-2.48735278e-04  1.67565583e-01  1.69204256e+09]
[-5.14613870e-05  1.88788964e-01  1.69204256e+09]
[-1.00779860e-04  1.96564843e-01  1.69204256e+09]
[-5.14613870e-05  1.98701976e-01  1.69204256e+09]
[-8.43403688e-05  1.93572856e-01  1.69204256e+09]
[-3.50218961e-05  1.81259678e-01  1.69204256e+09]
[-3.50218961e-05  1.36560705e-01  1.69204256e+09]
[-6.79008779e-05  5.00396670e-02  1.69204256e+09]
[-1.00779860e-04  9.07245605e-03  1.69204256e+09]
[-6.79008779e-05  5.68592093e-03  1.69204256e+09]
[-7.87308658e-02  5.63660246e-03  1.69204256e+09]
[-1.37008863e-01  5.55440501e-03  1.69204256e+09]
[-1.77318496e-01  5.48864704e-03  1.69204256e+09]
[-1.96684217e-01  5.40644959e-03  1.69204256e+09]
[-2.05528664e-01  5.30781264e-03  1.69204256e+09]
[-2.05397148e-01  5.35713112e-03  1.69204256e+09]
[-2.11216728e-01  5.37357061e-03  1.69204256e+09]
[-2.17052748e-01  5.35713112e-03  1.69204256e+09]
[-2.26768487e-01  5.37357061e-03  1.69204256e+09]
[-2.28576831e-01  5.27493366e-03  1.69204256e+09]
[-2.30533131e-01  5.35713112e-03  1.69204256e+09]
[-2.27837054e-01  5.30781264e-03  1.69204256e+09]
[-2.25995831e-01  5.37357061e-03  1.69204256e+09]
[-2.26834245e-01  5.37357061e-03  1.69204256e+09]
[-2.21524289e-01  5.35713112e-03  1.69204256e+09]
[-2.17858283e-01  5.27493366e-03  1.69204256e+09]
[-2.10213919e-01  5.37357061e-03  1.69204256e+09]
[-1.98607638e-01  5.30781264e-03  1.69204256e+09]
[-1.95237542e-01  5.34069163e-03  1.69204256e+09]
[-1.83236713e-01  5.45576806e-03  1.69204256e+09]
[-1.69394661e-01  5.37357061e-03  1.69204256e+09]
[-1.39376150e-01  5.47220755e-03  1.69204256e+09]
[-7.64950950e-02  5.34069163e-03  1.69204256e+09]
[-2.17680290e-02  5.37357061e-03  1.69204256e+09]
[-5.34497746e-03  5.34069163e-03  1.69204256e+09]
[-1.85824052e-05  5.34069163e-03  1.69204256e+09]
[-1.00779860e-04  5.35713112e-03  1.69204256e+09]
[-1.00779860e-04  5.42288908e-03  1.69204256e+09]
[-3.98350296e-02  5.39001010e-03  1.69204256e+09]
[-1.02880479e-01  5.34069163e-03  1.69204256e+09]
[-1.67027374e-01  5.37357061e-03  1.69204256e+09]
[-1.99429613e-01  5.35713112e-03  1.69204256e+09]
[-2.20340646e-01  5.37357061e-03  1.69204256e+09]
[-2.44227228e-01  5.39001010e-03  1.69204256e+09]
[-2.66272586e-01  5.34069163e-03  1.69204256e+09]
[-2.75922568e-01  5.40644959e-03  1.69204256e+09]
[-2.74443014e-01  5.43932857e-03  1.69204256e+09]
[-2.68853586e-01  5.37357061e-03  1.69204256e+09]
[-2.57050031e-01  5.39001010e-03  1.69204256e+09]
[-2.53844330e-01  5.42288908e-03  1.69204256e+09]
[-2.44029954e-01  5.42288908e-03  1.69204256e+09]
[-2.26653411e-01  5.35713112e-03  1.69204256e+09]
[-2.22099672e-01  5.37357061e-03  1.69204256e+09]
[-2.16444486e-01  5.39001010e-03  1.69204256e+09]
[-2.06284881e-01  5.37357061e-03  1.69204256e+09]
[-1.71548235e-01  5.29137315e-03  1.69204256e+09]
[-1.02798281e-01  5.45576806e-03  1.69204256e+09]
[-1.15755445e-02  2.12705582e-02  1.69204256e+09]
[-6.79008779e-05  8.03047691e-02  1.69204256e+09]
[-6.79008779e-05  1.45651743e-01  1.69204256e+09]
[-1.00779860e-04  1.64573596e-01  1.69204256e+09]
[-1.00779860e-04  1.69538322e-01  1.69204256e+09]
[-8.43403688e-05  1.74470169e-01  1.69204256e+09]
[-6.79008779e-05  1.70426054e-01  1.69204256e+09]
[-6.79008779e-05  1.60545921e-01  1.69204256e+09]
[-1.17219351e-04  1.51783673e-01  1.69204256e+09]
[-1.66537823e-04  1.36856616e-01  1.69204256e+09]
[-1.50098332e-04  1.23014565e-01  1.69204256e+09]
[-1.00779860e-04  9.00533869e-02  1.69204256e+09]
[-1.00779860e-04  2.53804309e-02  1.69204256e+09]
[-1.00779860e-04  6.14622668e-03  1.69204256e+09]
[-1.00779860e-04  5.85031584e-03  1.69204256e+09]
[-7.37003815e-02  5.66948144e-03  1.69204256e+09]
[-1.49272724e-01  5.70236043e-03  1.69204256e+09]
[-1.88826140e-01  5.53796552e-03  1.69204256e+09]
[-2.06383518e-01  5.52152603e-03  1.69204256e+09]
[-2.17874722e-01  5.58728399e-03  1.69204256e+09]
[-2.23414831e-01  5.57084450e-03  1.69204256e+09]
[-2.32522309e-01  5.53796552e-03  1.69204256e+09]
[-2.41498272e-01  5.48864704e-03  1.69204256e+09]
[-2.51164693e-01  5.50508653e-03  1.69204256e+09]
[-2.59581713e-01  5.48864704e-03  1.69204256e+09]
[-2.54222439e-01  5.52152603e-03  1.69204256e+09]
[-2.57050031e-01  5.47220755e-03  1.69204256e+09]
[-2.56293815e-01  5.43932857e-03  1.69204256e+09]
[-2.58825496e-01  5.39001010e-03  1.69204256e+09]
[-2.50934540e-01  5.48864704e-03  1.69204256e+09]
[-2.47876795e-01  5.52152603e-03  1.69204256e+09]
[-2.43060024e-01  5.48864704e-03  1.69204256e+09]
[-2.41991457e-01  5.47220755e-03  1.69204256e+09]
[-2.43060024e-01  5.40644959e-03  1.69204256e+09]
[-2.17611690e-01  5.43932857e-03  1.69204256e+09]
[-1.90059102e-01  5.48864704e-03  1.69204256e+09]
[-1.37452729e-01  5.42288908e-03  1.69204256e+09]
[-6.68122346e-02  5.09409926e-03  1.69204256e+09]
[-4.54573356e-02  5.15985723e-03  1.69204256e+09]
[-2.57135068e-02  5.07765977e-03  1.69204256e+09]
[-7.94241703e-03  5.13055077e-02  1.69204256e+09]
[-5.14613870e-05  9.47550811e-02  1.69204256e+09]
[-8.43403688e-05  1.23540629e-01  1.69204257e+09]
[-8.43403688e-05  1.30691807e-01  1.69204257e+09]
[-3.50218961e-05  1.38089577e-01  1.69204257e+09]
[-6.79008779e-05  1.36264794e-01  1.69204257e+09]
[-3.50218961e-05  1.32122042e-01  1.69204257e+09]
[-1.85824052e-05  1.25201017e-01  1.69204257e+09]
[-1.33658842e-04  1.02876189e-01  1.69204257e+09]
[-5.14613870e-05  6.05609410e-02  1.69204257e+09]
[-2.14291431e-06  9.00669809e-03  1.69204257e+09]
[-8.43403688e-05  5.75167890e-03  1.69204257e+09]
[-1.00779860e-04  5.70236043e-03  1.69204257e+09]
[-1.00779860e-04  5.55440501e-03  1.69204257e+09]
[-8.43403688e-05  5.55440501e-03  1.69204257e+09]
[-6.79008779e-05  3.07397049e-02  1.69204257e+09]
[-1.00779860e-04  1.02892629e-01  1.69204257e+09]
[-8.43403688e-05  1.55466118e-01  1.69204257e+09]
[-8.43403688e-05  1.65247615e-01  1.69204257e+09]
[-8.43403688e-05  1.65494207e-01  1.69204257e+09]
[-5.14613870e-05  1.63537908e-01  1.69204257e+09]
[-6.79008779e-05  1.61844640e-01  1.69204257e+09]
[-3.50218961e-05  1.52819360e-01  1.69204257e+09]
[-3.50218961e-05  1.14038603e-01  1.69204257e+09]
[-6.79008779e-05  2.85039342e-02  1.69204257e+09]
[-6.79008779e-05  6.22842413e-03  1.69204257e+09]
[-6.79008779e-05  5.98183177e-03  1.69204257e+09]
[-6.79008779e-05  5.66948144e-03  1.69204257e+09]
[-9.50717202e-02  5.48864704e-03  1.69204257e+09]
[-1.81839356e-01  5.52152603e-03  1.69204257e+09]
[-2.20077614e-01  5.48864704e-03  1.69204257e+09]
[-2.58250114e-01  5.47220755e-03  1.69204257e+09]
[-2.78832358e-01  5.29137315e-03  1.69204257e+09]
[-2.88317945e-01  5.34069163e-03  1.69204257e+09]
[-2.86871270e-01  5.34069163e-03  1.69204257e+09]
[-2.85852021e-01  5.35713112e-03  1.69204257e+09]
[-2.72733307e-01  5.35713112e-03  1.69204257e+09]
[-2.56902076e-01  5.24205468e-03  1.69204257e+09]
[-2.44243667e-01  5.24205468e-03  1.69204257e+09]
[-2.00679014e-01  5.22561519e-03  1.69204257e+09]
[-1.08437027e-01  5.20917570e-03  1.69204257e+09]
[-1.90390734e-02  5.20917570e-03  1.69204257e+09]
[-1.17219351e-04  5.07765977e-03  1.69204257e+09]
[-1.85824052e-05  5.00889855e-02  1.69204257e+09]
[-5.14613870e-05  1.03566648e-01  1.69204257e+09]
[-1.17219351e-04  1.66168226e-01  1.69204257e+09]
[-8.43403688e-05  2.28293057e-01  1.69204257e+09]
[-1.85824052e-05  2.41428209e-01  1.69204257e+09]
[-8.43403688e-05  2.37121063e-01  1.69204257e+09]
[-8.43403688e-05  2.28786242e-01  1.69204257e+09]
[-3.50218961e-05  1.99195161e-01  1.69204257e+09]
[-1.00779860e-04  7.02273614e-02  1.69204257e+09]
[-6.79008779e-05  8.36555795e-03  1.69204257e+09]
[-5.14613870e-05  5.75167890e-03  1.69204257e+09]
[-2.14291431e-06  5.57084450e-03  1.69204257e+09]
[-8.43403688e-05  5.29137315e-03  1.69204257e+09]
[-1.85824052e-05  2.71394564e-02  1.69204257e+09]
[-8.43403688e-05  4.30528835e-02  1.69204257e+09]
[-6.79008779e-05  3.66250426e-02  1.69204257e+09]
[-3.50218961e-05  1.11767109e-02  1.69204257e+09]
[-3.50218961e-05  2.75969156e-03  1.69204257e+09]
[-1.68855001e-02  2.92408647e-03  1.69204257e+09]
[-5.98747693e-02  2.90764697e-03  1.69204257e+09]
[-1.15078581e-01  2.97340494e-03  1.69204257e+09]
[-1.50291972e-01  3.08848137e-03  1.69204257e+09]
[-1.73274381e-01  3.15423934e-03  1.69204257e+09]
[-1.80031012e-01  3.23643679e-03  1.69204257e+09]
[-1.77367815e-01  3.18711832e-03  1.69204257e+09]
[-1.70052241e-01  3.23643679e-03  1.69204257e+09]
[-1.67208209e-01  3.30219476e-03  1.69204257e+09]
[-1.73290821e-01  3.23643679e-03  1.69204257e+09]
[-1.75099165e-01  3.26931577e-03  1.69204257e+09]
[-1.72238693e-01  3.28575527e-03  1.69204257e+09]
[-1.71186566e-01  3.26931577e-03  1.69204257e+09]
[-1.75477273e-01  3.33507374e-03  1.69204257e+09]
[-1.82201025e-01  3.35151323e-03  1.69204257e+09]
[-1.84042248e-01  3.40083170e-03  1.69204257e+09]
[-1.81625643e-01  3.31863425e-03  1.69204257e+09]
[-1.75559471e-01  3.33507374e-03  1.69204257e+09]
[-1.62440756e-01  5.68592093e-03  1.69204257e+09]
[-1.53826463e-01  5.62016297e-03  1.69204257e+09]
[-1.48713781e-01  4.53515657e-03  1.69204257e+09]
[-1.44423074e-01  3.43371068e-03  1.69204257e+09]
[-1.31978378e-01  3.33507374e-03  1.69204257e+09]
[-1.29101467e-01  3.45015017e-03  1.69204257e+09]
[-1.12892129e-01  3.46658967e-03  1.69204257e+09]
[-1.08223313e-01  3.53234763e-03  1.69204257e+09]
[-1.13566148e-01  3.45015017e-03  1.69204257e+09]
[-1.50933112e-01  3.56522661e-03  1.69204257e+09]
[-2.02421600e-01  3.56522661e-03  1.69204257e+09]
[-2.64365605e-01  3.61454508e-03  1.69204257e+09]
[-2.92789487e-01  3.61454508e-03  1.69204257e+09]
[-3.08308367e-01  3.48302916e-03  1.69204257e+09]
[-3.24862935e-01  1.51550677e-02  1.69204257e+09]
[-3.42157281e-01  1.12739883e-01  1.69204257e+09]
[-3.62312098e-01  2.73090666e-01  1.69204257e+09]
[-4.10233218e-01  3.68193107e-01  1.69204257e+09]
[-4.74544511e-01  4.28230117e-01  1.69204257e+09]
[-4.99236628e-01  4.48236973e-01  1.69204257e+09]
[-5.02573844e-01  4.50933049e-01  1.69204257e+09]
[-5.24273974e-01  4.41628299e-01  1.69204257e+09]
[-5.35436389e-01  4.36433421e-01  1.69204257e+09]
[-5.40368237e-01  4.27457461e-01  1.69204257e+09]
[-5.34844567e-01  4.26619047e-01  1.69204257e+09]
[-5.33249937e-01  4.26536849e-01  1.69204257e+09]
[-5.24421929e-01  4.22591372e-01  1.69204257e+09]
[-5.10020934e-01  4.19451430e-01  1.69204257e+09]
[-4.92036130e-01  4.15193603e-01  1.69204257e+09]
[-4.80396970e-01  4.12037221e-01  1.69204257e+09]
[-4.67590605e-01  4.06069687e-01  1.69204257e+09]
[-4.60225713e-01  4.05050439e-01  1.69204257e+09]
[-4.48964661e-01  4.04524375e-01  1.69204257e+09]
[-4.40103775e-01  4.03751720e-01  1.69204257e+09]
[-4.31670315e-01  4.03061261e-01  1.69204257e+09]
[-4.26179525e-01  4.03817477e-01  1.69204257e+09]
[-4.20244868e-01  4.03225656e-01  1.69204257e+09]
[-4.13340282e-01  4.00085714e-01  1.69204257e+09]
[-4.06386376e-01  3.92309836e-01  1.69204257e+09]
[-4.00484599e-01  3.85602525e-01  1.69204257e+09]
[-3.95717146e-01  3.82528341e-01  1.69204257e+09]
[-3.86922018e-01  3.80654239e-01  1.69204257e+09]
[-3.83502603e-01  3.76856717e-01  1.69204257e+09]
[-3.82253202e-01  3.74571628e-01  1.69204257e+09]
[-3.63693016e-01  3.68867126e-01  1.69204257e+09]
[-3.53023785e-01  3.64642178e-01  1.69204257e+09]
[-3.49078307e-01  3.61781707e-01  1.69204257e+09]
[-3.47483676e-01  3.61650191e-01  1.69204257e+09]
[-3.41762733e-01  3.62570802e-01  1.69204257e+09]
[-3.37208994e-01  3.61272083e-01  1.69204257e+09]
[-3.38294000e-01  3.60022681e-01  1.69204257e+09]
[-3.44097141e-01  3.56553949e-01  1.69204257e+09]
[-3.49883842e-01  3.55616899e-01  1.69204257e+09]
[-3.47828906e-01  3.55912809e-01  1.69204257e+09]
[-3.43209409e-01  3.55008638e-01  1.69204257e+09]
[-3.36321261e-01  3.52838625e-01  1.69204257e+09]
[-3.31981236e-01  3.50043912e-01  1.69204257e+09]
[-3.27641210e-01  3.49156180e-01  1.69204257e+09]
[-3.23794368e-01  3.44586002e-01  1.69204257e+09]
[-3.14884164e-01  3.37960888e-01  1.69204257e+09]
[-3.06713736e-01  3.33127678e-01  1.69204257e+09]
[-3.02916214e-01  3.31122061e-01  1.69204257e+09]
[-2.99250207e-01  3.32404341e-01  1.69204257e+09]
[-2.94729347e-01  3.34409959e-01  1.69204257e+09]
[-2.93397748e-01  3.37089595e-01  1.69204257e+09]
[-2.94581391e-01  3.38158162e-01  1.69204257e+09]
[-3.00055742e-01  3.39128092e-01  1.69204257e+09]
[-2.94614270e-01  3.39473321e-01  1.69204257e+09]
[-2.99546118e-01  3.39078773e-01  1.69204257e+09]
[-2.95502003e-01  3.38684226e-01  1.69204257e+09]
[-2.97606258e-01  3.38980136e-01  1.69204257e+09]
[-2.95419805e-01  3.39045894e-01  1.69204257e+09]
[-2.96291098e-01  3.38273238e-01  1.69204257e+09]
[-2.90767429e-01  3.36711487e-01  1.69204257e+09]
[-2.89156359e-01  3.35823755e-01  1.69204257e+09]
[-2.87019225e-01  3.35642920e-01  1.69204257e+09]
[-2.85588989e-01  3.34738748e-01  1.69204257e+09]
[-2.84684817e-01  3.33834576e-01  1.69204257e+09]
[-2.83649129e-01  3.31927596e-01  1.69204257e+09]
[-2.83320339e-01  3.31713882e-01  1.69204257e+09]
[-2.81314721e-01  3.32174188e-01  1.69204257e+09]
[-2.78930995e-01  3.32996163e-01  1.69204257e+09]
[-2.76251358e-01  3.34146927e-01  1.69204257e+09]
[-2.79029632e-01  3.34903143e-01  1.69204257e+09]
[-2.81544874e-01  3.35494965e-01  1.69204257e+09]
[-2.76958256e-01  3.35840194e-01  1.69204257e+09]
[-2.76349995e-01  3.36234742e-01  1.69204257e+09]
[-2.75380065e-01  3.34311322e-01  1.69204257e+09]
[-2.79457059e-01  3.33538666e-01  1.69204257e+09]
[-2.77550078e-01  3.32124870e-01  1.69204257e+09]
[-2.78109020e-01  3.32009793e-01  1.69204257e+09]
[-2.75544460e-01  3.30168571e-01  1.69204257e+09]
[-2.73390886e-01  3.28228711e-01  1.69204257e+09]
[-2.72042848e-01  3.27423176e-01  1.69204257e+09]
