HokinLeft_Hand
Dev2/ai0 Dev2/ai1
[-5.51073169e-02  4.21815905e-02  1.69204258e+09]
[-6.14694000e-02  4.23295459e-02  1.69204258e+09]
[-6.76177697e-02  4.48941064e-02  1.69204258e+09]
[-8.17721717e-02  5.15027817e-02  1.69204258e+09]
[-9.93788669e-02  5.65661448e-02  1.69204258e+09]
[-9.83267395e-02  6.62325652e-02  1.69204258e+09]
[-9.33948921e-02  9.19439283e-02  1.69204258e+09]
[-7.95035219e-02  1.09862973e-01  1.69204258e+09]
[-4.40928578e-02  1.12328896e-01  1.69204258e+09]
[-2.83109464e-02  1.10619189e-01  1.69204258e+09]
[-8.45204125e-03  9.88320747e-02  1.69204258e+09]
