HokinLeft_Hand
Dev2/ai0 Dev2/ai1
[-1.55045829e-02  5.06479281e-02  1.69204258e+09]
[-7.06261966e-02  6.41940684e-02  1.69204258e+09]
[-1.72666120e-01  1.05161278e-01  1.69204258e+09]
[-2.55077292e-01  1.71626137e-01  1.69204258e+09]
[-2.91326372e-01  2.41296694e-01  1.69204258e+09]
[-3.24188916e-01  3.12002936e-01  1.69204258e+09]
[-3.38228242e-01  3.30974105e-01  1.69204258e+09]
[-3.46184957e-01  3.39489761e-01  1.69204258e+09]
[-3.53516970e-01  3.63113305e-01  1.69204258e+09]
[-3.72307309e-01  3.83070844e-01  1.69204258e+09]
[-4.21642225e-01  4.44439451e-01  1.69204258e+09]
[-4.87416633e-01  4.94810040e-01  1.69204258e+09]
[-5.08393425e-01  5.21261174e-01  1.69204258e+09]
[-5.21972445e-01  5.27672574e-01  1.69204258e+09]
[-5.18799623e-01  5.28856217e-01  1.69204258e+09]
[-5.10793590e-01  5.26176580e-01  1.69204258e+09]
[-5.09083883e-01  5.25584759e-01  1.69204258e+09]
[-5.05319240e-01  5.21474887e-01  1.69204258e+09]
[-5.02688921e-01  5.17743124e-01  1.69204258e+09]
[-5.03214985e-01  5.09539820e-01  1.69204258e+09]
[-5.07489253e-01  4.98213014e-01  1.69204258e+09]
[-5.08212590e-01  4.92787983e-01  1.69204258e+09]
[-5.04201354e-01  4.91555021e-01  1.69204258e+09]
[-4.98102303e-01  4.92212601e-01  1.69204258e+09]
[-4.91049761e-01  4.88563035e-01  1.69204258e+09]
[-4.84736996e-01  4.74441515e-01  1.69204258e+09]
[-4.65880898e-01  4.66682078e-01  1.69204258e+09]
[-4.42388864e-01  4.56851264e-01  1.69204258e+09]
[-4.35648672e-01  4.50982367e-01  1.69204258e+09]
[-4.27807035e-01  4.47135527e-01  1.69204258e+09]
[-4.26491875e-01  4.42877700e-01  1.69204258e+09]
[-4.25604143e-01  4.41940649e-01  1.69204258e+09]
[-4.19570849e-01  4.41644738e-01  1.69204258e+09]
[-4.21083282e-01  4.42220120e-01  1.69204258e+09]
[-4.20869569e-01  4.39524045e-01  1.69204258e+09]
[-4.20721614e-01  4.34148332e-01  1.69204258e+09]
[-4.17696747e-01  4.32109836e-01  1.69204258e+09]
[-4.17532352e-01  4.31435817e-01  1.69204258e+09]
[-4.14704759e-01  4.26356015e-01  1.69204258e+09]
[-4.07405625e-01  4.16410125e-01  1.69204258e+09]
[-4.02999841e-01  4.13714049e-01  1.69204258e+09]
[-4.01947714e-01  4.08683566e-01  1.69204258e+09]
[-3.97311777e-01  4.04573694e-01  1.69204258e+09]
[-3.91853865e-01  3.99099344e-01  1.69204258e+09]
[-3.87678234e-01  3.94496288e-01  1.69204258e+09]
[-3.86017846e-01  3.91602938e-01  1.69204258e+09]
[-3.83502603e-01  3.89580881e-01  1.69204258e+09]
[-3.78422800e-01  3.83481831e-01  1.69204258e+09]
[-3.73277239e-01  3.78681500e-01  1.69204258e+09]
[-3.66915156e-01  3.71924871e-01  1.69204258e+09]
[-3.61440805e-01  3.68176668e-01  1.69204258e+09]
[-3.55933575e-01  3.65464152e-01  1.69204258e+09]
[-3.53089543e-01  3.62472165e-01  1.69204258e+09]
[-3.49785205e-01  3.59381541e-01  1.69204258e+09]
[-3.47516555e-01  3.58033503e-01  1.69204258e+09]
[-3.49686568e-01  3.59743210e-01  1.69204258e+09]
[-3.51840142e-01  3.60532306e-01  1.69204258e+09]
[-3.53418333e-01  3.61173446e-01  1.69204258e+09]
[-3.53944397e-01  3.62126936e-01  1.69204258e+09]
[-3.54815690e-01  3.62669439e-01  1.69204258e+09]
[-3.55834938e-01  3.63754445e-01  1.69204258e+09]
[-3.56574716e-01  3.64066796e-01  1.69204258e+09]
[-3.57051461e-01  3.64099674e-01  1.69204258e+09]
[-3.56870626e-01  3.63507853e-01  1.69204258e+09]
[-3.56180168e-01  3.62307770e-01  1.69204258e+09]
[-3.56722671e-01  3.61370719e-01  1.69204258e+09]
[-3.54552658e-01  3.60055560e-01  1.69204258e+09]
[-3.51330518e-01  3.57178650e-01  1.69204258e+09]
[-3.45231466e-01  3.54186663e-01  1.69204258e+09]
[-3.43258727e-01  3.48350645e-01  1.69204258e+09]
[-3.41072275e-01  3.43122887e-01  1.69204258e+09]
[-3.39921510e-01  3.42169397e-01  1.69204258e+09]
[-3.39855752e-01  3.42711900e-01  1.69204258e+09]
[-3.39691357e-01  3.42744779e-01  1.69204258e+09]
[-3.37406268e-01  3.43500996e-01  1.69204258e+09]
[-3.36715809e-01  3.44010620e-01  1.69204258e+09]
[-3.37652860e-01  3.44799715e-01  1.69204258e+09]
[-3.36222624e-01  3.43714709e-01  1.69204258e+09]
[-3.35614363e-01  3.43007811e-01  1.69204258e+09]
[-3.33279955e-01  3.41824168e-01  1.69204258e+09]
[-3.31405853e-01  3.41955684e-01  1.69204258e+09]
[-3.28298789e-01  3.40492569e-01  1.69204258e+09]
[-3.28413866e-01  3.40607646e-01  1.69204258e+09]
[-3.29350917e-01  3.40426811e-01  1.69204258e+09]
[-3.29055006e-01  3.40393932e-01  1.69204258e+09]
[-3.30107133e-01  3.39555518e-01  1.69204258e+09]
