Hokin
Dev2/ai0 Dev2/ai1
[-7.31771638e-03  7.97101017e-03  1.69170018e+09]
[-7.41635332e-03  7.85593373e-03  1.69170018e+09]
[-7.53142976e-03  7.92169169e-03  1.69170018e+09]
[-7.77802212e-03  8.13540507e-03  1.69170018e+09]
[-8.09037245e-03  8.29979998e-03  1.69170018e+09]
[-8.28764634e-03  8.41487642e-03  1.69170018e+09]
[-8.48492023e-03  8.46419489e-03  1.69170018e+09]
[-8.61643616e-03  8.41487642e-03  1.69170018e+09]
[-1.91212709e-02  8.15184456e-03  1.69170018e+09]
[-7.68567638e-02  8.29979998e-03  1.69170018e+09]
[-1.45277927e-01  6.50789548e-03  1.69170018e+09]
[-1.74408706e-01  6.42569802e-03  1.69170018e+09]
[-1.96470504e-01  4.74886995e-03  1.69170018e+09]
[-1.93577153e-01  4.61735403e-03  1.69170018e+09]
[-1.81773598e-01  4.53515657e-03  1.69170018e+09]
[-1.57952775e-01  2.61530870e-02  1.69170019e+09]
[-5.65539921e-02  1.72152200e-01  1.69170019e+09]
[3.76250050e-03 2.96368982e-01 1.69170019e+09]
[5.43932857e-03 3.55962128e-01 1.69170019e+09]
[5.43932857e-03 3.64444904e-01 1.69170019e+09]
[5.52152603e-03 3.65546349e-01 1.69170019e+09]
[5.43932857e-03 3.68489018e-01 1.69170019e+09]
[5.43932857e-03 3.76758080e-01 1.69170019e+09]
[5.39001010e-03 3.79651430e-01 1.69170019e+09]
[5.43932857e-03 3.76675883e-01 1.69170019e+09]
[5.48864704e-03 3.72861922e-01 1.69170019e+09]
[5.42288908e-03 3.70198725e-01 1.69170019e+09]
[5.43932857e-03 3.67354693e-01 1.69170019e+09]
[5.50508653e-03 3.64510662e-01 1.69170019e+09]
[5.43932857e-03 3.60187076e-01 1.69170019e+09]
[5.52152603e-03 3.58181459e-01 1.69170019e+09]
[5.42288908e-03 3.54285300e-01 1.69170019e+09]
[5.43932857e-03 3.48827390e-01 1.69170019e+09]
[5.42288908e-03 3.35774436e-01 1.69170019e+09]
[5.48864704e-03 2.39734942e-01 1.69170019e+09]
[5.62016297e-03 7.80689984e-02 1.69170019e+09]
[5.65304195e-03 1.09136790e-02 1.69170019e+09]
[5.75167890e-03 5.53796552e-03 1.69170019e+09]
[5.68592093e-03 5.11053875e-03 1.69170019e+09]
[5.58728399e-03 4.89682537e-03 1.69170019e+09]
[5.70236043e-03 4.71599097e-03 1.69170019e+09]
[-5.91021133e-02  4.63379352e-03  1.69170019e+09]
[-1.09390517e-01  4.55159606e-03  1.69170019e+09]
[-1.31024888e-01  4.32144319e-03  1.69170019e+09]
[-1.31879741e-01  4.25568523e-03  1.69170019e+09]
[-1.32126334e-01  4.12416930e-03  1.69170019e+09]
[-1.29052149e-01  4.05841134e-03  1.69170019e+09]
[-1.09587791e-01  3.95977439e-03  1.69170019e+09]
[-7.06590756e-02  3.95977439e-03  1.69170019e+09]
[-5.57977755e-02  3.94333490e-03  1.69170019e+09]
[-2.61244941e-02  3.89401643e-03  1.69170019e+09]
[-8.36984380e-03  5.27493366e-03  1.69170019e+09]
[-5.06550612e-03  4.76530945e-03  1.69170019e+09]
[-9.55633387e-04  4.07485083e-03  1.69170019e+09]
[3.61454508e-03 4.00909286e-03 1.69170019e+09]
[4.12416930e-03 5.06122028e-03 1.69170019e+09]
[4.53515657e-03 1.70291696e-02 1.69170019e+09]
[5.12697824e-03 2.28323099e-02 1.69170019e+09]
[5.24205468e-03 2.59886921e-02 1.69170019e+09]
[5.52152603e-03 3.19891062e-02 1.69170019e+09]
[5.66948144e-03 3.73976987e-02 1.69170019e+09]
[5.63660246e-03 3.89758898e-02 1.69170019e+09]
[5.65304195e-03 3.70524694e-02 1.69170019e+09]
[5.75167890e-03 3.02300807e-02 1.69170019e+09]
[5.86675533e-03 1.89854690e-02 1.69170019e+09]
[4.73243046e-03 9.76291467e-03 1.69170019e+09]
[1.49385076e-03 7.51070442e-03 1.69170019e+09]
[9.18468576e-04 7.01751970e-03 1.69170019e+09]
[5.73239267e-04 7.44494646e-03 1.69170019e+09]
[-1.05427033e-03  8.11896558e-03  1.69170019e+09]
[-3.17496466e-03  7.95457067e-03  1.69170019e+09]
[-5.24634052e-03  8.05320762e-03  1.69170019e+09]
[-9.07674191e-03  6.26130311e-03  1.69170019e+09]
[-1.34989650e-02  4.97902283e-03  1.69170019e+09]
[-2.70122266e-02  4.86394639e-03  1.69170019e+09]
[-3.90294946e-02  4.83106741e-03  1.69170019e+09]
[-4.73314376e-02  4.78174894e-03  1.69170019e+09]
[-4.94028135e-02  4.83106741e-03  1.69170019e+09]
[-4.73149981e-02  4.66667250e-03  1.69170019e+09]
[-4.76766669e-02  4.63379352e-03  1.69170019e+09]
[-4.66902974e-02  4.63379352e-03  1.69170019e+09]
[-4.35010361e-02  4.53515657e-03  1.69170019e+09]
[-4.14954182e-02  4.51871708e-03  1.69170019e+09]
[-3.70403161e-02  4.51871708e-03  1.69170019e+09]
[-2.93795133e-02  4.43651963e-03  1.69170019e+09]
[-2.38229653e-02  4.40364065e-03  1.69170019e+09]
[-1.94171817e-02  4.45295912e-03  1.69170019e+09]
[-1.18550159e-02  4.43651963e-03  1.69170019e+09]
[-6.21627048e-03  4.42008014e-03  1.69170019e+09]
[-3.10920670e-03  4.38720115e-03  1.69170019e+09]
[2.57885716e-03 9.18753249e-03 1.69170019e+09]
[3.59810559e-03 1.67661378e-02 1.69170019e+09]
[4.20636676e-03 1.99553990e-02 1.69170019e+09]
[4.76530945e-03 2.03335073e-02 1.69170019e+09]
[3.97621388e-03 1.83278894e-02 1.69170019e+09]
[7.86952649e-04 1.52043861e-02 1.69170019e+09]
